r <5|H_so|48>
1.97    121.84
1.98    131.50
1.99    142.13
2.00    153.82
2.01    166.63
2.02    180.56
2.03    195.58
2.04    211.58
2.05    228.35
2.06    245.60
2.07    262.94
2.08    279.95
2.09    296.21
2.10    311.38
2.15    366.01
2.20    392.41
2.25    405.15
2.30    411.95
2.35    415.93
2.40    418.44
2.45    420.11
2.50    421.25
2.55    422.04
2.60    422.59
2.65    422.96
2.70    423.20
2.75    423.33
2.80    423.38
2.85    423.35
2.90    423.25
3.00    422.89
3.10    422.34
3.20    421.60
3.30    420.70
3.40    419.63
3.50    418.39
3.60    416.99
3.70    415.42
3.80    413.69
3.90    411.81
4.00    409.78
4.10    407.62
4.20    405.34
4.30    402.95
4.40    400.49
4.50    397.96
4.60    395.40
4.70    392.82
4.80    390.26
4.90    387.73
5.00    385.26
5.10    382.86
5.20    380.55
5.30    378.33
5.40    376.23
5.50    374.24
5.60    372.38
5.70    370.63
5.80    369.01
5.90    367.51
6.00    366.12
6.20    363.68
6.40    361.65
6.60    359.98
6.80    358.62
7.00    357.52
7.20    356.63
7.40    355.93
7.60    355.37
7.80    354.93
8.00    354.59
8.20    354.32
8.40    354.11
8.60    353.95
8.80    353.82
9.00    353.73
9.20    353.65
9.40    353.60
9.60    353.55
9.80    353.52
10.0    353.50
10.5    353.46
11.0    353.44
