r	<0|H_so|41>	<1|H_so|42>	<1|H_so|43>	<2|H_so|42>	<2|H_so|43>	<3|H_so|42>	<3|H_so|43>	<8|H_so|41>	<9|H_so|42>	<9|H_so|43>	<10|H_so|42>	<10|H_so|43>	<11|H_so|42>	<11|H_so|43>
1.97	-311.37	-43.1	-301.17	220.68	8.42	217.77	-79.78	-311.37	-43.1	-301.17	220.68	8.42	217.77	-79.78
1.98	-311.41	-47.83	-299.3	220.69	8.68	216.83	-86.57	-311.41	-47.83	-299.3	220.69	8.68	216.83	-86.57
1.99	-311.44	-53.09	-297.04	220.7	8.94	215.65	-94.09	-311.44	-53.09	-297.04	220.7	8.94	215.65	-94.09
2	-311.46	-58.94	-294.29	220.72	9.2	214.17	-102.39	-311.46	-58.94	-294.29	220.72	9.2	214.17	-102.39
2.01	-311.49	-65.41	-290.96	220.72	9.46	212.33	-111.51	-311.49	-65.41	-290.96	220.72	9.46	212.33	-111.51
2.02	-311.51	-72.51	-286.95	220.73	9.72	210.06	-121.47	-311.51	-72.51	-286.95	220.73	9.72	210.06	-121.47
2.03	-311.53	-80.24	-282.15	220.74	9.99	207.28	-132.25	-311.53	-80.24	-282.15	220.74	9.99	207.28	-132.25
2.04	-311.55	-88.55	-276.46	220.74	10.25	203.91	-143.77	-311.55	-88.55	-276.46	220.74	10.25	203.91	-143.77
2.05	-311.56	-97.35	-269.8	220.74	10.51	199.9	-155.89	-311.56	-97.35	-269.8	220.74	10.51	199.9	-155.89
2.06	-311.57	-106.48	-262.17	220.74	10.78	195.24	-168.4	-311.57	-106.48	-262.17	220.74	10.78	195.24	-168.4
2.07	-311.59	-115.75	-253.61	220.74	11.04	189.93	-181.02	-311.59	-115.75	-253.61	220.74	11.04	189.93	-181.02
2.08	-311.6	-124.93	-244.26	220.73	11.3	184.06	-193.45	-311.6	-124.93	-244.26	220.73	11.3	184.06	-193.45
2.09	-311.6	-133.8	-234.32	220.73	11.57	177.77	-205.36	-311.6	-133.8	-234.32	220.73	11.57	177.77	-205.36
2.1	-311.61	-142.16	-224.04	220.72	11.83	171.2	-216.51	-311.61	-142.16	-224.04	220.72	11.83	171.2	-216.51
2.15	-311.62	-173.15	-175.97	220.67	13.12	140.06	-257.02	-311.62	-173.15	-175.97	220.67	13.12	140.06	-257.02
2.2	-311.62	-188.83	-142.61	220.6	14.35	118.35	-276.81	-311.62	-188.83	-142.61	220.6	14.35	118.35	-276.81
2.25	-311.6	-196.66	-122	220.52	15.51	105.14	-286.37	-311.6	-196.66	-122	220.52	15.51	105.14	-286.37
2.3	-311.57	-200.88	-109.12	220.42	16.58	97.13	-291.39	-311.57	-200.88	-109.12	220.42	16.58	97.13	-291.39
2.35	-311.53	-203.33	-100.79	220.33	17.56	92.19	-294.24	-311.53	-203.33	-100.79	220.33	17.56	92.19	-294.24
2.4	-311.5	-204.82	-95.25	220.23	18.45	89.1	-295.95	-311.5	-204.82	-95.25	220.23	18.45	89.1	-295.95
2.45	-311.46	-205.76	-91.5	220.14	19.24	87.19	-297.01	-311.46	-205.76	-91.5	220.14	19.24	87.19	-297.01
2.5	-311.43	-206.34	-88.96	220.05	19.95	86.07	-297.67	-311.43	-206.34	-88.96	220.05	19.95	86.07	-297.67
2.55	-311.4	-206.68	-87.28	219.97	20.59	85.5	-298.05	-311.4	-206.68	-87.28	219.97	20.59	85.5	-298.05
2.6	-311.38	-206.85	-86.23	219.89	21.18	85.33	-298.26	-311.38	-206.85	-86.23	219.89	21.18	85.33	-298.26
2.65	-311.35	-206.89	-85.67	219.82	21.72	85.47	-298.32	-311.35	-206.89	-85.67	219.82	21.72	85.47	-298.32
2.7	-311.33	-206.83	-85.5	219.75	22.23	85.86	-298.28	-311.33	-206.83	-85.5	219.75	22.23	85.86	-298.28
2.75	-311.32	-206.68	-85.64	219.68	22.72	86.46	-298.15	-311.32	-206.68	-85.64	219.68	22.72	86.46	-298.15
2.8	-311.3	-206.45	-86.06	219.61	23.21	87.24	-297.95	-311.3	-206.45	-86.06	219.61	23.21	87.24	-297.95
2.85	-311.29	-206.16	-86.71	219.55	23.69	88.19	-297.67	-311.29	-206.16	-86.71	219.55	23.69	88.19	-297.67
2.9	-311.28	-205.8	-87.57	219.48	24.19	89.29	-297.33	-311.28	-205.8	-87.57	219.48	24.19	89.29	-297.33
3	-311.27	-204.9	-89.86	219.35	25.23	91.92	-296.47	-311.27	-204.9	-89.86	219.35	25.23	91.92	-296.47
3.1	-311.26	-203.75	-92.81	219.2	26.39	95.06	-295.37	-311.26	-203.75	-92.81	219.2	26.39	95.06	-295.37
3.2	-311.26	-202.35	-96.34	219.03	27.68	98.7	-294.02	-311.26	-202.35	-96.34	219.03	27.68	98.7	-294.02
3.3	-311.26	-200.69	-100.41	218.84	29.14	102.79	-292.4	-311.26	-200.69	-100.41	218.84	29.14	102.79	-292.4
3.4	-311.27	-198.76	-104.97	218.61	30.78	107.33	-290.51	-311.27	-198.76	-104.97	218.61	30.78	107.33	-290.51
3.5	-311.27	-196.52	-109.98	218.34	32.62	112.28	-288.32	-311.27	-196.52	-109.98	218.34	32.62	112.28	-288.32
3.6	-311.27	-193.98	-115.4	218.03	34.66	117.61	-285.81	-311.27	-193.98	-115.4	218.03	34.66	117.61	-285.81
3.7	-311.28	-191.09	-121.19	217.66	36.93	123.31	-282.96	-311.28	-191.09	-121.19	217.66	36.93	123.31	-282.96
3.8	-311.28	-187.86	-127.3	217.22	39.42	129.34	-279.75	-311.28	-187.86	-127.3	217.22	39.42	129.34	-279.75
3.9	-311.28	-184.25	-133.67	216.71	42.13	135.67	-276.18	-311.28	-184.25	-133.67	216.71	42.13	135.67	-276.18
4	-311.29	-180.27	-140.27	216.12	45.09	142.25	-272.21	-311.29	-180.27	-140.27	216.12	45.09	142.25	-272.21
4.1	-311.29	-175.89	-147.02	215.43	48.28	149.06	-267.85	-311.29	-175.89	-147.02	215.43	48.28	149.06	-267.85
4.2	-311.29	-171.11	-153.88	214.64	51.7	156.04	-263.08	-311.29	-171.11	-153.88	214.64	51.7	156.04	-263.08
4.3	-311.3	-165.94	-160.78	213.73	55.34	163.14	-257.92	-311.3	-165.94	-160.78	213.73	55.34	163.14	-257.92
4.4	-311.3	-160.38	-167.66	212.69	59.2	170.32	-252.37	-311.3	-160.38	-167.66	212.69	59.2	170.32	-252.37
4.5	-311.3	-154.46	-174.46	211.53	63.25	177.52	-246.44	-311.3	-154.46	-174.46	211.53	63.25	177.52	-246.44
4.6	-311.31	-148.19	-181.11	210.22	67.48	184.67	-240.16	-311.31	-148.19	-181.11	210.22	67.48	184.67	-240.16
4.7	-311.31	-141.61	-187.56	208.76	71.86	191.74	-233.56	-311.31	-141.61	-187.56	208.76	71.86	191.74	-233.56
4.8	-311.31	-134.77	-193.75	207.16	76.35	198.64	-226.68	-311.31	-134.77	-193.75	207.16	76.35	198.64	-226.68
4.9	-311.31	-127.72	-199.64	205.43	80.91	205.34	-219.59	-311.31	-127.72	-199.64	205.43	80.91	205.34	-219.59
5	-311.32	-120.51	-205.18	203.56	85.5	211.78	-212.32	-311.32	-120.51	-205.18	203.56	85.5	211.78	-212.32
5.1	-311.32	-113.22	-210.35	201.57	90.08	217.9	-204.96	-311.32	-113.22	-210.35	201.57	90.08	217.9	-204.96
5.2	-311.32	-105.92	-215.11	199.49	94.61	223.68	-197.56	-311.32	-105.92	-215.11	199.49	94.61	223.68	-197.56
5.3	-311.32	-98.67	-219.46	197.34	99.03	229.08	-190.21	-311.32	-98.67	-219.46	197.34	99.03	229.08	-190.21
5.4	-311.33	-91.54	-223.39	195.13	103.31	234.09	-182.96	-311.33	-91.54	-223.39	195.13	103.31	234.09	-182.96
5.5	-311.33	-84.59	-226.92	192.9	107.41	238.69	-175.88	-311.33	-84.59	-226.92	192.9	107.41	238.69	-175.88
5.6	-311.33	-77.89	-230.05	190.67	111.32	242.89	-169.03	-311.33	-77.89	-230.05	190.67	111.32	242.89	-169.03
5.7	-311.33	-71.46	-232.82	188.47	115.01	246.69	-162.45	-311.33	-71.46	-232.82	188.47	115.01	246.69	-162.45
5.8	-311.33	-65.36	-235.24	186.32	118.46	250.12	-156.19	-311.33	-65.36	-235.24	186.32	118.46	250.12	-156.19
5.9	-311.33	-59.59	-237.34	184.24	121.68	253.18	-150.26	-311.33	-59.59	-237.34	184.24	121.68	253.18	-150.26
6	-311.33	-54.19	-239.16	182.24	124.66	255.91	-144.69	-311.33	-54.19	-239.16	182.24	124.66	255.91	-144.69
6.2	-311.34	-44.48	-242.08	178.53	129.92	260.48	-134.65	-311.34	-44.48	-242.08	178.53	129.92	260.48	-134.65
6.4	-311.34	-36.2	-244.21	175.25	134.3	264.04	-126.07	-311.34	-36.2	-244.21	175.25	134.3	264.04	-126.07
6.6	-311.34	-29.25	-245.76	172.42	137.92	266.8	-118.84	-311.34	-29.25	-245.76	172.42	137.92	266.8	-118.84
6.8	-311.34	-23.5	-246.88	170.02	140.87	268.93	-112.84	-311.34	-23.5	-246.88	170.02	140.87	268.93	-112.84
7	-311.34	-18.78	-247.69	168	143.27	270.58	-107.91	-311.34	-18.78	-247.69	168	143.27	270.58	-107.91
7.2	-311.34	-14.94	-248.28	166.34	145.2	271.85	-103.89	-311.34	-14.94	-248.28	166.34	145.2	271.85	-103.89
7.4	-311.34	-11.84	-248.7	164.97	146.75	272.84	-100.64	-311.34	-11.84	-248.7	164.97	146.75	272.84	-100.64
7.6	-311.34	-9.35	-249.01	163.86	147.99	273.6	-98.02	-311.34	-9.35	-249.01	163.86	147.99	273.6	-98.02
7.8	-311.35	-7.36	-249.24	162.97	148.97	274.2	-95.93	-311.35	-7.36	-249.24	162.97	148.97	274.2	-95.93
8	-311.35	-5.78	-249.41	162.24	149.76	274.66	-94.26	-311.35	-5.78	-249.41	162.24	149.76	274.66	-94.26
8.2	-311.35	-4.53	-249.53	161.67	150.38	275.02	-92.94	-311.35	-4.53	-249.53	161.67	150.38	275.02	-92.94
8.4	-311.35	-3.54	-249.62	161.21	150.88	275.3	-91.89	-311.35	-3.54	-249.62	161.21	150.88	275.3	-91.89
8.6	-311.35	-2.76	-249.69	160.84	151.26	275.52	-91.06	-311.35	-2.76	-249.69	160.84	151.26	275.52	-91.06
8.8	-311.35	-2.14	-249.74	160.55	151.57	275.69	-90.42	-311.35	-2.14	-249.74	160.55	151.57	275.69	-90.42
9	-311.35	-1.66	-249.78	160.33	151.81	275.83	-89.91	-311.35	-1.66	-249.78	160.33	151.81	275.83	-89.91
9.2	-311.35	-1.29	-249.81	160.15	152	275.93	-89.51	-311.35	-1.29	-249.81	160.15	152	275.93	-89.51
9.4	-311.35	-1	-249.84	160.01	152.15	276.01	-89.2	-311.35	-1	-249.84	160.01	152.15	276.01	-89.2
9.6	-311.35	-0.77	-249.85	159.9	152.26	276.08	-88.96	-311.35	-0.77	-249.85	159.9	152.26	276.08	-88.96
9.8	-311.35	-0.59	-249.87	159.81	152.35	276.13	-88.77	-311.35	-0.59	-249.87	159.81	152.35	276.13	-88.77
10	-311.35	-0.45	-249.88	159.74	152.42	276.16	-88.62	-311.35	-0.45	-249.88	159.74	152.42	276.16	-88.62
10.5	-311.35	-0.23	-249.89	159.63	152.54	276.23	-88.39	-311.35	-0.23	-249.89	159.63	152.54	276.23	-88.39
11	-311.35	-0.12	-249.9	159.58	152.6	276.26	-88.27	-311.35	-0.12	-249.9	159.58	152.6	276.26	-88.27
