r	<0|H_so|15>	<1|H_so|16>	<1|H_so|17>	<2|H_so|16>	<2|H_so|17>	<3|H_so|16>	<3|H_so|17>	<4|H_so|12>	<4|H_so|18>	<5|H_so|13>	<5|H_so|14>	<5|H_so|19>	<5|H_so|20>	<6|H_so|13>	<6|H_so|14>	<6|H_so|19>	<6|H_so|20>	<7|H_so|13>	<7|H_so|14>	<7|H_so|19>	<7|H_so|20>	<8|H_so|15>	<9|H_so|16>	<9|H_so|17>	<10|H_so|16>	<10|H_so|17>	<11|H_so|16>	<11|H_so|17>
1.97	-311.91	44.37	303.99	-220.12	-18.6	-216.16	70.41	311.91	-311.91	-44.37	-303.99	44.37	303.99	220.12	18.6	-220.12	-18.6	216.16	-70.41	-216.16	70.41	311.91	-44.37	-303.99	220.12	18.6	216.16	-70.41
1.98	-311.94	48.9	302.36	-220.11	-18.98	-215.22	77.15	311.94	-311.94	-48.9	-302.36	48.9	302.36	220.11	18.98	-220.11	-18.98	215.22	-77.15	-215.22	77.15	311.94	-48.9	-302.36	220.11	18.98	215.22	-77.15
1.99	-311.97	53.97	300.37	-220.1	-19.36	-214.04	84.63	311.97	-311.97	-53.97	-300.37	53.97	300.37	220.1	19.36	-220.1	-19.36	214.04	-84.63	-214.04	84.63	311.97	-53.97	-300.37	220.1	19.36	214.04	-84.63
2	-311.99	59.62	297.93	-220.09	-19.74	-212.57	92.91	311.99	-311.99	-59.62	-297.93	59.62	297.93	220.09	19.74	-220.09	-19.74	212.57	-92.91	-212.57	92.91	311.99	-59.62	-297.93	220.09	19.74	212.57	-92.91
2.01	-312.01	65.88	294.94	-220.08	-20.13	-210.75	102.04	312.01	-312.01	-65.88	-294.94	65.88	294.94	220.08	20.13	-220.08	-20.13	210.75	-102.04	-210.75	102.04	312.01	-65.88	-294.94	220.08	20.13	210.75	-102.04
2.02	-312.03	72.78	291.31	-220.06	-20.52	-208.51	112.03	312.03	-312.03	-72.78	-291.31	72.78	291.31	220.06	20.52	-220.06	-20.52	208.51	-112.03	-208.51	112.03	312.03	-72.78	-291.31	220.06	20.52	208.51	-112.03
2.03	-312.04	80.29	286.91	-220.04	-20.91	-205.76	122.87	312.04	-312.04	-80.29	-286.91	80.29	286.91	220.04	20.91	-220.04	-20.91	205.76	-122.87	-205.76	122.87	312.04	-80.29	-286.91	220.04	20.91	205.76	-122.87
2.04	-312.06	88.39	281.66	-220.02	-21.3	-202.45	134.48	312.06	-312.06	-88.39	-281.66	88.39	281.66	220.02	21.3	-220.02	-21.3	202.45	-134.48	-202.45	134.48	312.06	-88.39	-281.66	220.02	21.3	202.45	-134.48
2.05	-312.07	96.98	275.47	-220	-21.69	-198.51	146.74	312.07	-312.07	-96.98	-275.47	96.98	275.47	220	21.69	-220	-21.69	198.51	-146.74	-198.51	146.74	312.07	-96.98	-275.47	220	21.69	198.51	-146.74
2.06	-312.08	105.9	268.33	-219.97	-22.08	-193.94	159.41	312.08	-312.08	-105.9	-268.33	105.9	268.33	219.97	22.08	-219.97	-22.08	193.94	-159.41	-193.94	159.41	312.08	-105.9	-268.33	219.97	22.08	193.94	-159.41
2.07	-312.09	114.97	260.28	-219.94	-22.48	-188.74	172.24	312.09	-312.09	-114.97	-260.28	114.97	260.28	219.94	22.48	-219.94	-22.48	188.74	-172.24	-188.74	172.24	312.09	-114.97	-260.28	219.94	22.48	188.74	-172.24
2.08	-312.1	123.95	251.44	-219.91	-22.87	-182.99	184.91	312.1	-312.1	-123.95	-251.44	123.95	251.44	219.91	22.87	-219.91	-22.87	182.99	-184.91	-182.99	184.91	312.1	-123.95	-251.44	219.91	22.87	182.99	-184.91
2.09	-312.11	132.64	241.99	-219.88	-23.26	-176.83	197.09	312.11	-312.11	-132.64	-241.99	132.64	241.99	219.88	23.26	-219.88	-23.26	176.83	-197.09	-176.83	197.09	312.11	-132.64	-241.99	219.88	23.26	176.83	-197.09
2.1	-312.11	140.82	232.2	-219.84	-23.66	-170.42	208.53	312.11	-312.11	-140.82	-232.2	140.82	232.2	219.84	23.66	-219.84	-23.66	170.42	-208.53	-170.42	208.53	312.11	-140.82	-232.2	219.84	23.66	170.42	-208.53
2.15	-312.12	171.16	186.09	-219.65	-25.59	-140.14	250.47	312.12	-312.12	-171.16	-186.09	171.16	186.09	219.65	25.59	-219.65	-25.59	140.14	-250.47	-140.14	250.47	312.12	-171.16	-186.09	219.65	25.59	140.14	-250.47
2.2	-312.11	186.44	154.02	-219.43	-27.47	-119.28	271.27	312.11	-312.11	-186.44	-154.02	186.44	154.02	219.43	27.47	-219.43	-27.47	119.28	-271.27	-119.28	271.27	312.11	-186.44	-154.02	219.43	27.47	119.28	-271.27
2.25	-312.09	193.97	134.34	-219.2	-29.26	-106.84	281.41	312.09	-312.09	-193.97	-134.34	193.97	134.34	219.2	29.26	-219.2	-29.26	106.84	-281.41	-106.84	281.41	312.09	-193.97	-134.34	219.2	29.26	106.84	-281.41
2.3	-312.06	197.95	122.22	-218.95	-30.93	-99.52	286.76	312.06	-312.06	-197.95	-122.22	197.95	122.22	218.95	30.93	-218.95	-30.93	99.52	-286.76	-99.52	286.76	312.06	-197.95	-122.22	218.95	30.93	99.52	-286.76
2.35	-312.02	200.19	114.55	-218.71	-32.49	-95.18	289.78	312.02	-312.02	-200.19	-114.55	200.19	114.55	218.71	32.49	-218.71	-32.49	95.18	-289.78	-95.18	289.78	312.02	-200.19	-114.55	218.71	32.49	95.18	-289.78
2.4	-311.99	201.49	109.59	-218.47	-33.92	-92.63	291.57	311.99	-311.99	-201.49	-109.59	201.49	109.59	218.47	33.92	-218.47	-33.92	92.63	-291.57	-92.63	291.57	311.99	-201.49	-109.59	218.47	33.92	92.63	-291.57
2.45	-311.96	202.24	106.38	-218.23	-35.23	-91.19	292.63	311.96	-311.96	-202.24	-106.38	202.24	106.38	218.23	35.23	-218.23	-35.23	91.19	-292.63	-91.19	292.63	311.96	-202.24	-106.38	218.23	35.23	91.19	-292.63
2.5	-311.92	202.65	104.34	-218.01	-36.44	-90.49	293.26	311.92	-311.92	-202.65	-104.34	202.65	104.34	218.01	36.44	-218.01	-36.44	90.49	-293.26	-90.49	293.26	311.92	-202.65	-104.34	218.01	36.44	90.49	-293.26
2.55	-311.9	202.82	103.14	-217.8	-37.55	-90.29	293.58	311.9	-311.9	-202.82	-103.14	202.82	103.14	217.8	37.55	-217.8	-37.55	90.29	-293.58	-90.29	293.58	311.9	-202.82	-103.14	217.8	37.55	90.29	-293.58
2.6	-311.87	202.83	102.54	-217.59	-38.6	-90.45	293.7	311.87	-311.87	-202.83	-102.54	202.83	102.54	217.59	38.6	-217.59	-38.6	90.45	-293.7	-90.45	293.7	311.87	-202.83	-102.54	217.59	38.6	90.45	-293.7
2.65	-311.85	202.71	102.4	-217.39	-39.59	-90.89	293.66	311.85	-311.85	-202.71	-102.4	202.71	102.4	217.39	39.59	-217.39	-39.59	90.89	-293.66	-90.89	293.66	311.85	-202.71	-102.4	217.39	39.59	90.89	-293.66
2.7	-311.83	202.48	102.65	-217.2	-40.54	-91.57	293.49	311.83	-311.83	-202.48	-102.65	202.48	102.65	217.2	40.54	-217.2	-40.54	91.57	-293.49	-91.57	293.49	311.83	-202.48	-102.65	217.2	40.54	91.57	-293.49
2.75	-311.82	202.16	103.2	-217.01	-41.46	-92.43	293.22	311.82	-311.82	-202.16	-103.2	202.16	103.2	217.01	41.46	-217.01	-41.46	92.43	-293.22	-92.43	293.22	311.82	-202.16	-103.2	217.01	41.46	92.43	-293.22
2.8	-311.81	201.77	104.01	-216.82	-42.38	-93.47	292.86	311.81	-311.81	-201.77	-104.01	201.77	104.01	216.82	42.38	-216.82	-42.38	93.47	-292.86	-93.47	292.86	311.81	-201.77	-104.01	216.82	42.38	93.47	-292.86
2.85	-311.8	201.29	105.06	-216.62	-43.29	-94.67	292.42	311.8	-311.8	-201.29	-105.06	201.29	105.06	216.62	43.29	-216.62	-43.29	94.67	-292.42	-94.67	292.42	311.8	-201.29	-105.06	216.62	43.29	94.67	-292.42
2.9	-311.79	200.74	106.32	-216.42	-44.22	-96.03	291.89	311.79	-311.79	-200.74	-106.32	200.74	106.32	216.42	44.22	-216.42	-44.22	96.03	-291.89	-96.03	291.89	311.79	-200.74	-106.32	216.42	44.22	96.03	-291.89
3	-311.79	199.42	109.39	-216	-46.14	-99.16	290.6	311.79	-311.79	-199.42	-109.39	199.42	109.39	216	46.14	-216	-46.14	99.16	-290.6	-99.16	290.6	311.79	-199.42	-109.39	216	46.14	99.16	-290.6
3.1	-311.79	197.79	113.12	-215.54	-48.19	-102.85	289.01	311.79	-311.79	-197.79	-113.12	197.79	113.12	215.54	48.19	-215.54	-48.19	102.85	-289.01	-102.85	289.01	311.79	-197.79	-113.12	215.54	48.19	102.85	-289.01
3.2	-311.8	195.84	117.43	-215.03	-50.4	-107.06	287.09	311.8	-311.8	-195.84	-117.43	195.84	117.43	215.03	50.4	-215.03	-50.4	107.06	-287.09	-107.06	287.09	311.8	-195.84	-117.43	215.03	50.4	107.06	-287.09
3.3	-311.82	193.56	122.28	-214.45	-52.79	-111.78	284.82	311.82	-311.82	-193.56	-122.28	193.56	122.28	214.45	52.79	-214.45	-52.79	111.78	-284.82	-111.78	284.82	311.82	-193.56	-122.28	214.45	52.79	111.78	-284.82
3.4	-311.83	190.91	127.6	-213.79	-55.37	-116.97	282.2	311.83	-311.83	-190.91	-127.6	190.91	127.6	213.79	55.37	-213.79	-55.37	116.97	-282.2	-116.97	282.2	311.83	-190.91	-127.6	213.79	55.37	116.97	-282.2
3.5	-311.85	187.89	133.34	-213.05	-58.16	-122.59	279.2	311.85	-311.85	-187.89	-133.34	187.89	133.34	213.05	58.16	-213.05	-58.16	122.59	-279.2	-122.59	279.2	311.85	-187.89	-133.34	213.05	58.16	122.59	-279.2
3.6	-311.86	184.46	139.45	-212.21	-61.15	-128.62	275.79	311.86	-311.86	-184.46	-139.45	184.46	139.45	212.21	61.15	-212.21	-61.15	128.62	-275.79	-128.62	275.79	311.86	-184.46	-139.45	212.21	61.15	128.62	-275.79
3.7	-311.88	180.6	145.87	-211.27	-64.35	-135.01	271.97	311.88	-311.88	-180.6	-145.87	180.6	145.87	211.27	64.35	-211.27	-64.35	135.01	-271.97	-135.01	271.97	311.88	-180.6	-145.87	211.27	64.35	135.01	-271.97
3.8	-311.9	176.32	152.53	-210.21	-67.74	-141.69	267.71	311.9	-311.9	-176.32	-152.53	176.32	152.53	210.21	67.74	-210.21	-67.74	141.69	-267.71	-141.69	267.71	311.9	-176.32	-152.53	210.21	67.74	141.69	-267.71
3.9	-311.91	171.6	159.38	-209.02	-71.3	-148.61	263.02	311.91	-311.91	-171.6	-159.38	171.6	159.38	209.02	71.3	-209.02	-71.3	148.61	-263.02	-148.61	263.02	311.91	-171.6	-159.38	209.02	71.3	148.61	-263.02
4	-311.92	166.43	166.33	-207.71	-75.04	-155.71	257.9	311.92	-311.92	-166.43	-166.33	166.43	166.33	207.71	75.04	-207.71	-75.04	155.71	-257.9	-155.71	257.9	311.92	-166.43	-166.33	207.71	75.04	155.71	-257.9
4.1	-311.93	160.85	173.31	-206.27	-78.92	-162.91	252.36	311.93	-311.93	-160.85	-173.31	160.85	173.31	206.27	78.92	-206.27	-78.92	162.91	-252.36	-162.91	252.36	311.93	-160.85	-173.31	206.27	78.92	162.91	-252.36
4.2	-311.94	154.86	180.25	-204.7	-82.92	-170.13	246.42	311.94	-311.94	-154.86	-180.25	154.86	180.25	204.7	82.92	-204.7	-82.92	170.13	-246.42	-170.13	246.42	311.94	-154.86	-180.25	204.7	82.92	170.13	-246.42
4.3	-311.95	148.51	187.08	-203	-87.01	-177.31	240.12	311.95	-311.95	-148.51	-187.08	148.51	187.08	203	87.01	-203	-87.01	177.31	-240.12	-177.31	240.12	311.95	-148.51	-187.08	203	87.01	177.31	-240.12
4.4	-311.96	141.83	193.72	-201.17	-91.16	-184.37	233.49	311.96	-311.96	-141.83	-193.72	141.83	193.72	201.17	91.16	-201.17	-91.16	184.37	-233.49	-184.37	233.49	311.96	-141.83	-193.72	201.17	91.16	184.37	-233.49
4.5	-311.96	134.89	200.11	-199.22	-95.34	-191.24	226.6	311.96	-311.96	-134.89	-200.11	134.89	200.11	199.22	95.34	-199.22	-95.34	191.24	-226.6	-191.24	226.6	311.96	-134.89	-200.11	199.22	95.34	191.24	-226.6
4.6	-311.97	127.74	206.19	-197.18	-99.51	-197.86	219.51	311.97	-311.97	-127.74	-206.19	127.74	206.19	197.18	99.51	-197.18	-99.51	197.86	-219.51	-197.86	219.51	311.97	-127.74	-206.19	197.18	99.51	197.86	-219.51
4.7	-311.97	120.45	211.93	-195.05	-103.63	-204.17	212.28	311.97	-311.97	-120.45	-211.93	120.45	211.93	195.05	103.63	-195.05	-103.63	204.17	-212.28	-204.17	212.28	311.97	-120.45	-211.93	195.05	103.63	204.17	-212.28
4.8	-311.98	113.09	217.27	-192.85	-107.67	-210.14	204.97	311.98	-311.98	-113.09	-217.27	113.09	217.27	192.85	107.67	-192.85	-107.67	210.14	-204.97	-210.14	204.97	311.98	-113.09	-217.27	192.85	107.67	210.14	-204.97
4.9	-311.98	105.74	222.21	-190.6	-111.6	-215.72	197.68	311.98	-311.98	-105.74	-222.21	105.74	222.21	190.6	111.6	-190.6	-111.6	215.72	-197.68	-215.72	197.68	311.98	-105.74	-222.21	190.6	111.6	215.72	-197.68
5	-311.99	98.48	226.73	-188.34	-115.38	-220.9	190.46	311.99	-311.99	-98.48	-226.73	98.48	226.73	188.34	115.38	-188.34	-115.38	220.9	-190.46	-220.9	190.46	311.99	-98.48	-226.73	188.34	115.38	220.9	-190.46
5.1	-311.99	91.36	230.82	-186.07	-119	-225.67	183.38	311.99	-311.99	-91.36	-230.82	91.36	230.82	186.07	119	-186.07	-119	225.67	-183.38	-225.67	183.38	311.99	-91.36	-230.82	186.07	119	225.67	-183.38
5.2	-311.99	84.44	234.5	-183.83	-122.44	-230.02	176.49	311.99	-311.99	-84.44	-234.5	84.44	234.5	183.83	122.44	-183.83	-122.44	230.02	-176.49	-230.02	176.49	311.99	-84.44	-234.5	183.83	122.44	230.02	-176.49
5.3	-311.99	77.77	237.79	-181.63	-125.68	-233.96	169.86	311.99	-311.99	-77.77	-237.79	77.77	237.79	181.63	125.68	-181.63	-125.68	233.96	-169.86	-233.96	169.86	311.99	-77.77	-237.79	181.63	125.68	233.96	-169.86
5.4	-312	71.4	240.7	-179.49	-128.72	-237.52	163.51	312	-312	-71.4	-240.7	71.4	240.7	179.49	128.72	-179.49	-128.72	237.52	-163.51	-237.52	163.51	312	-71.4	-240.7	179.49	128.72	237.52	-163.51
5.5	-312	65.35	243.26	-177.43	-131.54	-240.7	157.48	312	-312	-65.35	-243.26	65.35	243.26	177.43	131.54	-177.43	-131.54	240.7	-157.48	-240.7	157.48	312	-65.35	-243.26	177.43	131.54	240.7	-157.48
5.6	-312	59.64	245.51	-175.46	-134.16	-243.55	151.79	312	-312	-59.64	-245.51	59.64	245.51	175.46	134.16	-175.46	-134.16	243.55	-151.79	-243.55	151.79	312	-59.64	-245.51	175.46	134.16	243.55	-151.79
5.7	-312	54.29	247.47	-173.58	-136.58	-246.07	146.45	312	-312	-54.29	-247.47	54.29	247.47	173.58	136.58	-173.58	-136.58	246.07	-146.45	-246.07	146.45	312	-54.29	-247.47	173.58	136.58	246.07	-146.45
5.8	-312	49.3	249.17	-171.81	-138.8	-248.31	141.46	312	-312	-49.3	-249.17	49.3	249.17	171.81	138.8	-171.81	-138.8	248.31	-141.46	-248.31	141.46	312	-49.3	-249.17	171.81	138.8	248.31	-141.46
5.9	-312	44.67	250.65	-170.15	-140.84	-250.28	136.84	312	-312	-44.67	-250.65	44.67	250.65	170.15	140.84	-170.15	-140.84	250.28	-136.84	-250.28	136.84	312	-44.67	-250.65	170.15	140.84	250.28	-136.84
6	-312	40.4	251.93	-168.6	-142.69	-252.03	132.56	312	-312	-40.4	-251.93	40.4	251.93	168.6	142.69	-168.6	-142.69	252.03	-132.56	-252.03	132.56	312	-40.4	-251.93	168.6	142.69	252.03	-132.56
6.2	-312	32.85	253.98	-165.82	-145.91	-254.91	125	312	-312	-32.85	-253.98	32.85	253.98	165.82	145.91	-165.82	-145.91	254.91	-125	-254.91	125	312	-32.85	-253.98	165.82	145.91	254.91	-125
6.4	-312.01	26.54	255.49	-163.46	-148.56	-257.15	118.68	312.01	-312.01	-26.54	-255.49	26.54	255.49	163.46	148.56	-163.46	-148.56	257.15	-118.68	-257.15	118.68	312.01	-26.54	-255.49	163.46	148.56	257.15	-118.68
6.6	-312.01	21.32	256.62	-161.47	-150.71	-258.87	113.44	312.01	-312.01	-21.32	-256.62	21.32	256.62	161.47	150.71	-161.47	-150.71	258.87	-113.44	-258.87	113.44	312.01	-21.32	-256.62	161.47	150.71	258.87	-113.44
6.8	-312.01	17.04	257.45	-159.82	-152.46	-260.21	109.15	312.01	-312.01	-17.04	-257.45	17.04	257.45	159.82	152.46	-159.82	-152.46	260.21	-109.15	-260.21	109.15	312.01	-17.04	-257.45	159.82	152.46	260.21	-109.15
7	-312.01	13.56	258.07	-158.46	-153.87	-261.24	105.65	312.01	-312.01	-13.56	-258.07	13.56	258.07	158.46	153.87	-158.46	-153.87	261.24	-105.65	-261.24	105.65	312.01	-13.56	-258.07	158.46	153.87	261.24	-105.65
7.2	-312.01	10.74	258.52	-157.35	-155.01	-262.04	102.83	312.01	-312.01	-10.74	-258.52	10.74	258.52	157.35	155.01	-157.35	-155.01	262.04	-102.83	-262.04	102.83	312.01	-10.74	-258.52	157.35	155.01	262.04	-102.83
7.4	-312.01	8.48	258.87	-156.45	-155.92	-262.67	100.56	312.01	-312.01	-8.48	-258.87	8.48	258.87	156.45	155.92	-156.45	-155.92	262.67	-100.56	-262.67	100.56	312.01	-8.48	-258.87	156.45	155.92	262.67	-100.56
7.6	-312.01	6.68	259.12	-155.72	-156.65	-263.16	98.74	312.01	-312.01	-6.68	-259.12	6.68	259.12	155.72	156.65	-155.72	-156.65	263.16	-98.74	-263.16	98.74	312.01	-6.68	-259.12	155.72	156.65	263.16	-98.74
7.8	-312.01	5.24	259.32	-155.14	-157.22	-263.54	97.29	312.01	-312.01	-5.24	-259.32	5.24	259.32	155.14	157.22	-155.14	-157.22	263.54	-97.29	-263.54	97.29	312.01	-5.24	-259.32	155.14	157.22	263.54	-97.29
8	-312.01	4.1	259.46	-154.67	-157.68	-263.84	96.14	312.01	-312.01	-4.1	-259.46	4.1	259.46	154.67	157.68	-154.67	-157.68	263.84	-96.14	-263.84	96.14	312.01	-4.1	-259.46	154.67	157.68	263.84	-96.14
8.2	-312.01	3.2	259.57	-154.3	-158.05	-264.07	95.24	312.01	-312.01	-3.2	-259.57	3.2	259.57	154.3	158.05	-154.3	-158.05	264.07	-95.24	-264.07	95.24	312.01	-3.2	-259.57	154.3	158.05	264.07	-95.24
8.4	-312.01	2.49	259.65	-154.01	-158.33	-264.26	94.52	312.01	-312.01	-2.49	-259.65	2.49	259.65	154.01	158.33	-154.01	-158.33	264.26	-94.52	-264.26	94.52	312.01	-2.49	-259.65	154.01	158.33	264.26	-94.52
8.6	-312.01	1.94	259.72	-153.77	-158.56	-264.4	93.96	312.01	-312.01	-1.94	-259.72	1.94	259.72	153.77	158.56	-153.77	-158.56	264.4	-93.96	-264.4	93.96	312.01	-1.94	-259.72	153.77	158.56	264.4	-93.96
8.8	-312.01	1.5	259.76	-153.59	-158.74	-264.51	93.52	312.01	-312.01	-1.5	-259.76	1.5	259.76	153.59	158.74	-153.59	-158.74	264.51	-93.52	-264.51	93.52	312.01	-1.5	-259.76	153.59	158.74	264.51	-93.52
9	-312.01	1.16	259.8	-153.45	-158.88	-264.6	93.18	312.01	-312.01	-1.16	-259.8	1.16	259.8	153.45	158.88	-153.45	-158.88	264.6	-93.18	-264.6	93.18	312.01	-1.16	-259.8	153.45	158.88	264.6	-93.18
9.2	-312.01	0.9	259.83	-153.33	-158.98	-264.67	92.91	312.01	-312.01	-0.9	-259.83	0.9	259.83	153.33	158.98	-153.33	-158.98	264.67	-92.91	-264.67	92.91	312.01	-0.9	-259.83	153.33	158.98	264.67	-92.91
9.4	-312.01	0.69	259.85	-153.24	-159.07	-264.72	92.71	312.01	-312.01	-0.69	-259.85	0.69	259.85	153.24	159.07	-153.24	-159.07	264.72	-92.71	-264.72	92.71	312.01	-0.69	-259.85	153.24	159.07	264.72	-92.71
9.6	-312.01	0.53	259.86	-153.18	-159.14	-264.76	92.54	312.01	-312.01	-0.53	-259.86	0.53	259.86	153.18	159.14	-153.18	-159.14	264.76	-92.54	-264.76	92.54	312.01	-0.53	-259.86	153.18	159.14	264.76	-92.54
9.8	-312.01	0.41	259.88	-153.12	-159.19	-264.79	92.42	312.01	-312.01	-0.41	-259.88	0.41	259.88	153.12	159.19	-153.12	-159.19	264.79	-92.42	-264.79	92.42	312.01	-0.41	-259.88	153.12	159.19	264.79	-92.42
10	-312.01	0.31	259.89	-153.08	-159.23	-264.82	92.32	312.01	-312.01	-0.31	-259.89	0.31	259.89	153.08	159.23	-153.08	-159.23	264.82	-92.32	-264.82	92.32	312.01	-0.31	-259.89	153.08	159.23	264.82	-92.32
10.5	-312.01	0.16	259.9	-153.01	-159.29	-264.86	92.17	312.01	-312.01	-0.16	-259.9	0.16	259.9	153.01	159.29	-153.01	-159.29	264.86	-92.17	-264.86	92.17	312.01	-0.16	-259.9	153.01	159.29	264.86	-92.17
11	-312.01	0.08	259.91	-152.98	-159.33	-264.88	92.09	312.01	-312.01	-0.08	-259.91	0.08	259.91	152.98	159.33	-152.98	-159.33	264.88	-92.09	-264.88	92.09	312.01	-0.08	-259.91	152.98	159.33	264.88	-92.09