r	<0|H_so|0>	<1|H_so|1>	<2|H_so|2>	<3|H_so|3>	<4|H_so|4>	<5|H_so|5>	<6|H_so|6>	<7|H_so|7>	<8|H_so|8>	<9|H_so|9>	<10|H_so|10>	<11|H_so|11>
1.97	96378.12	106969.17	110075.75	109175.3	96378.12	106969.17	110075.75	109175.3	96378.12	106969.17	110075.75	109175.3
1.98	96315.75	106934.28	109877.64	108988.9	96315.75	106934.28	109877.64	108988.9	96315.75	106934.28	109877.64	108988.9
1.99	96255.81	106900.06	109687.33	108811.82	96255.81	106900.06	109687.33	108811.82	96255.81	106900.06	109687.33	108811.82
2	96198.2	106866.13	109504.51	108644.03	96198.2	106866.13	109504.51	108644.03	96198.2	106866.13	109504.51	108644.03
2.01	96142.82	106832.06	109328.93	108485.58	96142.82	106832.06	109328.93	108485.58	96142.82	106832.06	109328.93	108485.58
2.02	96089.58	106797.41	109160.33	108336.57	96089.58	106797.41	109160.33	108336.57	96089.58	106797.41	109160.33	108336.57
2.03	96038.38	106761.63	108998.43	108197.12	96038.38	106761.63	108998.43	108197.12	96038.38	106761.63	108998.43	108197.12
2.04	95989.12	106724.2	108843	108067.44	95989.12	106724.2	108843	108067.44	95989.12	106724.2	108843	108067.44
2.05	95941.74	106684.55	108693.81	107947.77	95941.74	106684.55	108693.81	107947.77	95941.74	106684.55	108693.81	107947.77
2.06	95896.13	106642.14	108550.65	107838.38	95896.13	106642.14	108550.65	107838.38	95896.13	106642.14	108550.65	107838.38
2.07	95852.25	106596.5	108413.22	107739.3	95852.25	106596.5	108413.22	107739.3	95852.25	106596.5	108413.22	107739.3
2.08	95810.02	106547.31	108281.37	107650.66	95810.02	106547.31	108281.37	107650.66	95810.02	106547.31	108281.37	107650.66
2.09	95769.38	106494.38	108154.88	107572.34	95769.38	106494.38	108154.88	107572.34	95769.38	106494.38	108154.88	107572.34
2.1	95730.22	106437.8	108033.55	107503.98	95730.22	106437.8	108033.55	107503.98	95730.22	106437.8	108033.55	107503.98
2.15	95554.78	106115.89	107497.68	107286.74	95554.78	106115.89	107497.68	107286.74	95554.78	106115.89	107497.68	107286.74
2.2	95408.16	105783.29	107064.54	107202.11	95408.16	105783.29	107064.54	107202.11	95408.16	105783.29	107064.54	107202.11
2.25	95284.46	105485.87	106715.95	107179.84	95284.46	105485.87	106715.95	107179.84	95284.46	105485.87	106715.95	107179.84
2.3	95178.92	105235.6	106436.75	107187.95	95178.92	105235.6	106436.75	107187.95	95178.92	105235.6	106436.75	107187.95
2.35	95087.41	105029.66	106213.92	107211.27	95087.41	105029.66	106213.92	107211.27	95087.41	105029.66	106213.92	107211.27
2.4	95007.41	104864.86	106037.94	107242.76	95007.41	104864.86	106037.94	107242.76	95007.41	104864.86	106037.94	107242.76
2.45	94936.16	104733.8	105899.71	107277.24	94936.16	104733.8	105899.71	107277.24	94936.16	104733.8	105899.71	107277.24
2.5	94871.68	104630.68	105792.07	107311.59	94871.68	104630.68	105792.07	107311.59	94871.68	104630.68	105792.07	107311.59
2.55	94812.43	104550.41	105709.16	107343.7	94812.43	104550.41	105709.16	107343.7	94812.43	104550.41	105709.16	107343.7
2.6	94757.22	104488.64	105646.14	107372.11	94757.22	104488.64	105646.14	107372.11	94757.22	104488.64	105646.14	107372.11
2.65	94705.1	104441.74	105599.07	107395.82	94705.1	104441.74	105599.07	107395.82	94705.1	104441.74	105599.07	107395.82
2.7	94655.37	104406.69	105564.73	107414.17	94655.37	104406.69	105564.73	107414.17	94655.37	104406.69	105564.73	107414.17
2.75	94607.51	104381.03	105540.44	107426.8	94607.51	104381.03	105540.44	107426.8	94607.51	104381.03	105540.44	107426.8
2.8	94561.17	104362.68	105524.08	107433.49	94561.17	104362.68	105524.08	107433.49	94561.17	104362.68	105524.08	107433.49
2.85	94516.07	104350.01	105513.91	107434.21	94516.07	104350.01	105513.91	107434.21	94516.07	104350.01	105513.91	107434.21
2.9	94472.04	104341.69	105508.54	107429.09	94472.04	104341.69	105508.54	107429.09	94472.04	104341.69	105508.54	107429.09
3	94386.78	104333.98	105507.94	107402.22	94386.78	104333.98	105507.94	107402.22	94386.78	104333.98	105507.94	107402.22
3.1	94305.19	104333.39	105515.81	107355.43	94305.19	104333.39	105515.81	107355.43	94305.19	104333.39	105515.81	107355.43
3.2	94227.5	104335.98	105528.11	107292.12	94227.5	104335.98	105528.11	107292.12	94227.5	104335.98	105528.11	107292.12
3.3	94153.9	104339.4	105542.28	107215.56	94153.9	104339.4	105542.28	107215.56	94153.9	104339.4	105542.28	107215.56
3.4	94084.91	104342.28	105556.86	107129.44	94084.91	104342.28	105556.86	107129.44	94084.91	104342.28	105556.86	107129.44
3.5	94020.84	104343.89	105571.02	107037.08	94020.84	104343.89	105571.02	107037.08	94020.84	104343.89	105571.02	107037.08
3.6	93962.07	104343.93	105584.45	106941.92	93962.07	104343.93	105584.45	106941.92	93962.07	104343.93	105584.45	106941.92
3.7	93908.25	104342.18	105596.62	106845.49	93908.25	104342.18	105596.62	106845.49	93908.25	104342.18	105596.62	106845.49
3.8	93859.63	104339	105607.81	106750.33	93859.63	104339	105607.81	106750.33	93859.63	104339	105607.81	106750.33
3.9	93815.84	104333.97	105617.64	106657.9	93815.84	104333.97	105617.64	106657.9	93815.84	104333.97	105617.64	106657.9
4	93776.54	104327.59	105626.26	106569.06	93776.54	104327.59	105626.26	106569.06	93776.54	104327.59	105626.26	106569.06
4.1	93741.88	104320.14	105634.04	106485.53	93741.88	104320.14	105634.04	106485.53	93741.88	104320.14	105634.04	106485.53
4.2	93711.31	104311.79	105640.94	106407.34	93711.31	104311.79	105640.94	106407.34	93711.31	104311.79	105640.94	106407.34
4.3	93684.7	104302.81	105647.18	106335.2	93684.7	104302.81	105647.18	106335.2	93684.7	104302.81	105647.18	106335.2
4.4	93661.32	104293.36	105652.58	106268.3	93661.32	104293.36	105652.58	106268.3	93661.32	104293.36	105652.58	106268.3
4.5	93641.04	104283.64	105657.4	106206.97	93641.04	104283.64	105657.4	106206.97	93641.04	104283.64	105657.4	106206.97
4.6	93623.44	104274.06	105661.6	106150.92	93623.44	104274.06	105661.6	106150.92	93623.44	104274.06	105661.6	106150.92
4.7	93608.36	104264.29	105665.31	106100.13	93608.36	104264.29	105665.31	106100.13	93608.36	104264.29	105665.31	106100.13
4.8	93595.45	104254.74	105668.61	106054.2	93595.45	104254.74	105668.61	106054.2	93595.45	104254.74	105668.61	106054.2
4.9	93584.44	104245.5	105671.53	106012.77	93584.44	104245.5	105671.53	106012.77	93584.44	104245.5	105671.53	106012.77
5	93575.08	104236.66	105674.12	105975.5	93575.08	104236.66	105674.12	105975.5	93575.08	104236.66	105674.12	105975.5
5.1	93567.16	104228.29	105676.42	105942.04	93567.16	104228.29	105676.42	105942.04	93567.16	104228.29	105676.42	105942.04
5.2	93560.47	104220.42	105678.47	105912.05	93560.47	104220.42	105678.47	105912.05	93560.47	104220.42	105678.47	105912.05
5.3	93554.86	104213.09	105680.29	105885.21	93554.86	104213.09	105680.29	105885.21	93554.86	104213.09	105680.29	105885.21
5.4	93550.14	104206.29	105681.89	105861.21	93550.14	104206.29	105681.89	105861.21	93550.14	104206.29	105681.89	105861.21
5.5	93546.21	104200.05	105683.33	105839.79	93546.21	104200.05	105683.33	105839.79	93546.21	104200.05	105683.33	105839.79
5.6	93542.95	104194.34	105684.61	105820.69	93542.95	104194.34	105684.61	105820.69	93542.95	104194.34	105684.61	105820.69
5.7	93540.24	104189.16	105685.75	105803.67	93540.24	104189.16	105685.75	105803.67	93540.24	104189.16	105685.75	105803.67
5.8	93538.02	104184.47	105686.74	105788.52	93538.02	104184.47	105686.74	105788.52	93538.02	104184.47	105686.74	105788.52
5.9	93536.18	104180.25	105687.64	105775.02	93536.18	104180.25	105687.64	105775.02	93536.18	104180.25	105687.64	105775.02
6	93534.69	104176.48	105688.45	105763.04	93534.69	104176.48	105688.45	105763.04	93534.69	104176.48	105688.45	105763.04
6.2	93532.5	104170.11	105689.81	105742.94	93532.5	104170.11	105689.81	105742.94	93532.5	104170.11	105689.81	105742.94
6.4	93531.11	104165.12	105690.89	105727.11	93531.11	104165.12	105690.89	105727.11	93531.11	104165.12	105690.89	105727.11
6.6	93530.3	104161.24	105691.79	105714.82	93530.3	104161.24	105691.79	105714.82	93530.3	104161.24	105691.79	105714.82
6.8	93529.8	104158.31	105692.47	105705.11	93529.8	104158.31	105692.47	105705.11	93529.8	104158.31	105692.47	105705.11
7	93529.53	104156.11	105692.99	105697.53	93529.53	104156.11	105692.99	105697.53	93529.53	104156.11	105692.99	105697.53
7.2	93529.42	104154.49	105693.43	105691.65	93529.42	104154.49	105693.43	105691.65	93529.42	104154.49	105693.43	105691.65
7.4	93529.41	104153.3	105693.77	105687.1	93529.41	104153.3	105693.77	105687.1	93529.41	104153.3	105693.77	105687.1
7.6	93529.48	104152.46	105685.06	105692.62	93529.48	104152.46	105685.06	105692.62	93529.48	104152.46	105685.06	105692.62
7.8	93529.55	104151.86	105682.05	105693.16	93529.55	104151.86	105682.05	105693.16	93529.55	104151.86	105682.05	105693.16
8	93529.65	104151.46	105679.73	105693.58	93529.65	104151.46	105679.73	105693.58	93529.65	104151.46	105679.73	105693.58
8.2	93529.76	104151.21	105677.97	105693.93	93529.76	104151.21	105677.97	105693.93	93529.76	104151.21	105677.97	105693.93
8.4	93529.8	104151.09	105676.55	105694.16	93529.8	104151.09	105676.55	105694.16	93529.8	104151.09	105676.55	105694.16
8.6	93529.89	104151	105675.54	105694.38	93529.89	104151	105675.54	105694.38	93529.89	104151	105675.54	105694.38
8.8	93529.97	104150.93	105674.78	105694.55	93529.97	104150.93	105674.78	105694.55	93529.97	104150.93	105674.78	105694.55
9	93530.04	104150.92	105674.21	105694.69	93530.04	104150.92	105674.21	105694.69	93530.04	104150.92	105674.21	105694.69
9.2	93530.11	104150.93	105673.79	105694.8	93530.11	104150.93	105673.79	105694.8	93530.11	104150.93	105673.79	105694.8
9.4	93530.17	104150.97	105673.48	105694.89	93530.17	104150.97	105673.48	105694.89	93530.17	104150.97	105673.48	105694.89
9.6	93530.22	104151.01	105673.25	105694.97	93530.22	104151.01	105673.25	105694.97	93530.22	104151.01	105673.25	105694.97
9.8	93530.26	104151.05	105673.08	105695.02	93530.26	104151.05	105673.08	105695.02	93530.26	104151.05	105673.08	105695.02
10	93530.3	104151.09	105672.96	105695.08	93530.3	104151.09	105672.96	105695.08	93530.3	104151.09	105672.96	105695.08
10.5	93530.37	104151.21	105672.8	105695.17	93530.37	104151.21	105672.8	105695.17	93530.37	104151.21	105672.8	105695.17
11	93530.45	104151.33	105672.76	105695.24	93530.45	104151.33	105672.76	105695.24	93530.45	104151.33	105672.76	105695.24
