r   <12|H_so|21>  <13|H_so|22> <13|H_so|23>    <14|H_so|22>   <14|H_so|23>  <18|H_so|27> <19|H_so|28>    <19|H_so|29>   <20|H_so|28>  <20|H_so|29>
1.97    439.24 7.07    32.03  32.03    437.19 439.24  7.07 32.03   32.03 437.19
1.98    439.30 6.95    32.79  32.79    437.14 439.30  6.95 32.79   32.79 437.14
1.99    439.36 6.83    33.55  33.55    437.09 439.36  6.83 33.55   33.55 437.09
2.00    439.41 6.71    34.32  34.32    437.03 439.41  6.71 34.32   34.32 437.03
2.01    439.47 6.58    35.09  35.09    436.97 439.47  6.58 35.09   35.09 436.97
2.02    439.52 6.45    35.87  35.87    436.90 439.52  6.45 35.87   35.87 436.90
2.03    439.58 6.32    36.65  36.65    436.83 439.58  6.32 36.65   36.65 436.83
2.04    439.63 6.19    37.43  37.43    436.75 439.63  6.19 37.43   37.43 436.75
2.05    439.68 6.05    38.21  38.21    436.67 439.68  6.05 38.21   38.21 436.67
2.06    439.73 5.91    39.00  39.00    436.59 439.73  5.91 39.00   39.00 436.59
2.07    439.78 5.77    39.78  39.78    436.50 439.78  5.77 39.78   39.78 436.50
2.08    439.82 5.62    40.56  40.56    436.40 439.82  5.62 40.56   40.56 436.40
2.09    439.87 5.47    41.35  41.35    436.30 439.87  5.47 41.35   41.35 436.30
2.10    439.92 5.32    42.13  42.13    436.20 439.92  5.32 42.13   42.13 436.20
2.15    440.12 4.54    45.98  45.98    435.64 440.12  4.54 45.98   45.98 435.64
2.20    440.30 3.72    49.69  49.69    435.02 440.30  3.72 49.69   49.69 435.02
2.25    440.46 2.88    53.21  53.21    434.35 440.46  2.88 53.21   53.21 434.35
2.30    440.59 2.05    56.49  56.49    433.66 440.59  2.05 56.49   56.49 433.66
2.35    440.70 1.24    59.52  59.52    432.97 440.70  1.24 59.52   59.52 432.97
2.40    440.80 0.45    62.29  62.29    432.29 440.80  0.45 62.29   62.29 432.29
2.45    440.89 0.29    64.82  64.82    431.64 440.89  0.29 64.82   64.82 431.64
2.50    440.96 1.00    67.13  67.13    431.00 440.96  1.00 67.13   67.13 431.00
2.55    441.02 1.68    69.25  69.25    430.39 441.02  1.68 69.25   69.25 430.39
2.60    441.07 2.33    71.22  71.22    429.79 441.07  2.33 71.22   71.22 429.79
2.65    441.11 2.96    73.07  73.07    429.20 441.11  2.96 73.07   73.07 429.20
2.70    441.15 3.57    74.84  74.84    428.62 441.15  3.57 74.84   74.84 428.62
2.75    441.17 4.18    76.56  76.56    428.04 441.17  4.18 76.56   76.56 428.04
2.80    441.20 4.80    78.25  78.25    427.44 441.20  4.80 78.25   78.25 427.44
2.85    441.22 5.43    79.94  79.94    426.83 441.22  5.43 79.94   79.94 426.83
2.90    441.23 6.09    81.64  81.64    426.18 441.23  6.09 81.64   81.64 426.18
3.00    441.25 7.49    85.17  85.17    424.79 441.25  7.49 85.17   85.17 424.79
3.10    441.26 9.06    88.92  88.92    423.23 441.26  9.06 88.92   88.92 423.23
3.20    441.26 10.84   92.97 92.97   421.44    441.26 10.84   92.97 92.97   421.44
3.30    441.26 12.87   97.35 97.35   419.40    441.26 12.87   97.35 97.35   419.40
3.40    441.26 15.20   102.07    102.07 417.06  441.26   15.20 102.07  102.07   417.06
3.50    441.26 17.85   107.14    107.14 414.40  441.26   17.85 107.14  107.14   414.40
3.60    441.25 20.87   112.55    112.55 411.37  441.25   20.87 112.55  112.55   411.37
3.70    441.25 24.28   118.28    118.28 407.95  441.25   24.28 118.28  118.28   407.95
3.80    441.24 28.11   124.28    124.28 404.10  441.24   28.11 124.28  124.28   404.10
3.90    441.24 32.39   130.53    130.53 399.81  441.24   32.39 130.53  130.53   399.81
4.00    441.23 37.14   136.96    136.96 395.06  441.23   37.14 136.96  136.96   395.06
4.10    441.23 42.35   143.52    143.52 389.84  441.23   42.35 143.52  143.52   389.84
4.20    441.23 48.03   150.13    150.13 384.15  441.23   48.03 150.13  150.13   384.15
4.30    441.22 54.15   156.72    156.72 378.02  441.22   54.15 156.72  156.72   378.02
4.40    441.22 60.70   163.22    163.22 371.47  441.22   60.70 163.22  163.22   371.47
4.50    441.22 67.62   169.54    169.54 364.55  441.22   67.62 169.54  169.54   364.55
4.60    441.22 74.86   175.61    175.61 357.31  441.22   74.86 175.61  175.61   357.31
4.70    441.22 82.34   181.38    181.38 349.82  441.22   82.34 181.38  181.38   349.82
4.80    441.22 90.00   186.79    186.79 342.15  441.22   90.00 186.79  186.79   342.15
4.90    441.22 97.75   191.79    191.79 334.40  441.22   97.75 191.79  191.79   334.40
5.00    441.22 105.51  196.37   196.37    326.65 441.22  105.51   196.37    196.37 326.65
5.10    441.22 113.19  200.50   200.50    318.97 441.22  113.19   200.50    200.50 318.97
5.20    441.23 120.71  204.18   204.18    311.44 441.23  120.71   204.18    204.18 311.44
5.30    441.23 128.02  207.44   207.44    304.14 441.23  128.02   207.44    207.44 304.14
5.40    441.23 135.05  210.29   210.29    297.11 441.23  135.05   210.29    210.29 297.11
5.50    441.23 141.76  212.75   212.75    290.39 441.23  141.76   212.75    212.75 290.39
5.60    441.23 148.12  214.87   214.87    284.04 441.23  148.12   214.87    214.87 284.04
5.70    441.23 154.11  216.67   216.67    278.05 441.23  154.11   216.67    216.67 278.05
5.80    441.23 159.71  218.20   218.20    272.45 441.23  159.71   218.20    218.20 272.45
5.90    441.23 164.92  219.48   219.48    267.23 441.23  164.92   219.48    219.48 267.23
6.00    441.24 169.75  220.55   220.55    262.41 441.24  169.75   220.55    220.55 262.41
6.20    441.24 178.30  222.18   222.18    253.86 441.24  178.30   222.18    222.18 253.86
6.40    441.24 185.48  223.28   223.28    246.68 441.24  185.48   223.28    223.28 246.68
6.60    441.24 191.44  224.02   224.02    240.73 441.24  191.44   224.02    224.02 240.73
6.80    441.24 196.34  224.50   224.50    235.83 441.24  196.34   224.50    224.50 235.83
7.00    441.24 200.34  224.82   224.82    231.83 441.24  200.34   224.82    224.82 231.83
7.20    441.25 203.59  225.02   225.02    228.58 441.25  203.59   225.02    225.02 228.58
7.40    441.25 206.21  225.15   225.15    225.97 441.25  206.21   225.15    225.15 225.97
7.60    441.25 208.31  225.24   225.24    223.86 441.25  208.31   225.24    225.24 223.86
7.80    441.25 209.99  225.29   225.29    222.18 441.25  209.99   225.29    225.29 222.18
8.00    441.25 211.34  225.32   225.32    220.84 441.25  211.34   225.32    225.32 220.84
8.20    441.25 212.40  225.34   225.34    219.77 441.25  212.40   225.34    225.34 219.77
8.40    441.25 213.24  225.35   225.35    218.93 441.25  213.24   225.35    225.35 218.93
8.60    441.25 213.91  225.36   225.36    218.27 441.25  213.91   225.36    225.36 218.27
8.80    441.25 214.43  225.37   225.37    217.74 441.25  214.43   225.37    225.37 217.74
9.00    441.25 214.85  225.37   225.37    217.33 441.25  214.85   225.37    225.37 217.33
9.20    441.25 215.17  225.37   225.37    217.01 441.25  215.17   225.37    225.37 217.01
9.40    441.25 215.42  225.37   225.37    216.76 441.25  215.42   225.37    225.37 216.76
9.60    441.25 215.62  225.37   225.37    216.56 441.25  215.62   225.37    225.37 216.56
9.80    441.25 215.77  225.37   225.37    216.40 441.25  215.77   225.37    225.37 216.40
10.00   441.25    215.89 225.37  225.37   216.29    441.25 215.89  225.37   225.37    216.29
10.50   441.25    216.08 225.37  225.37   216.09    441.25 216.08  225.37   225.37    216.09
11.00   441.25    216.18 225.37  225.37   215.99    441.25 216.18  225.37   225.37    215.99
