r   <12|H_so|12>  <13|H_so|13> <14|H_so|14>    <15|H_so|15>   <16|H_so|16>  <17|H_so|17> <18|H_so|18>    <19|H_so|19>   <20|H_so|20>
1.97    100027.89  106447.45    112036.78  100027.89    106447.45  112036.78    100027.89  106447.45    112036.78
1.98    99822.90   106395.17 111858.11   99822.90  106395.17    111858.11  99822.90 106395.17   111858.11
1.99    99625.44   106345.54 111686.95   99625.44  106345.54    111686.95  99625.44 106345.54   111686.95
2.00    99435.23   106298.45 111523.01   99435.23  106298.45    111523.01  99435.23 106298.45   111523.01
2.01    99252.01   106253.79 111366.01   99252.01  106253.79    111366.01  99252.01 106253.79   111366.01
2.02    99075.54   106211.47 111215.70   99075.54  106211.47    111215.70  99075.54 106211.47   111215.70
2.03    98905.53   106171.33 111071.81   98905.53  106171.33    111071.81  98905.53 106171.33   111071.81
2.04    98741.78   106133.33 110934.10   98741.78  106133.33    110934.10  98741.78 106133.33   110934.10
2.05    98584.06   106097.38 110802.32   98584.06  106097.38    110802.32  98584.06 106097.38   110802.32
2.06    98432.13   106063.34 110676.28   98432.13  106063.34    110676.28  98432.13 106063.34   110676.28
2.07    98285.78   106031.16 110555.70   98285.78  106031.16    110555.70  98285.78 106031.16   110555.70
2.08    98144.81   106000.75 110440.41   98144.81  106000.75    110440.41  98144.81 106000.75   110440.41
2.09    98009.03   105972.05 110330.19   98009.03  105972.05    110330.19  98009.03 105972.05   110330.19
2.10    97878.22   105944.95 110224.83   97878.22  105944.95    110224.83  97878.22 105944.95   110224.83
2.15    97292.64   105831.29 109764.54   97292.64  105831.29    109764.54  97292.64 105831.29   109764.54
2.20    96806.37   105748.46 109399.73   96806.37  105748.46    109399.73  96806.37 105748.46   109399.73
2.25    96401.91   105690.02 109112.26   96401.91  105690.02    109112.26  96401.91 105690.02   109112.26
2.30    96064.70   105650.77 108887.03   96064.70  105650.77    108887.03  96064.70 105650.77   108887.03
2.35    95782.74   105626.57 108711.57   95782.74  105626.57    108711.57  95782.74 105626.57   108711.57
2.40    95545.91   105614.00 108575.50   95545.91  105614.00    108575.50  95545.91 105614.00   108575.50
2.45    95346.04   105610.36 108470.36   95346.04  105610.36    108470.36  95346.04 105610.36   108470.36
2.50    95176.34   105613.43 108389.17   95176.34  105613.43    108389.17  95176.34 105613.43   108389.17
2.55    95031.26   105621.48 108326.25   95031.26  105621.48    108326.25  95031.26 105621.48   108326.25
2.60    94906.27   105633.10 108277.00   94906.27  105633.10    108277.00  94906.27 105633.10   108277.00
2.65    94797.64   105647.15 108237.69   94797.64  105647.15    108237.69  94797.64 105647.15   108237.69
2.70    94702.38   105662.77 108205.35   94702.38  105662.77    108205.35  94702.38 105662.77   108205.35
2.75    94618.06   105679.27 108177.62   94618.06  105679.27    108177.62  94618.06 105679.27   108177.62
2.80    94542.69   105696.09 108152.65   94542.69  105696.09    108152.65  94542.69 105696.09   108152.65
2.85    94474.71   105712.81 108129.00   94474.71  105712.81    108129.00  94474.71 105712.81   108129.00
2.90    94412.66   105729.17 108105.61   94412.66  105729.17    108105.61  94412.66 105729.17   108105.61
3.00    94303.51   105759.82 108056.63   94303.51  105759.82    108056.63  94303.51 105759.82   108056.63
3.10    94209.31   105786.97 108001.98   94209.31  105786.97    108001.98  94209.31 105786.97   108001.98
3.20    94126.70   105810.21 107940.39   94126.70  105810.21    107940.39  94126.70 105810.21   107940.39
3.30    94053.05   105829.50 107872.08   94053.05  105829.50    107872.08  94053.05 105829.50   107872.08
3.40    93987.15   105844.99 107798.16   93987.15  105844.99    107798.16  93987.15 105844.99   107798.16
3.50    93928.02   105856.96 107720.15   93928.02  105856.96    107720.15  93928.02 105856.96   107720.15
3.60    93875.11   105865.70 107639.78   93875.11  105865.70    107639.78  93875.11 105865.70   107639.78
3.70    93827.65   105871.50 107558.65   93827.65  105871.50    107558.65  93827.65 105871.50   107558.65
3.80    93785.60   105874.67 107478.24   93785.60  105874.67    107478.24  93785.60 105874.67   107478.24
3.90    93748.32   105875.45 107399.78   93748.32  105875.45    107399.78  93748.32 105875.45   107399.78
4.00    93715.62   105874.11 107324.29   93715.62  105874.11    107324.29  93715.62 105874.11   107324.29
4.10    93686.76   105870.92 107252.56   93686.76  105870.92    107252.56  93686.76 105870.92   107252.56
4.20    93661.50   105866.07 107185.07   93661.50  105866.07    107185.07  93661.50 105866.07   107185.07
4.30    93639.52   105859.80 107122.18   93639.52  105859.80    107122.18  93639.52 105859.80   107122.18
4.40    93620.47   105852.34 107064.06   93620.47  105852.34    107064.06  93620.47 105852.34   107064.06
4.50    93604.00   105843.88 107010.72   93604.00  105843.88    107010.72  93604.00 105843.88   107010.72
4.60    93589.83   105834.64 106962.07   93589.83  105834.64    106962.07  93589.83 105834.64   106962.07
4.70    93577.67   105824.82 106917.94   93577.67  105824.82    106917.94  93577.67 105824.82   106917.94
4.80    93567.29   105814.61 106878.10   93567.29  105814.61    106878.10  93567.29 105814.61   106878.10
4.90    93558.47   105804.21 106842.33   93558.47  105804.21    106842.33  93558.47 105804.21   106842.33
5.00    93550.99   105793.77 106810.23   93550.99  105793.77    106810.23  93550.99 105793.77   106810.23
5.10    93544.65   105783.38 106781.51   93544.65  105783.38    106781.51  93544.65 105783.38   106781.51
5.20    93539.31   105773.21 106755.88   93539.31  105773.21    106755.88  93539.31 105773.21   106755.88
5.30    93534.83   105763.36 106733.05   93534.83  105763.36    106733.05  93534.83 105763.36   106733.05
5.40    93531.11   105753.89 106712.73   93531.11  105753.89    106712.73  93531.11 105753.89   106712.73
5.50    93528.00   105744.90 106694.67   93528.00  105744.90    106694.67  93528.00 105744.90   106694.67
5.60    93525.44   105736.41 106678.64   93525.44  105736.41    106678.64  93525.44 105736.41   106678.64
5.70    93523.34   105728.45 106664.40   93523.34  105728.45    106664.40  93523.34 105728.45   106664.40
5.80    93521.64   105721.03 106651.76   93521.64  105721.03    106651.76  93521.64 105721.03   106651.76
5.90    93520.25   105714.18 106640.54   93520.25  105714.18    106640.54  93520.25 105714.18   106640.54
6.00    93519.13   105707.85 106630.58   93519.13  105707.85    106630.58  93519.13 105707.85   106630.58
6.20    93517.51   105696.74 106613.87   93517.51  105696.74    106613.87  93517.51 105696.74   106613.87
6.40    93517.21   105687.65 106600.90   93517.21  105687.65    106600.90  93517.21 105687.65   106600.90
6.60    93516.63   105680.12 106590.52   93516.63  105680.12    106590.52  93516.63 105680.12   106590.52
6.80    93516.31   105674.06 106582.32   93516.31  105674.06    106582.32  93516.31 105674.06   106582.32
7.00    93516.17   105669.20 106575.87   93516.17  105669.20    106575.87  93516.17 105669.20   106575.87
7.20    93516.15   105665.35 106570.80   93516.15  105665.35    106570.80  93516.15 105665.35   106570.80
7.40    93516.19   105662.32 106566.81   93516.19  105662.32    106566.81  93516.19 105662.32   106566.81
7.60    93516.27   105659.97 106563.70   93516.27  105659.97    106563.70  93516.27 105659.97   106563.70
7.80    93516.37   105658.13 106561.26   93516.37  105658.13    106561.26  93516.37 105658.13   106561.26
8.00    93516.49   105656.73 106559.36   93516.49  105656.73    106559.36  93516.49 105656.73   106559.36
8.20    93516.60   105655.65 106557.89   93516.60  105655.65    106557.89  93516.60 105655.65   106557.89
8.40    93516.74   105654.84 106556.75   93516.74  105654.84    106556.75  93516.74 105654.84   106556.75
8.60    93516.83   105654.23 106555.88   93516.83  105654.23    106555.88  93516.83 105654.23   106555.88
8.80    93516.90   105653.76 106555.20   93516.90  105653.76    106555.20  93516.90 105653.76   106555.20
9.00    93516.97   105653.42 106554.69   93516.97  105653.42    106554.69  93516.97 105653.42   106554.69
9.20    93517.04   105653.17 106554.30   93517.04  105653.17    106554.30  93517.04 105653.17   106554.30
9.40    93517.10   105652.99 106554.01   93517.10  105652.99    106554.01  93517.10 105652.99   106554.01
9.60    93517.16   105652.87 106553.79   93517.16  105652.87    106553.79  93517.16 105652.87   106553.79
9.80    93517.21   105652.77 106553.61   93517.21  105652.77    106553.61  93517.21 105652.77   106553.61
10.00   93517.26  105652.70    106553.46  93517.26 105652.70   106553.46 93517.26    105652.70  106553.46
10.50   93517.37  105652.63    106553.28  93517.37 105652.63   106553.28 93517.37    105652.63  106553.28
11.00   93517.50  105652.61    106553.20  93517.50 105652.61   106553.20 93517.50    105652.61  106553.20
