r   <22|H_so|32>  <22|H_so|33> <23|H_so|32>    <23|H_so|33>   <25|H_so|30>  <25|H_so|31> <25|H_so|34>    <25|H_so|35>   <26|H_so|30>  <26|H_so|31> <26|H_so|34>    <26|H_so|35>   <28|H_so|32>  <28|H_so|33> <29|H_so|32>    <29|H_so|33>
1.97    220.12 220.28  18.60    12.79  -220.12  -220.28  220.12   220.28    -18.60 -12.79  18.60    12.79  -220.12  -220.28  -18.60   -12.79
1.98    220.11 220.29  18.98    13.16  -220.11  -220.29  220.11   220.29    -18.98 -13.16  18.98    13.16  -220.11  -220.29  -18.98   -13.16
1.99    220.10 220.29  19.36    13.53  -220.10  -220.29  220.10   220.29    -19.36 -13.53  19.36    13.53  -220.10  -220.29  -19.36   -13.53
2.00    220.09 220.29  19.74    13.91  -220.09  -220.29  220.09   220.29    -19.74 -13.91  19.74    13.91  -220.09  -220.29  -19.74   -13.91
2.01    220.08 220.29  20.13    14.29  -220.08  -220.29  220.08   220.29    -20.13 -14.29  20.13    14.29  -220.08  -220.29  -20.13   -14.29
2.02    220.06 220.28  20.52    14.67  -220.06  -220.28  220.06   220.28    -20.52 -14.67  20.52    14.67  -220.06  -220.28  -20.52   -14.67
2.03    220.04 220.27  20.91    15.05  -220.04  -220.27  220.04   220.27    -20.91 -15.05  20.91    15.05  -220.04  -220.27  -20.91   -15.05
2.04    220.02 220.26  21.30    15.43  -220.02  -220.26  220.02   220.26    -21.30 -15.43  21.30    15.43  -220.02  -220.26  -21.30   -15.43
2.05    220.00 220.25  21.69    15.82  -220.00  -220.25  220.00   220.25    -21.69 -15.82  21.69    15.82  -220.00  -220.25  -21.69   -15.82
2.06    219.97 220.23  22.08    16.20  -219.97  -220.23  219.97   220.23    -22.08 -16.20  22.08    16.20  -219.97  -220.23  -22.08   -16.20
2.07    219.94 220.22  22.48    16.58  -219.94  -220.22  219.94   220.22    -22.48 -16.58  22.48    16.58  -219.94  -220.22  -22.48   -16.58
2.08    219.91 220.20  22.87    16.97  -219.91  -220.20  219.91   220.20    -22.87 -16.97  22.87    16.97  -219.91  -220.20  -22.87   -16.97
2.09    219.88 220.18  23.26    17.35  -219.88  -220.18  219.88   220.18    -23.26 -17.35  23.26    17.35  -219.88  -220.18  -23.26   -17.35
2.10    219.84 220.16  23.66    17.73  -219.84  -220.16  219.84   220.16    -23.66 -17.73  23.66    17.73  -219.84  -220.16  -23.66   -17.73
2.15    219.65 220.03  25.59    19.61  -219.65  -220.03  219.65   220.03    -25.59 -19.61  25.59    19.61  -219.65  -220.03  -25.59   -19.61
2.20    219.43 219.87  27.47    21.43  -219.43  -219.87  219.43   219.87    -27.47 -21.43  27.47    21.43  -219.43  -219.87  -27.47   -21.43
2.25    219.20 219.69  29.26    23.15  -219.20  -219.69  219.20   219.69    -29.26 -23.15  29.26    23.15  -219.20  -219.69  -29.26   -23.15
2.30    218.95 219.50  30.93    24.75  -218.95  -219.50  218.95   219.50    -30.93 -24.75  30.93    24.75  -218.95  -219.50  -30.93   -24.75
2.35    218.71 219.31  32.49    26.22  -218.71  -219.31  218.71   219.31    -32.49 -26.22  32.49    26.22  -218.71  -219.31  -32.49   -26.22
2.40    218.47 219.13  33.92    27.56  -218.47  -219.13  218.47   219.13    -33.92 -27.56  33.92    27.56  -218.47  -219.13  -33.92   -27.56
2.45    218.23 218.95  35.23    28.78  -218.23  -218.95  218.23   218.95    -35.23 -28.78  35.23    28.78  -218.23  -218.95  -35.23   -28.78
2.50    218.01 218.78  36.44    29.90  -218.01  -218.78  218.01   218.78    -36.44 -29.90  36.44    29.90  -218.01  -218.78  -36.44   -29.90
2.55    217.80 218.62  37.55    30.91  -217.80  -218.62  217.80   218.62    -37.55 -30.91  37.55    30.91  -217.80  -218.62  -37.55   -30.91
2.60    217.59 218.46  38.60    31.86  -217.59  -218.46  217.59   218.46    -38.60 -31.86  38.60    31.86  -217.59  -218.46  -38.60   -31.86
2.65    217.39 218.31  39.59    32.74  -217.39  -218.31  217.39   218.31    -39.59 -32.74  39.59    32.74  -217.39  -218.31  -39.59   -32.74
2.70    217.20 218.17  40.54    33.58  -217.20  -218.17  217.20   218.17    -40.54 -33.58  40.54    33.58  -217.20  -218.17  -40.54   -33.58
2.75    217.01 218.03  41.46    34.40  -217.01  -218.03  217.01   218.03    -41.46 -34.40  41.46    34.40  -217.01  -218.03  -41.46   -34.40
2.80    216.82 217.88  42.38    35.21  -216.82  -217.88  216.82   217.88    -42.38 -35.21  42.38    35.21  -216.82  -217.88  -42.38   -35.21
2.85    216.62 217.74  43.29    36.02  -216.62  -217.74  216.62   217.74    -43.29 -36.02  43.29    36.02  -216.62  -217.74  -43.29   -36.02
2.90    216.42 217.59  44.22    36.84  -216.42  -217.59  216.42   217.59    -44.22 -36.84  44.22    36.84  -216.42  -217.59  -44.22   -36.84
3.00    216.00 217.28  46.14    38.54  -216.00  -217.28  216.00   217.28    -46.14 -38.54  46.14    38.54  -216.00  -217.28  -46.14   -38.54
3.10    215.54 216.94  48.19    40.39  -215.54  -216.94  215.54   216.94    -48.19 -40.39  48.19    40.39  -215.54  -216.94  -48.19   -40.39
3.20    215.03 216.54  50.40    42.40  -215.03  -216.54  215.03   216.54    -50.40 -42.40  50.40    42.40  -215.03  -216.54  -50.40   -42.40
3.30    214.45 216.09  52.79    44.62  -214.45  -216.09  214.45   216.09    -52.79 -44.62  52.79    44.62  -214.45  -216.09  -52.79   -44.62
3.40    213.79 215.58  55.37    47.05  -213.79  -215.58  213.79   215.58    -55.37 -47.05  55.37    47.05  -213.79  -215.58  -55.37   -47.05
3.50    213.05 214.98  58.16    49.70  -213.05  -214.98  213.05   214.98    -58.16 -49.70  58.16    49.70  -213.05  -214.98  -58.16   -49.70
3.60    212.21 214.30  61.15    52.57  -212.21  -214.30  212.21   214.30    -61.15 -52.57  61.15    52.57  -212.21  -214.30  -61.15   -52.57
3.70    211.27 213.52  64.35    55.67  -211.27  -213.52  211.27   213.52    -64.35 -55.67  64.35    55.67  -211.27  -213.52  -64.35   -55.67
3.80    210.21 212.63  67.74    58.98  -210.21  -212.63  210.21   212.63    -67.74 -58.98  67.74    58.98  -210.21  -212.63  -67.74   -58.98
3.90    209.02 211.62  71.30    62.50  -209.02  -211.62  209.02   211.62    -71.30 -62.50  71.30    62.50  -209.02  -211.62  -71.30   -62.50
4.00    207.71 210.49  75.04    66.20  -207.71  -210.49  207.71   210.49    -75.04 -66.20  75.04    66.20  -207.71  -210.49  -75.04   -66.20
4.10    206.27 209.24  78.92    70.07  -206.27  -209.24  206.27   209.24    -78.92 -70.07  78.92    70.07  -206.27  -209.24  -78.92   -70.07
4.20    204.70 207.86  82.92    74.08  -204.70  -207.86  204.70   207.86    -82.92 -74.08  82.92    74.08  -204.70  -207.86  -82.92   -74.08
4.30    203.00 206.35  87.01    78.19  -203.00  -206.35  203.00   206.35    -87.01 -78.19  87.01    78.19  -203.00  -206.35  -87.01   -78.19
4.40    201.17 204.71  91.16    82.38  -201.17  -204.71  201.17   204.71    -91.16 -82.38  91.16    82.38  -201.17  -204.71  -91.16   -82.38
4.50    199.22 202.96  95.34    86.61  -199.22  -202.96  199.22   202.96    -95.34 -86.61  95.34    86.61  -199.22  -202.96  -95.34   -86.61
4.60    197.18 201.11  99.51    90.83  -197.18  -201.11  197.18   201.11    -99.51 -90.83  99.51    90.83  -197.18  -201.11  -99.51   -90.83
4.70    195.05 199.16  103.63   95.03 -195.05 -199.16 195.05  199.16   -103.63   -95.03    103.63 95.03   -195.05   -199.16   -103.63   -95.03
4.80    192.85 197.14  107.67   99.15 -192.85 -197.14 192.85  197.14   -107.67   -99.15    107.67 99.15   -192.85   -197.14   -107.67   -99.15
4.90    190.60 195.08  111.60   103.16    -190.60    -195.08    190.60 195.08  -111.60  -103.16  111.60   103.16    -190.60    -195.08    -111.60    -103.16
5.00    188.34 192.98  115.38   107.04    -188.34    -192.98    188.34 192.98  -115.38  -107.04  115.38   107.04    -188.34    -192.98    -115.38    -107.04
5.10    186.07 190.87  119.00   110.75    -186.07    -190.87    186.07 190.87  -119.00  -110.75  119.00   110.75    -186.07    -190.87    -119.00    -110.75
5.20    183.83 188.78  122.44   114.29    -183.83    -188.78    183.83 188.78  -122.44  -114.29  122.44   114.29    -183.83    -188.78    -122.44    -114.29
5.30    181.63 186.72  125.68   117.62    -181.63    -186.72    181.63 186.72  -125.68  -117.62  125.68   117.62    -181.63    -186.72    -125.68    -117.62
5.40    179.49 184.71  128.72   120.75    -179.49    -184.71    179.49 184.71  -128.72  -120.75  128.72   120.75    -179.49    -184.71    -128.72    -120.75
5.50    177.43 182.77  131.54   123.67    -177.43    -182.77    177.43 182.77  -131.54  -123.67  131.54   123.67    -177.43    -182.77    -131.54    -123.67
5.60    175.46 180.91  134.16   126.38    -175.46    -180.91    175.46 180.91  -134.16  -126.38  134.16   126.38    -175.46    -180.91    -134.16    -126.38
5.70    173.58 179.13  136.58   128.88    -173.58    -179.13    173.58 179.13  -136.58  -128.88  136.58   128.88    -173.58    -179.13    -136.58    -128.88
5.80    171.81 177.45  138.80   131.18    -171.81    -177.45    171.81 177.45  -138.80  -131.18  138.80   131.18    -171.81    -177.45    -138.80    -131.18
5.90    170.15 175.87  140.84   133.29    -170.15    -175.87    170.15 175.87  -140.84  -133.29  140.84   133.29    -170.15    -175.87    -140.84    -133.29
6.00    168.60 174.40  142.69   135.22    -168.60    -174.40    168.60 174.40  -142.69  -135.22  142.69   135.22    -168.60    -174.40    -142.69    -135.22
6.20    165.82 171.75  145.91   138.57    -165.82    -171.75    165.82 171.75  -145.91  -138.57  145.91   138.57    -165.82    -171.75    -145.91    -138.57
6.40    163.46 169.49  148.56   141.33    -163.46    -169.49    163.46 169.49  -148.56  -141.33  148.56   141.33    -163.46    -169.49    -148.56    -141.33
6.60    161.47 167.58  150.71   143.58    -161.47    -167.58    161.47 167.58  -150.71  -143.58  150.71   143.58    -161.47    -167.58    -150.71    -143.58
6.80    159.82 166.00  152.46   145.41    -159.82    -166.00    159.82 166.00  -152.46  -145.41  152.46   145.41    -159.82    -166.00    -152.46    -145.41
7.00    158.46 164.69  153.87   146.89    -158.46    -164.69    158.46 164.69  -153.87  -146.89  153.87   146.89    -158.46    -164.69    -153.87    -146.89
7.20    157.35 163.63  155.01   148.08    -157.35    -163.63    157.35 163.63  -155.01  -148.08  155.01   148.08    -157.35    -163.63    -155.01    -148.08
7.40    156.45 162.76  155.92   149.03    -156.45    -162.76    156.45 162.76  -155.92  -149.03  155.92   149.03    -156.45    -162.76    -155.92    -149.03
7.60    155.72 162.06  156.65   149.79    -155.72    -162.06    155.72 162.06  -156.65  -149.79  156.65   149.79    -155.72    -162.06    -156.65    -149.79
7.80    155.14 161.49  157.22   150.40    -155.14    -161.49    155.14 161.49  -157.22  -150.40  157.22   150.40    -155.14    -161.49    -157.22    -150.40
8.00    154.67 161.04  157.68   150.88    -154.67    -161.04    154.67 161.04  -157.68  -150.88  157.68   150.88    -154.67    -161.04    -157.68    -150.88
8.20    154.30 160.68  158.05   151.27    -154.30    -160.68    154.30 160.68  -158.05  -151.27  158.05   151.27    -154.30    -160.68    -158.05    -151.27
8.40    154.01 160.40  158.33   151.57    -154.01    -160.40    154.01 160.40  -158.33  -151.57  158.33   151.57    -154.01    -160.40    -158.33    -151.57
8.60    153.77 160.17  158.56   151.81    -153.77    -160.17    153.77 160.17  -158.56  -151.81  158.56   151.81    -153.77    -160.17    -158.56    -151.81
8.80    153.59 159.99  158.74   151.99    -153.59    -159.99    153.59 159.99  -158.74  -151.99  158.74   151.99    -153.59    -159.99    -158.74    -151.99
9.00    153.45 159.85  158.88   152.14    -153.45    -159.85    153.45 159.85  -158.88  -152.14  158.88   152.14    -153.45    -159.85    -158.88    -152.14
9.20    153.33 159.74  158.98   152.26    -153.33    -159.74    153.33 159.74  -158.98  -152.26  158.98   152.26    -153.33    -159.74    -158.98    -152.26
9.40    153.24 159.66  159.07   152.35    -153.24    -159.66    153.24 159.66  -159.07  -152.35  159.07   152.35    -153.24    -159.66    -159.07    -152.35
9.60    153.18 159.59  159.14   152.42    -153.18    -159.59    153.18 159.59  -159.14  -152.42  159.14   152.42    -153.18    -159.59    -159.14    -152.42
9.80    153.12 159.54  159.19   152.47    -153.12    -159.54    153.12 159.54  -159.19  -152.47  159.19   152.47    -153.12    -159.54    -159.19    -152.47
10.00   153.08    159.50 159.23  152.51   -153.08   -159.50   153.08    159.50 -159.23 -152.51 159.23  152.51   -153.08   -159.50   -159.23   -152.51
10.50   153.01    159.43 159.29  152.58   -153.01   -159.43   153.01    159.43 -159.29 -152.58 159.29  152.58   -153.01   -159.43   -159.29   -152.58
11.00   152.98    159.40 159.33  152.62   -152.98   -159.40   152.98    159.40 -159.33 -152.62 159.33  152.62   -152.98   -159.40   -159.33   -152.62
