E, K	sigma(1s5_2), cm2	sigma(1s5_1), cm2	sigma(1s5_0), cm2	sigma(1s4_1), cm2	sigma(1s4_0), cm2	sigma(1s3_0), cm2	sigma(1s2_1), cm2	sigma(1s2_0), cm2
6,625299E+00	2,487118E-14	2,289654E-14	2,246775E-14	2,309783E-14	2,188438E-14	2,338526E-14	2,238110E-14	2,114924E-14
6,937540E+00	2,378067E-14	2,217847E-14	2,184680E-14	2,230939E-14	2,140434E-14	2,255380E-14	2,201642E-14	2,105414E-14
7,264496E+00	2,654681E-14	2,420841E-14	2,368422E-14	2,453511E-14	2,289871E-14	2,478608E-14	2,344543E-14	2,169635E-14
7,606861E+00	2,574365E-14	2,370461E-14	2,324634E-14	2,395476E-14	2,258431E-14	2,419376E-14	2,317771E-14	2,166291E-14
7,965362E+00	2,489335E-14	2,315335E-14	2,276631E-14	2,333674E-14	2,223244E-14	2,355910E-14	2,287692E-14	2,160885E-14
8,340758E+00	2,401302E-14	2,256857E-14	2,225858E-14	2,269709E-14	2,185079E-14	2,289618E-14	2,255564E-14	2,153715E-14
8,733845E+00	2,312662E-14	2,196937E-14	2,173891E-14	2,205484E-14	2,145095E-14	2,222306E-14	2,222884E-14	2,145032E-14
9,145459E+00	2,506149E-14	2,337375E-14	2,305115E-14	2,366705E-14	2,254883E-14	2,379890E-14	2,329501E-14	2,194172E-14
9,576471E+00	2,438887E-14	2,294399E-14	2,267927E-14	2,317668E-14	2,226924E-14	2,330288E-14	2,305052E-14	2,190513E-14
1,002780E+01	2,368885E-14	2,248368E-14	2,227899E-14	2,265953E-14	2,196129E-14	2,277470E-14	2,277771E-14	2,185121E-14
1,050039E+01	2,297829E-14	2,200395E-14	2,185884E-14	2,213045E-14	2,163225E-14	2,222654E-14	2,248878E-14	2,178095E-14
1,099526E+01	2,428196E-14	2,300294E-14	2,276919E-14	2,325987E-14	2,238823E-14	2,327972E-14	2,324490E-14	2,214526E-14
1,151345E+01	2,374654E-14	2,265602E-14	2,246361E-14	2,285772E-14	2,215854E-14	2,287952E-14	2,302377E-14	2,211461E-14
1,205606E+01	2,319048E-14	2,228302E-14	2,213312E-14	2,243286E-14	2,190399E-14	2,245198E-14	2,278257E-14	2,206722E-14
1,262425E+01	2,262101E-14	2,189100E-14	2,178615E-14	2,199636E-14	2,163058E-14	2,200778E-14	2,253055E-14	2,200362E-14
1,321921E+01	2,357593E-14	2,262254E-14	2,245280E-14	2,283002E-14	2,220289E-14	2,279942E-14	2,311619E-14	2,228991E-14
1,384221E+01	2,312612E-14	2,232428E-14	2,219510E-14	2,249205E-14	2,200393E-14	2,246478E-14	2,292358E-14	2,225183E-14
1,449458E+01	2,265222E-14	2,200497E-14	2,191633E-14	2,213537E-14	2,178380E-14	2,210813E-14	2,271262E-14	2,219662E-14
1,517768E+01	2,216197E-14	2,167121E-14	2,162260E-14	2,176871E-14	2,154677E-14	2,174152E-14	2,249271E-14	2,212400E-14
1,589299E+01	2,287969E-14	2,223367E-14	2,214957E-14	2,239669E-14	2,200449E-14	2,236211E-14	2,296175E-14	2,234419E-14
1,664200E+01	2,248089E-14	2,197180E-14	2,191824E-14	2,210079E-14	2,182039E-14	2,206109E-14	2,277957E-14	2,228889E-14
1,742631E+01	2,206563E-14	2,169228E-14	2,167129E-14	2,179216E-14	2,161905E-14	2,174321E-14	2,258621E-14	2,221788E-14
1,824759E+01	2,257008E-14	2,209313E-14	2,205169E-14	2,224375E-14	2,193852E-14	2,217328E-14	2,293303E-14	2,237631E-14
1,910757E+01	2,222439E-14	2,186636E-14	2,185103E-14	2,198717E-14	2,177828E-14	2,191397E-14	2,277504E-14	2,232009E-14
2,000808E+01	2,186287E-14	2,162271E-14	2,163470E-14	2,171666E-14	2,160179E-14	2,163783E-14	2,260666E-14	2,224775E-14
2,095104E+01	2,220376E-14	2,191091E-14	2,191264E-14	2,203967E-14	2,183519E-14	2,194394E-14	2,287453E-14	2,235557E-14
2,193843E+01	2,189766E-14	2,170584E-14	2,173022E-14	2,180965E-14	2,169100E-14	2,171152E-14	2,273078E-14	2,229363E-14
2,297235E+01	2,157866E-14	2,148726E-14	2,153443E-14	2,156921E-14	2,153248E-14	2,146559E-14	2,257659E-14	2,222050E-14
2,405501E+01	2,182698E-14	2,170682E-14	2,174790E-14	2,182303E-14	2,170976E-14	2,169003E-14	2,278489E-14	2,230229E-14
2,518869E+01	2,155399E-14	2,151959E-14	2,158092E-14	2,161349E-14	2,157630E-14	2,148056E-14	2,265065E-14	2,224369E-14
2,637579E+01	2,127196E-14	2,132213E-14	2,140321E-14	2,139661E-14	2,143130E-14	2,126061E-14	2,250847E-14	2,217550E-14
2,761884E+01	2,147261E-14	2,150058E-14	2,157395E-14	2,160382E-14	2,157642E-14	2,143966E-14	2,267965E-14	2,224737E-14
2,892048E+01	2,122814E-14	2,132921E-14	2,142155E-14	2,141317E-14	2,145397E-14	2,125028E-14	2,255165E-14	2,219533E-14
3,028346E+01	2,136465E-14	2,144938E-14	2,153555E-14	2,156121E-14	2,155443E-14	2,137025E-14	2,267016E-14	2,224910E-14
3,171068E+01	2,115010E-14	2,130164E-14	2,140490E-14	2,139500E-14	2,144811E-14	2,120499E-14	2,255747E-14	2,220983E-14
3,320515E+01	2,092763E-14	2,114482E-14	2,126572E-14	2,122200E-14	2,133292E-14	2,103214E-14	2,243878E-14	2,216198E-14
3,477006E+01	2,104165E-14	2,124866E-14	2,136671E-14	2,134609E-14	2,142457E-14	2,114235E-14	2,254074E-14	2,221827E-14
3,640873E+01	2,084211E-14	2,110948E-14	2,124255E-14	2,119114E-14	2,132001E-14	2,098629E-14	2,243560E-14	2,217617E-14
3,812462E+01	2,091193E-14	2,118033E-14	2,131185E-14	2,127558E-14	2,138348E-14	2,106220E-14	2,251493E-14	2,221370E-14
3,992138E+01	2,072836E-14	2,105216E-14	2,119797E-14	2,113250E-14	2,128561E-14	2,091908E-14	2,241943E-14	2,216811E-14
4,180281E+01	2,077102E-14	2,109937E-14	2,124242E-14	2,118378E-14	2,132518E-14	2,096545E-14	2,248074E-14	2,218736E-14
4,377292E+01	2,060064E-14	2,097856E-14	2,113393E-14	2,104847E-14	2,122964E-14	2,083093E-14	2,239234E-14	2,213430E-14
4,583587E+01	2,062567E-14	2,100664E-14	2,116106E-14	2,107783E-14	2,125088E-14	2,085432E-14	2,243511E-14	2,213597E-14
4,799605E+01	2,046728E-14	2,089121E-14	2,105670E-14	2,094853E-14	2,115916E-14	2,072840E-14	2,234904E-14	2,207726E-14
5,025803E+01	2,048125E-14	2,090628E-14	2,107300E-14	2,096431E-14	2,116811E-14	2,073769E-14	2,237675E-14	2,207077E-14
5,262662E+01	2,033585E-14	2,079706E-14	2,097417E-14	2,084300E-14	2,108117E-14	2,062013E-14	2,228974E-14	2,201225E-14
5,510684E+01	2,034135E-14	2,080474E-14	2,098391E-14	2,085506E-14	2,108565E-14	2,062402E-14	2,230485E-14	2,200564E-14
5,770394E+01	2,020676E-14	2,070247E-14	2,089086E-14	2,074095E-14	2,100306E-14	2,051393E-14	2,221857E-14	2,195284E-14
6,042345E+01	2,020411E-14	2,070402E-14	2,089519E-14	2,075007E-14	2,100526E-14	2,051785E-14	2,222295E-14	2,194752E-14
6,327112E+01	2,007587E-14	2,060627E-14	2,080535E-14	2,064101E-14	2,092476E-14	2,041173E-14	2,213831E-14	2,189753E-14
6,625299E+01	2,006734E-14	2,060261E-14	2,080470E-14	2,064223E-14	2,092317E-14	2,041216E-14	2,213698E-14	2,188816E-14
6,937540E+01	2,004833E-14	2,058922E-14	2,079131E-14	2,062872E-14	2,090913E-14	2,039577E-14	2,212866E-14	2,187116E-14
7,264496E+01	1,993182E-14	2,049841E-14	2,070745E-14	2,052927E-14	2,083231E-14	2,029961E-14	2,205082E-14	2,181412E-14
7,606861E+01	1,991220E-14	2,048243E-14	2,068950E-14	2,051137E-14	2,081355E-14	2,027959E-14	2,203944E-14	2,178765E-14
7,965362E+01	1,988273E-14	2,045714E-14	2,066582E-14	2,048611E-14	2,078777E-14	2,025259E-14	2,201924E-14	2,175420E-14
8,340758E+01	1,977943E-14	2,037423E-14	2,058683E-14	2,039530E-14	2,071614E-14	2,016355E-14	2,194524E-14	2,169672E-14
8,733845E+01	1,974969E-14	2,034891E-14	2,056501E-14	2,037259E-14	2,069208E-14	2,013730E-14	2,192196E-14	2,166692E-14
9,145459E+01	1,971580E-14	2,032079E-14	2,053758E-14	2,034524E-14	2,066538E-14	2,010707E-14	2,189428E-14	2,163857E-14
9,576471E+01	1,961927E-14	2,024329E-14	2,046516E-14	2,025949E-14	2,059843E-14	2,002473E-14	2,182031E-14	2,158793E-14
1,002780E+02	1,958504E-14	2,021436E-14	2,043633E-14	2,022761E-14	2,057087E-14	1,999567E-14	2,179104E-14	2,155907E-14
1,050039E+02	1,954889E-14	2,018187E-14	2,040496E-14	2,019136E-14	2,053790E-14	1,996016E-14	2,175766E-14	2,152407E-14
1,099526E+02	1,950946E-14	2,014473E-14	2,037011E-14	2,015303E-14	2,050146E-14	1,992350E-14	2,172158E-14	2,148506E-14
1,151345E+02	1,942643E-14	2,007247E-14	2,030061E-14	2,007402E-14	2,043613E-14	1,984834E-14	2,165119E-14	2,142784E-14
1,205606E+02	1,939173E-14	2,003705E-14	2,026743E-14	2,003925E-14	2,040030E-14	1,981315E-14	2,161395E-14	2,138640E-14
1,262425E+02	1,935571E-14	2,000057E-14	2,023108E-14	2,000291E-14	2,036342E-14	1,977724E-14	2,157655E-14	2,134646E-14
1,321921E+02	1,931881E-14	1,996335E-14	2,019329E-14	1,996388E-14	2,032552E-14	1,973852E-14	2,153613E-14	2,130468E-14
1,384221E+02	1,927947E-14	1,992391E-14	2,015417E-14	1,992412E-14	2,028567E-14	1,969935E-14	2,149304E-14	2,126085E-14
1,449458E+02	1,924013E-14	1,988389E-14	2,011422E-14	1,988351E-14	2,024454E-14	1,965923E-14	2,144746E-14	2,121521E-14
1,517768E+02	1,917193E-14	1,982117E-14	2,005172E-14	1,981555E-14	2,018523E-14	1,959444E-14	2,137889E-14	2,115916E-14
1,589299E+02	1,913497E-14	1,978263E-14	2,001258E-14	1,977716E-14	2,014631E-14	1,955774E-14	2,133157E-14	2,111295E-14
1,664200E+02	1,909729E-14	1,974354E-14	1,997325E-14	1,973830E-14	2,010632E-14	1,951960E-14	2,128400E-14	2,106694E-14
1,742631E+02	1,905820E-14	1,970325E-14	1,993259E-14	1,969838E-14	2,006527E-14	1,948039E-14	2,123644E-14	2,102028E-14
1,824759E+02	1,901864E-14	1,966220E-14	1,989065E-14	1,965815E-14	2,002337E-14	1,944077E-14	2,118971E-14	2,097240E-14
1,910757E+02	1,897932E-14	1,962164E-14	1,984784E-14	1,961769E-14	1,998114E-14	1,940072E-14	2,114221E-14	2,092357E-14
2,000808E+02	1,893848E-14	1,958020E-14	1,980479E-14	1,957682E-14	1,993867E-14	1,936010E-14	2,109339E-14	2,087467E-14
2,095104E+02	1,889514E-14	1,953740E-14	1,976107E-14	1,953484E-14	1,989504E-14	1,931828E-14	2,104274E-14	2,082512E-14
2,193843E+02	1,884967E-14	1,949320E-14	1,971565E-14	1,949101E-14	1,984984E-14	1,927513E-14	2,099097E-14	2,077366E-14
2,297235E+02	1,881813E-14	1,946039E-14	1,968143E-14	1,946013E-14	1,981310E-14	1,924368E-14	2,095018E-14	2,072660E-14
2,405501E+02	1,876855E-14	1,941420E-14	1,963449E-14	1,941313E-14	1,976654E-14	1,919727E-14	2,089741E-14	2,067405E-14
2,518869E+02	1,871723E-14	1,936710E-14	1,958695E-14	1,936445E-14	1,971937E-14	1,914926E-14	2,084539E-14	2,062220E-14
2,637579E+02	1,866459E-14	1,931824E-14	1,953851E-14	1,931418E-14	1,967064E-14	1,909974E-14	2,079271E-14	2,056900E-14
2,761884E+02	1,861137E-14	1,926792E-14	1,948909E-14	1,926284E-14	1,962051E-14	1,904926E-14	2,073849E-14	2,051447E-14
2,892048E+02	1,856915E-14	1,922602E-14	1,944625E-14	1,922014E-14	1,957679E-14	1,900737E-14	2,069059E-14	2,046271E-14
3,028346E+02	1,851521E-14	1,917428E-14	1,939434E-14	1,916566E-14	1,952476E-14	1,895508E-14	2,063373E-14	2,040732E-14
3,171068E+02	1,846255E-14	1,912196E-14	1,934235E-14	1,911067E-14	1,947168E-14	1,890229E-14	2,057613E-14	2,035079E-14
3,320515E+02	1,841160E-14	1,906959E-14	1,929054E-14	1,905720E-14	1,941817E-14	1,885021E-14	2,051757E-14	2,029406E-14
3,477006E+02	1,837036E-14	1,902375E-14	1,924499E-14	1,901265E-14	1,937055E-14	1,880671E-14	2,046388E-14	2,023923E-14
3,640873E+02	1,832217E-14	1,897236E-14	1,919199E-14	1,895998E-14	1,931734E-14	1,875598E-14	2,040452E-14	2,018094E-14
3,812462E+02	1,828050E-14	1,892631E-14	1,914523E-14	1,891485E-14	1,926841E-14	1,871180E-14	2,034929E-14	2,012446E-14
3,992138E+02	1,823090E-14	1,887502E-14	1,909255E-14	1,886317E-14	1,921572E-14	1,866172E-14	2,028961E-14	2,006448E-14
4,180281E+02	1,818574E-14	1,882807E-14	1,904426E-14	1,881579E-14	1,916543E-14	1,861539E-14	2,023404E-14	2,000753E-14
4,377292E+02	1,813237E-14	1,877547E-14	1,899113E-14	1,876282E-14	1,911228E-14	1,856390E-14	2,017362E-14	1,994756E-14
4,583587E+02	1,808329E-14	1,872652E-14	1,894135E-14	1,871215E-14	1,906059E-14	1,851474E-14	2,011686E-14	1,988960E-14
4,799605E+02	1,802795E-14	1,867219E-14	1,888654E-14	1,865605E-14	1,900556E-14	1,846065E-14	2,005554E-14	1,982803E-14
5,025803E+02	1,797749E-14	1,862048E-14	1,883527E-14	1,860279E-14	1,895192E-14	1,840905E-14	1,999607E-14	1,976914E-14
5,262662E+02	1,792866E-14	1,856871E-14	1,878228E-14	1,854907E-14	1,889729E-14	1,835711E-14	1,993643E-14	1,970836E-14
5,510684E+02	1,787555E-14	1,851307E-14	1,872589E-14	1,849302E-14	1,884061E-14	1,830305E-14	1,987245E-14	1,964588E-14
5,770394E+02	1,782623E-14	1,846071E-14	1,867314E-14	1,844070E-14	1,878564E-14	1,825217E-14	1,981060E-14	1,958489E-14
6,042345E+02	1,777604E-14	1,840806E-14	1,861963E-14	1,838775E-14	1,873041E-14	1,820072E-14	1,974810E-14	1,952271E-14
6,327112E+02	1,772444E-14	1,835486E-14	1,856560E-14	1,833347E-14	1,867478E-14	1,814821E-14	1,968528E-14	1,946026E-14
6,625299E+02	1,766857E-14	1,829894E-14	1,850802E-14	1,827511E-14	1,861745E-14	1,809245E-14	1,962114E-14	1,939564E-14
6,937540E+02	1,761528E-14	1,824406E-14	1,845242E-14	1,821879E-14	1,856040E-14	1,803814E-14	1,955783E-14	1,933196E-14
7,264496E+02	1,756231E-14	1,818849E-14	1,839635E-14	1,816217E-14	1,850274E-14	1,798333E-14	1,949380E-14	1,926780E-14
7,606861E+02	1,750948E-14	1,813265E-14	1,833977E-14	1,810554E-14	1,844456E-14	1,792820E-14	1,942927E-14	1,920346E-14
7,965362E+02	1,745585E-14	1,807664E-14	1,828280E-14	1,804899E-14	1,838588E-14	1,787342E-14	1,936377E-14	1,913870E-14
8,340758E+02	1,740260E-14	1,802167E-14	1,822632E-14	1,799385E-14	1,832873E-14	1,782017E-14	1,930078E-14	1,907434E-14
8,733845E+02	1,734737E-14	1,796489E-14	1,816879E-14	1,793507E-14	1,826957E-14	1,776370E-14	1,923519E-14	1,900786E-14
9,145459E+02	1,729196E-14	1,790741E-14	1,811066E-14	1,787537E-14	1,820959E-14	1,770590E-14	1,916790E-14	1,894197E-14
9,576471E+02	1,723621E-14	1,784848E-14	1,805204E-14	1,781632E-14	1,814861E-14	1,764887E-14	1,910057E-14	1,887594E-14
1,002780E+03	1,717950E-14	1,779053E-14	1,799191E-14	1,775691E-14	1,808853E-14	1,759173E-14	1,903292E-14	1,880888E-14
1,050039E+03	1,712469E-14	1,773209E-14	1,793396E-14	1,769782E-14	1,802776E-14	1,753447E-14	1,896476E-14	1,874165E-14
1,099526E+03	1,706719E-14	1,767346E-14	1,787333E-14	1,763746E-14	1,796673E-14	1,747638E-14	1,889637E-14	1,867367E-14
1,151345E+03	1,701064E-14	1,761429E-14	1,781333E-14	1,757761E-14	1,790527E-14	1,741823E-14	1,882769E-14	1,860652E-14
1,205606E+03	1,695345E-14	1,755456E-14	1,775288E-14	1,751581E-14	1,784300E-14	1,735832E-14	1,875758E-14	1,853756E-14
1,262425E+03	1,689609E-14	1,749491E-14	1,769203E-14	1,745519E-14	1,778099E-14	1,730002E-14	1,868862E-14	1,846894E-14
1,321921E+03	1,683812E-14	1,743458E-14	1,763091E-14	1,739419E-14	1,771832E-14	1,724077E-14	1,861964E-14	1,839991E-14
1,384221E+03	1,677888E-14	1,737276E-14	1,756844E-14	1,733203E-14	1,765459E-14	1,718019E-14	1,854966E-14	1,833160E-14
1,449458E+03	1,672036E-14	1,731172E-14	1,750629E-14	1,727006E-14	1,759117E-14	1,712012E-14	1,847928E-14	1,826205E-14
1,517768E+03	1,666155E-14	1,725039E-14	1,744407E-14	1,720767E-14	1,752732E-14	1,705968E-14	1,840813E-14	1,819188E-14
1,589299E+03	1,660227E-14	1,718875E-14	1,738159E-14	1,714453E-14	1,746317E-14	1,699864E-14	1,833628E-14	1,812035E-14
1,664200E+03	1,654275E-14	1,712654E-14	1,731862E-14	1,708062E-14	1,739818E-14	1,693645E-14	1,826408E-14	1,804921E-14
1,742631E+03	1,648268E-14	1,706304E-14	1,725509E-14	1,701707E-14	1,733222E-14	1,687490E-14	1,819286E-14	1,797787E-14
1,824759E+03	1,642106E-14	1,700036E-14	1,719036E-14	1,695343E-14	1,726716E-14	1,681323E-14	1,812174E-14	1,790651E-14
1,910757E+03	1,636026E-14	1,693776E-14	1,712710E-14	1,688810E-14	1,720166E-14	1,675056E-14	1,804815E-14	1,783380E-14
2,000808E+03	1,629917E-14	1,687334E-14	1,706237E-14	1,682355E-14	1,713528E-14	1,668800E-14	1,797658E-14	1,776217E-14
2,095104E+03	1,623711E-14	1,680978E-14	1,699810E-14	1,675819E-14	1,706856E-14	1,662473E-14	1,790349E-14	1,768946E-14
2,193843E+03	1,617419E-14	1,674582E-14	1,693251E-14	1,669241E-14	1,700250E-14	1,656153E-14	1,783038E-14	1,761621E-14
2,297235E+03	1,611145E-14	1,668097E-14	1,686709E-14	1,662624E-14	1,693522E-14	1,649766E-14	1,775659E-14	1,754304E-14
2,405501E+03	1,604880E-14	1,661541E-14	1,680160E-14	1,655964E-14	1,686757E-14	1,643316E-14	1,768174E-14	1,746971E-14
2,518869E+03	1,598542E-14	1,655012E-14	1,673533E-14	1,649270E-14	1,679981E-14	1,636861E-14	1,760733E-14	1,739535E-14
2,637579E+03	1,592117E-14	1,648468E-14	1,666852E-14	1,642560E-14	1,673188E-14	1,630387E-14	1,753249E-14	1,732047E-14
2,761884E+03	1,585768E-14	1,641852E-14	1,660240E-14	1,635800E-14	1,666306E-14	1,623828E-14	1,745665E-14	1,724588E-14
2,892048E+03	1,579296E-14	1,635222E-14	1,653457E-14	1,628988E-14	1,659424E-14	1,617260E-14	1,738123E-14	1,716975E-14
3,028346E+03	1,572858E-14	1,628533E-14	1,646768E-14	1,622077E-14	1,652407E-14	1,610528E-14	1,730427E-14	1,709377E-14
3,171068E+03	1,566307E-14	1,621727E-14	1,639909E-14	1,615307E-14	1,645459E-14	1,603959E-14	1,722773E-14	1,701866E-14
3,320515E+03	1,559843E-14	1,614910E-14	1,633058E-14	1,608378E-14	1,638392E-14	1,597215E-14	1,715014E-14	1,694165E-14
3,477006E+03	1,553275E-14	1,608235E-14	1,626099E-14	1,601435E-14	1,631383E-14	1,590536E-14	1,707320E-14	1,686446E-14
3,640873E+03	1,546612E-14	1,601336E-14	1,619262E-14	1,594568E-14	1,624288E-14	1,583818E-14	1,699548E-14	1,678792E-14
3,812462E+03	1,539968E-14	1,594457E-14	1,612289E-14	1,587555E-14	1,617128E-14	1,577016E-14	1,691752E-14	1,671001E-14
3,992138E+03	1,533295E-14	1,587498E-14	1,605222E-14	1,580516E-14	1,609956E-14	1,570181E-14	1,683840E-14	1,663120E-14
4,180281E+03	1,526590E-14	1,580499E-14	1,598110E-14	1,573476E-14	1,602731E-14	1,563306E-14	1,675882E-14	1,655378E-14
4,377292E+03	1,519870E-14	1,573550E-14	1,590971E-14	1,566297E-14	1,595542E-14	1,556372E-14	1,667943E-14	1,647453E-14
4,583587E+03	1,513053E-14	1,566476E-14	1,583821E-14	1,559145E-14	1,588213E-14	1,549327E-14	1,659992E-14	1,639657E-14
4,799605E+03	1,506144E-14	1,559356E-14	1,576590E-14	1,551995E-14	1,580770E-14	1,542332E-14	1,651990E-14	1,631646E-14
5,025803E+03	1,499286E-14	1,552083E-14	1,569218E-14	1,544650E-14	1,573443E-14	1,535258E-14		1,623729E-14
5,262662E+03	1,492325E-14	1,544904E-14	1,561963E-14	1,537296E-14	1,565886E-14	1,528103E-14		1,615682E-14
5,510684E+03	1,485303E-14	1,537576E-14	1,554571E-14	1,530047E-14	1,558447E-14	1,520871E-14		1,607606E-14
5,770394E+03	1,478232E-14	1,530239E-14		1,522592E-14	1,550868E-14	1,513714E-14		1,599642E-14
6,042345E+03	1,471165E-14	1,522837E-14		1,515110E-14	1,543241E-14	1,506402E-14		1,591457E-14
6,327112E+03	1,463994E-14	1,515396E-14		1,507587E-14	1,535591E-14	1,499008E-14		1,583187E-14
6,625299E+03	1,456763E-14			1,500020E-14	1,527912E-14	1,491551E-14		1,574857E-14
6,937540E+03	1,449418E-14			1,492336E-14	1,520089E-14	1,484189E-14		1,566595E-14
7,264496E+03	1,442149E-14			1,484665E-14		1,476732E-14		1,558219E-14
7,606861E+03	1,434685E-14							1,549815E-14
7,965362E+03	1,427186E-14							1,541309E-14
8,340758E+03	1,419659E-14							1,532876E-14
8,733845E+03	1,412143E-14							