E	J	d1	d2
5	0	1.3893700300259244	-1.170872935577381
5	1	1.3592784928075923	-1.1755792606393256
5	2	1.2992693782603197	-1.1849934038469447
5	3	1.2097521648776715	-1.1991196983056134
5	4	1.0914332833512055	-1.2179676273697557
5	5	0.9452409671295662	-1.2415537884762713
5	6	0.7719486456434344	-1.2699022498627255
5	7	0.5715058546070283	-1.3030416129600966
5	8	0.34258195955252474	-1.3409997518566423
5	9	0.08339724705600535	-1.3834717834069536
5	10	-0.20550053902095858	-1.429551736668238
5	11	-0.5186970582766339	-1.4812533620798949
5	12	-0.8488294611544906	-1.5377640119006122
5	13	-1.1944607904997584	1.5423900648200346
5	14	-1.5611617223082084	1.476057904887187
5	15	1.1926799742511685	1.4067428532412825
5	16	0.7978198673352552	1.3315799704821267
5	17	0.4064012977350763	1.251386618458852
5	18	0.013034364526241873	1.1671357551662338
5	19	-0.3811188353234958	1.0784351792834725
5	20	-0.7574204886778513	0.9843936916564454
5	21	-1.1083403539422179	0.8855732435601065
5	22	-1.4384982946283225	0.7833963819589875
5	23	1.4040855216269814	0.6753399323198912
5	24	1.149991850629398	0.5635624898060714
5	25	0.9411193867519779	0.44662245643461496
5	26	0.7814625077526602	0.3242944245310544
5	27	0.6807285935832438	0.19921521531753444
5	28	0.6430244746839747	0.06799922341733425
5	29	0.6751335824195137	-0.06663800518457988
5	30	0.7862625330357118	-0.20683291597172773
10	0	-0.22546732117743185	0.44130780518669854
10	1	-0.2527624295346251	0.4364464519054874
10	2	-0.30751095108195536	0.42672271684334534
10	3	-0.39002883745781414	0.41212650875516743
10	4	-0.5007444294531078	0.39294349956196656
10	5	-0.640035927150845	0.3697590667821632
10	6	-0.8078043393985824	0.34094910753402735
10	7	-1.0030188352841238	0.3072728260326404
10	8	-1.2234949559687545	0.2687502142159475
10	9	-1.4666869352768066	0.22532415060084168
10	10	1.4099320276288028	0.17693947084949083
10	11	1.1206150401536994	0.12355980707056238
10	12	0.8017018154581903	0.06687561454570122
10	13	0.4505587980571576	0.004416475795283136
10	14	0.07352603977578287	-0.06298701285779947
10	15	-0.317860999492896	-0.1354963901217547
10	16	-0.7218713247133148	-0.21172226622546708
10	17	-1.1504798631649207	-0.29320094144333597
10	18	1.5323345715151975	-0.37980650745567845
10	19	1.0609719703230691	-0.47168860603257534
10	20	0.5904771474656165	-0.5664281699071126
10	21	0.10568192032727261	-0.6672530028882863
10	22	-0.40085711367452603	-0.7734354488625292
10	23	-0.902811629622872	-0.8823718315782181
10	24	-1.3932747697942975	-0.9975910268628433
10	25	1.247468646601968	-1.116616352953669
10	26	0.7495727089459825	-1.2409454540695535
10	27	0.2792693531365158	-1.3708023338694946
10	28	-0.18189811401347067	-1.5033028989942718
10	29	-0.6363044265982679	1.499220058202286
10	30	-1.0549521413320904	1.3571283868511608
15	0	-0.44100999487860937	-0.9753147041051955
15	1	-0.4667166875365022	-0.980253996711572
15	2	-0.5179499934179502	-0.9901378656012015
15	3	-0.5943662467188224	-1.0049729173617281
15	4	-0.6955247424542932	-1.0247701357605612
15	5	-0.8210536044608536	-1.0495507216377746
15	6	-0.9709457865388482	-1.0793305728164764
15	7	-1.1459191710700394	-1.1141347208165888
15	8	-1.3475892120300232	-1.1531880330675615
15	9	1.563513397994248	-1.1969632695718553
15	10	1.3030764377224349	-1.2462031163062761
15	11	1.0147598613985798	-1.3004542703060462
15	12	0.7043552308056262	-1.3598226924959407
15	13	0.3775454566464687	-1.424339734893698
15	14	0.03359333472299448	-1.4921821618075957
15	15	-0.33602324797775784	-1.5659501492730852
15	16	-0.7397017634302093	1.4967123527366164
15	17	-1.1716384079587332	1.4124815160985718
15	18	1.5269085402641736	1.325167976962494
15	19	1.0766840232954893	1.2317666774566987
15	20	0.601101576786599	1.1329697616646812
15	21	0.09208068219717394	1.0308459843296385
15	22	-0.42588427274441615	0.9228503792632687
15	23	-0.9398292445324312	0.8093189786117161
15	24	-1.4748671211062507	0.6928921834688457
15	25	1.1061403205831901	0.5701193588008865
15	26	0.5553724816978656	0.4434701987908411
15	27	0.00993360048365975	0.31134598017159193
15	28	-0.5586506982601246	0.17435459637316236
15	29	-1.122015422576928	0.03321938383553394
15	30	1.4801798317758763	-0.11409100263193167
20	0	0.043175229004140975	0.8686884177726067
20	1	0.01887641447514374	0.863634371909063
20	2	-0.029557280558516287	0.8535247399940401
20	3	-0.10181886359647058	0.8383566726264055
20	4	-0.19754061658878072	0.8181159106715546
20	5	-0.31644381571551417	0.7928085493663924
20	6	-0.45862073956677085	0.7623938858142263
20	7	-0.6248232733534417	0.7268573494232847
20	8	-0.8166213585787295	0.6861708029068014
20	9	-1.0360239281022008	0.6403321049547525
20	10	-1.2845139285240976	0.5909376768717067
20	11	-1.5606670181817917	0.5354365918305399
20	12	1.282096630445882	0.47482362317348675
20	13	0.9668034970425007	0.408971249235014
20	14	0.636722554914507	0.3378377731594672
20	15	0.2855081319209642	0.2631941792306361
20	16	-0.0973177486543352	0.18256553675261472
20	17	-0.5142243261138482	0.09667095954651797
20	18	-0.9511600426642819	0.005324222687774683
20	19	-1.3938496979553583	-0.08915515200742673
20	20	1.2923187849302844	-0.1899091775065863
20	21	0.802951596044238	-0.2961826351131268
20	22	0.28206925134325234	-0.40573851051626364
20	23	-0.2406104918388966	-0.5214676099075805
20	24	-0.7640881980785332	-0.6422444726372968
20	25	-1.3190259824793402	-0.7669751313115246
20	26	1.2419893146706302	-0.8979084791042033
20	27	0.673345294273353	-1.0323941342772764
20	28	0.10092415015195594	-1.1728854375377258
20	29	-0.5042454909263411	-1.3174999553963633
20	30	-1.1043254689635098	-1.4676592390852055
25	0	0.9648344196986316	-0.3003337039249511
25	1	0.9418268696307489	-0.3055436644257509
25	2	0.8956846221101469	-0.3159594240759608
25	3	0.8261176742807337	-0.3315990192652161
25	4	0.7326139519721868	-0.3527866626872207
25	5	0.6146357462034637	-0.37880060889583217
25	6	0.47139053135663844	-0.4099211106058252
25	7	0.3023704806099717	-0.44595820306111733
25	8	0.10770524847510897	-0.48668749004595313
25	9	-0.10996461258039926	-0.5333229566327561
25	10	-0.34802941305868035	-0.5852096973382891
25	11	-0.6033770080581022	-0.6422780698337418
25	12	-0.8758001707919425	-0.7049208247582285
25	13	-1.1691444819804242	-0.7723743704196188
25	14	-1.4905218744795021	-0.8439524312343688
25	15	1.2964813151871604	-0.9217021011286765
25	16	0.9134340439876932	-1.004340500579845
25	17	0.5153255293400247	-1.0924802808098626
25	18	0.11022198790191114	-1.1861053421367804
25	19	-0.3115415807251925	-1.2831583137921045
25	20	-0.7680583511401026	-1.3865306783570424
25	21	-1.2584958693552943	-1.495684761443552
25	22	1.3833964859338423	1.533526480297647
25	23	0.8853749283569996	1.414830030894121
25	24	0.36240990839997766	1.2905191392630844
25	25	-0.200196247879265	1.1628694577161511
25	26	-0.7684282780432194	1.0287681275163607
25	27	-1.3273683348165788	0.890534118648832
25	28	1.2274253505198804	0.7465964407039011
25	29	0.6095557647708282	0.5979704294770768
25	30	0.007699495929307597	0.4441592978094536
30	0	-1.0135910577973901	-1.3292572251830361
30	1	-1.036398065637831	-1.334589789997018
30	2	-1.0818474365681734	-1.3452542170725077
30	3	-1.1495865446097753	-1.361250437971384
30	4	-1.2391394893513958	-1.38257699738862
30	5	-1.3500141243307822	-1.4092316117966481
30	6	-1.4818339490543022	-1.4412150552854701
30	7	1.5068817219210362	-1.4785346289005448
30	8	1.3319907076105286	-1.5212271232530215
30	9	1.1332284858295076	-1.5692237763072747
30	10	0.9080027909447935	1.5190090959216573
30	11	0.6545573851929838	1.4601675215215808
30	12	0.374075422342082	1.3959782964556995
30	13	0.07088110919616412	1.3274204789260398
30	14	-0.24698669837487705	1.2532089409845804
30	15	-0.5761778583624126	1.1734470625846536
30	16	-0.9223877606956051	1.0882550384546819
30	17	-1.2973256745536166	0.9976355407324579
30	18	1.433745119998795	0.9017326557875842
30	19	0.9961095021070819	0.8017946040191622
30	20	0.5524945275430222	0.695636139212821
30	21	0.10466230697658511	0.5840422456953334
30	22	-0.3689514625051827	0.4672928174082521
30	23	-0.8837527277237913	0.34616364337213484
30	24	-1.4167816451579986	0.2189956404242455
30	25	1.1991083017167394	0.08608506479357968
30	26	0.6596832755749791	-0.05028983196647404
30	27	0.07718576543743157	-0.19307403809899137
30	28	-0.5200946750273476	-0.34052892574423826
30	29	-1.1011513250294795	-0.49345412138925726
30	30	1.438528118404233	-0.6520683729951915
35	0	0.39643034141032385	0.9342067789978634
35	1	0.37349892490087017	0.928763104198006
35	2	0.32765483466056017	0.9178612955154797
35	3	0.25896954855320786	0.9014423252568396
35	4	0.16775442982174393	0.87925019718371
35	5	0.05420888227697203	0.8519651123451725
35	6	-0.08044930146489561	0.8188612829185717
35	7	-0.23522428815947954	0.7802423034705541
35	8	-0.40925222017176927	0.7365844135854298
35	9	-0.6013345357581367	0.6875039512904582
35	10	-0.8122929254048346	0.632879146639028
35	11	-1.0450843260429743	0.5725907145802425
35	12	-1.304039750113962	0.5068393663405443
35	13	1.5490842067272743	0.43563048570715296
35	14	1.231522729682731	0.358927005205556
35	15	0.892476783202403	0.27674015958337417
35	16	0.5418969438077794	0.18908031414978355
35	17	0.18260586764390668	0.09579206885013118
35	18	-0.19419539185572463	-0.0024129730245940235
35	19	-0.6036427323277718	-0.10572026113929725
35	20	-1.0499924445375257	-0.21490424306944164
35	21	-1.5143219699725965	-0.3295553855227368
35	22	1.163965965868584	-0.44983289225128537
35	23	0.6911603740704896	-0.5747839554223998
35	24	0.18102437858331935	-0.7053506119356135
35	25	-0.36557548071926366	-0.8414420412894986
35	26	-0.9115050937031892	-0.9831485806112162
35	27	-1.4524603385905115	-1.129364590191174
35	28	1.1138125228211426	-1.2813598820553738
35	29	0.5011658056869052	-1.4390031089294462
35	30	-0.10037218850358946	1.5404425152463048
40	0	-1.1812099341540818	0.2224412311904516
40	1	-1.2034412488915274	0.21675926655982417
40	2	-1.2478278903623803	0.2054349568136514
40	3	-1.3146167460212959	0.1884440975016461
40	4	-1.4039388915662783	0.16578309035366415
40	5	-1.515674629148559	0.13744930223368002
40	6	1.4923324272412626	0.10346409622787739
40	7	1.3379575406261655	0.06384594956178717
40	8	1.1643482687058466	0.018575381569813983
40	9	0.9730991836122123	-0.032397038355179424
40	10	0.765206868562115	-0.08896694440079925
40	11	0.5397000446320495	-0.1511823221786065
40	12	0.29337969893744686	-0.2190422861886563
40	13	0.02119094974692159	-0.292563760753252
40	14	-0.28101771360403	-0.3717546223400387
40	15	-0.6122152411672727	-0.4565482210499838
40	16	-0.9640521043838615	-0.5469311322326152
40	17	-1.3263430779088692	-0.6421696250641584
40	18	1.4468856487111943	-0.7435546415239098
40	19	1.0599709634777346	-0.850561876017683
40	20	0.6382400398096069	-0.9631435363755844
40	21	0.1801424126713777	-1.081316193695494
40	22	-0.2918881574681207	-1.2051060912953528
40	23	-0.7605357146823393	-1.3344585884498632
40	24	-1.241279858443645	-1.4692388970468635
40	25	1.3788560673977612	1.5325402388510954
40	26	0.8235056338088642	1.3868233210800263
40	27	0.27413000244325514	1.2355235270160225
40	28	-0.27248455494926643	1.078521227484224
40	29	-0.8585010426121951	0.9168878651691936
40	30	-1.4794995378260543	0.7493445695082351
45	0	0.5008115261814864	-0.30852873908590944
45	1	0.47903467652514536	-0.3143419405726906
45	2	0.43541269912548886	-0.3259808122635772
45	3	0.3700388561117727	-0.34354759982123473
45	4	0.28265557262670427	-0.36693547934437
45	5	0.17380669200481103	-0.39629749979249473
45	6	0.04355755961563023	-0.43143481977788206
45	7	-0.10736241697994801	-0.4722081417575263
45	8	-0.2763711227840532	-0.5190263438895749
45	9	-0.4625217541373972	-0.571669579607845
45	10	-0.6649775857140949	-0.6302103479191399
45	11	-0.8845833712613341	-0.6944652157584946
45	12	-1.1243508041136225	-0.7645132688047885
45	13	-1.3893081787344452	-0.8402844814121675
45	14	1.4576486984705628	-0.9219736952582441
45	15	1.1334713158893286	-1.0093447396661381
45	16	0.7880709899666286	-1.1025659764819975
45	17	0.4329398675389114	-1.2016198518303811
45	18	0.07197618663440267	-1.3064375197522717
45	19	-0.30422597385847283	-1.417008998919452
45	20	-0.7123184277194586	-1.5333240520423894
45	21	-1.1589172581881584	1.4862187250510268
45	22	1.5156040874871841	1.3584381600246278
45	23	1.0511263222676983	1.2249501444614885
45	24	0.582508232734516	1.085705412200088
45	25	0.08000825896126433	0.9407634401148995
45	26	-0.46467449473429784	0.7900687665928268
45	27	-1.0166176702010412	0.6340038254541615
45	28	-1.5559305331127327	0.472511120761275
45	29	1.0217572092596776	0.3050988408881334
45	30	0.4094973055855875	0.13203364893329886
50	0	-0.867411621827383	-0.6379420933853692
50	1	-0.8888077441161095	-0.6440016612949754
50	2	-0.9314277942895914	-0.6561553871531935
50	3	-0.9952927410015134	-0.6743518529995582
50	4	-1.0800973374252767	-0.6985839181855538
50	5	-1.1850947464205777	-0.7288952940444234
50	6	-1.309337479862719	-0.765314088718514
50	7	-1.452008685267307	-0.8077495492805339
50	8	1.5296583330045461	-0.8563754529466907
50	9	1.3526604708323924	-0.9110943497636119
50	10	1.157845258898713	-0.9716595036047992
50	11	0.9432360756269373	-1.0381932071809923
50	12	0.7047980965227262	-1.1107856775574894
50	13	0.43874490185406945	-1.1893969823605897
50	14	0.1439574735006242	-1.2740089124325051
50	15	-0.17479090734932043	-1.3646278051233696
50	16	-0.5079138928635574	-1.4612345792143253
50	17	-0.8479050063547967	-1.563822459572493
50	18	-1.197157439205323	1.4691762472573557
50	19	-1.5681735545389375	1.3546704481097946
50	20	1.1666964362055003	1.2342311715369227
50	21	0.7257410435901097	1.1077967125678778
50	22	0.27200191973235566	0.9755111962885064
50	23	-0.1781048221204033	0.8372152848206017
50	24	-0.637767172841258	0.6931303371169769
50	25	-1.135587490597034	0.5432643360477868
50	26	1.4677290818296171	0.3877034621984248
50	27	0.9285786251387491	0.22609309137318526
50	28	0.40025423322773557	0.05861739030536245
50	29	-0.15657667010483722	-0.11466919569862137
50	30	-0.7619579842178678	-0.2937537568881239
55	0	0.9918034130143049	-0.7444210237623822
55	1	0.9718282844967869	-0.7507222088308315
55	2	0.9320167346564823	-0.7633282510841896
55	3	0.8727076119648202	-0.7822326478136495
55	4	0.7943628253204845	-0.8074316153980273
55	5	0.6974219854242554	-0.8389283162361623
55	6	0.5822687683299267	-0.8767176338949301
55	7	0.4488159636458754	-0.9207994703295027
55	8	0.2966501479113477	-0.9711603019558103
55	9	0.12431894192494837	-1.0277973652222103
55	10	-0.07062938218719858	-1.0907059743852021
55	11	-0.29045590587544545	-1.1598774854270661
55	12	-0.5371518139563292	-1.2353023335421396
55	13	-0.8086678545364447	-1.3169738664446293
55	14	-1.0996469217166633	-1.4048794606327542
55	15	-1.4023678120864451	-1.4990100946583114
55	16	1.4287169182970074	1.5420627715575093
55	17	1.1061534513577718	1.4353704817551796
55	18	0.7613099053415799	1.3226616360899586
55	19	0.3824540728120645	1.2037337799580055
55	20	-0.030617506888528382	1.078698980435246
55	21	-0.46008881011874886	0.947511926264172
55	22	-0.8880495860231248	0.8101607214248355
55	23	-1.3202197889404212	0.6667086895858716
55	24	1.3593490693473191	0.5171627978424631
55	25	0.8533544883086592	0.3614609929930134
55	26	0.32849922730170567	0.19974094406438625
55	27	-0.18491636501805364	0.03193196593489863
55	28	-0.7041606359551962	-0.1418964872714322
55	29	-1.2682592742893761	-0.32175526341034066
55	30	1.2743342622385596	-0.5075550608572853
60	0	-0.1800067608715665	-0.6004334829087272
60	1	-0.19864068281113775	-0.6070029964895287
60	2	-0.2359247611603323	-0.6201411912911893
60	3	-0.29195389659511417	-0.6398462206917044
60	4	-0.36705126824225603	-0.6661383534265456
60	5	-0.4616973355750143	-0.6990370592363623
60	6	-0.5765135200373543	-0.7384734694296815
60	7	-0.7126107380139706	-0.7843896503333562
60	8	-0.8710282669358517	-0.8369461980074846
60	9	-1.0529165786509425	-0.8959513397625355
60	10	-1.2579698602179166	-0.961511093089213
60	11	-1.4844918820764814	-1.0335167327902388
60	12	1.4136530276285393	-1.1120691690278584
60	13	1.1575775079059467	-1.1971473785511664
60	14	0.8911480333473927	-1.288713465232077
60	15	0.6120278402511133	-1.3867652040057648
60	16	0.31265674090142986	-1.4913024713094116
60	17	-0.015864841464100894	1.5393104918166505
60	18	-0.3781894336053119	1.4218780875434116
60	19	-0.7663733105603001	1.298017389117636
60	20	-1.1625738471181828	1.167744840254874
60	21	-1.5579700726781176	1.0310773079752018
60	22	1.177462882805703	0.8880326452017491
60	23	0.73794174782785	0.7385919526207537
60	24	0.25732410526692456	0.5826891775007711
60	25	-0.2412935087092663	0.42060004625054925
60	26	-0.7308241135027452	0.2522439180896562
60	27	-1.2237675481992554	0.07762547047119225
60	28	1.3840198380675668	-0.10330232534259219
60	29	0.8085107886778935	-0.29041631428576425
60	30	0.2389318319367679	-0.4838076213490112
65	0	-1.297329376764974	-0.17290408817913855
65	1	-1.317336217160785	-0.17976576622910745
65	2	-1.3574565215824521	-0.19348943675380015
65	3	-1.417857266990263	-0.21407906940756147
65	4	-1.4987160211046986	-0.24153831094400305
65	5	1.5414861868039267	-0.27587579185198297
65	6	1.4199570781973672	-0.3171269543574777
65	7	1.2784295371314023	-0.36514022515328237
65	8	1.1189153104808829	-0.4200023670045248
65	9	0.9430346145523686	-0.48174398616644076
65	10	0.7525054878321489	-0.5502997238389502
65	11	0.548565680707074	-0.6256708002434291
65	12	0.32898720090311867	-0.7078665562810397
65	13	0.09141642877871528	-0.7968543890796087
65	14	-0.17071385659222674	-0.8926286813638981
65	15	-0.4609814089089369	-0.9952162412883456
65	16	-0.7816808263600787	-1.104488371909092
65	17	-1.1225872332294875	-1.2206744941391987
65	18	-1.474818966749739	-1.343385562666215
65	19	1.3122782220090468	-1.4728737630562652
65	20	0.9488712454362195	1.5325705608361317
65	21	0.5598062345261062	1.3897764951483789
65	22	0.1308045440140136	1.2402917976580308
65	23	-0.3286516710582303	1.0841651198287263
65	24	-0.7905935011482085	0.9214216110157037
65	25	-1.2451673494380227	0.7520858299982994
65	26	1.4245487620226744	0.5761840091261652
65	27	0.9068445771391179	0.3937360644149669
65	28	0.35603275787210764	0.2047691908937836
65	29	-0.183883534259406	0.009156223141886773
65	30	-0.7164855941030849	-0.19277712178679451
70	0	0.7361340267519214	0.5797993705098321
70	1	0.7174059091623466	0.5725769080009583
70	2	0.6800988396184269	0.5581335199607447
70	3	0.6244937798846711	0.5364719580472146
70	4	0.5509665364446822	0.5075959699064957
70	5	0.4599835743743156	0.47151335569588004
70	6	0.3519155499217834	0.42822666622383787
70	7	0.2263703416705302	0.3777375376623876
70	8	0.08268130406630288	0.3200573584378986
70	9	-0.08009980357123288	0.2551971734578538
70	10	-0.2640884879186481	0.1831632202448564
70	11	-0.4724904565925128	0.10397098397877923
70	12	-0.7062095534937827	0.017597040146428627
70	13	-0.9635372307586464	-0.07596300159806046
70	14	-1.2419419962254126	-0.17653083163967262
70	15	-1.5328741649322235	-0.28417292071941336
70	16	1.310990803402486	-0.39895188390880887
70	17	1.0051425896977029	-0.5207974866606707
70	18	0.6825083713456752	-0.6496948133281522
70	19	0.3301342115756629	-0.7856358511105332
70	20	-0.058538654475160525	-0.9285917592140668
70	21	-0.4734797557892388	-1.0785393737525801
70	22	-0.893248567564606	-1.2354556810314583
70	23	-1.3088072421221613	-1.3994380177385748
70	24	1.4057921526290176	-1.5701818696051828
70	25	0.9405119691689355	1.3937788421791044
70	26	0.43324785589022397	1.2092471776267681
70	27	-0.08177551635301622	1.017878367895079
70	28	-0.581772957755147	0.8196837282661655
70	29	-1.0945147755461493	0.6147007102208996
70	30	1.4838094070397827	0.40295531103310145
75	0	-0.2453153147176306	-1.4319327865285196
75	1	-0.2638235276594901	-1.439563106930133
75	2	-0.3009922844878853	-1.4548226785408493
75	3	-0.35712893584739713	-1.477709078010924
75	4	-0.43269218456411196	-1.508218054166236
75	5	-0.5283039205684379	-1.546343544281404
75	6	-0.6451572057327527	1.5495147878231428
75	7	-0.7821335606294921	1.4961756707147615
75	8	-0.9387812416011524	1.435206380315628
75	9	-1.114934426195096	1.3666799775140008
75	10	-1.3093554538980257	1.2906025183274987
75	11	-1.516987569594684	1.206956379052777
75	12	1.4046307948143895	1.115809048118753
75	13	1.1725415906968288	1.0170728060879866
75	14	0.9267398241313207	0.9108801145641485
75	15	0.6594031057005638	0.7971592236357737
75	16	0.3650898698202603	0.67597438951539
75	17	0.03827015270014878	0.5473328914507821
75	18	-0.31212118459576893	0.41118147524122306
75	19	-0.6777532775321	0.2677117411447247
75	20	-1.0441175651550991	0.11683648507686986
75	21	-1.4126164362730445	-0.041316476045558305
75	22	1.338919715756142	-0.20686902325290898
75	23	0.909724819717303	-0.3797276602288178
75	24	0.44423783538316447	-0.5598646678577506
75	25	-0.028614140252438892	-0.7472493461373684
75	26	-0.4899771518513273	-0.9418524774345289
75	27	-0.9602898803808849	-1.1436450261385627
75	28	-1.4731451272313243	-1.3526668970478752
75	29	1.1128274920705516	-1.5686811184173517
75	30	0.5621286974261854	1.3497988275901314
80	0	-1.2674970889627468	0.1432877085937565
80	1	-1.286243664765333	0.13517493729495383
80	2	-1.3229765950147783	0.11894223758806506
80	3	-1.377503689378589	0.09459668599426029
80	4	-1.4494162261594052	0.062143441033457335
80	5	-1.5382193796821315	0.021547579875677146
80	6	1.4979425589049047	-0.027092742309219535
80	7	1.3760959496621044	-0.08380202477499209
80	8	1.2364123438302994	-0.14863584029661503
80	9	1.0805917494392692	-0.22148099141892003
80	10	0.9051843607022988	-0.30236758586620505
80	11	0.7074126722980044	-0.3913019756746667
80	12	0.48415246814916296	-0.48825498218743535
80	13	0.23620511052412096	-0.5931981539247646
80	14	-0.03603266704774771	-0.7061156320614601
80	15	-0.323095068349735	-0.8269867551187728
80	16	-0.6198004640859196	-0.9557839615410274
80	17	-0.9206653061611431	-1.092518581888729
80	18	-1.2326858844594553	-1.2371137131163343
80	19	-1.5644063748953538	-1.3894952772452875
80	20	1.210597974554348	-1.5497467150679656
80	21	0.8087821968538681	1.4238029773769814
80	22	0.3891862948113557	1.247998924216996
80	23	-0.028552027003932223	1.0644430558063456
80	24	-0.4437264387974054	0.8731891291127574
80	25	-0.8785525699734797	0.6743178782137454
80	26	-1.3573990762267032	0.4678318154583667
80	27	1.2696506384767698	0.2537582243135661
80	28	0.760054424568695	0.032136415022443875
80	29	0.2636505004063545	-0.19700520755301776
80	30	-0.25711452456280814	-0.4336140018862937
85	0	0.9798095797476518	-0.8862720284961876
85	1	0.9609887003135326	-0.8949663731139229
85	2	0.9240354168367798	-0.9123858950263389
85	3	0.8685789492350302	-0.938522760486822
85	4	0.7942755701491041	-0.9733652520987772
85	5	0.6997309530421779	-1.0168689149323877
85	6	0.5854092187031592	-1.0690533795325947
85	7	0.45109869326204527	-1.129912737892574
85	8	0.2977965657797495	-1.1994330780426936
85	9	0.12695422219712102	-1.2775957078149673
85	10	-0.060384609188880486	-1.364379824469277
85	11	-0.25944776730878005	-1.4597682692535996
85	12	-0.47085983484295235	-1.5637366252305855
85	13	-0.6934576274798411	1.4653270038590815
85	14	-0.9321091534755093	1.3442474311877985
85	15	-1.192439246213082	1.214668849984308
85	16	-1.4798353980311174	1.0766488373729453
85	17	1.3428186340485386	0.930147208515879
85	18	0.9991533890017539	0.7752470872692255
85	19	0.6436035304571468	0.6119542079207043
85	20	0.2890263064940498	0.44027944431894783
85	21	-0.07014675988319086	0.26032677489413053
85	22	-0.447181006940226	0.07211225867624901
85	23	-0.8607219777674691	-0.12431481213671901
85	24	-1.3141050692163372	-0.3289602941712539
85	25	1.3617481106151925	-0.5417538980761566
85	26	0.9073424242321199	-0.7626520259707367
85	27	0.45201999559217393	-0.9916086550136896
85	28	-0.0390492628527172	-1.2285809985942802
85	29	-0.5779147683105029	-1.473545439621387
85	30	-1.1281278137880262	1.415227154723616
90	0	0.03782768652493442	-1.25115422989059
90	1	0.020783458061456775	-1.2606118403725683
90	2	-0.013216945482616715	-1.2795245627588447
90	3	-0.06381664531645076	-1.3078875794231295
90	4	-0.13117624616209736	-1.3456929119418222
90	5	-0.2164238257671999	-1.392930443227195
90	6	-0.31706880063579057	-1.4495862296363053
90	7	-0.4347813772449357	-1.515647989892819
90	8	-0.5706090785707121	1.5504957340786008
90	9	-0.7272010355848997	1.4656813606528778
90	10	-0.904682193700458	1.371520833139857
90	11	-1.1048219597602804	1.2680221926595563
90	12	-1.3297039358674223	1.155266020985699
90	13	1.5660357745326134	1.0332183881808792
90	14	1.3029683293675753	0.9019680586088701
90	15	1.0309219749630711	0.7615006794450007
90	16	0.7530205839487237	0.6118822576489685
90	17	0.46682449165573475	0.45312177613910287
90	18	0.16351223867715475	0.2853061006292538
90	19	-0.1676353048194737	0.10843405260075599
90	20	-0.534766739231946	-0.0774326595124836
90	21	-0.9299897659704817	-0.27224325506048375
90	22	-1.3333272846010795	-0.4759473273866242
90	23	1.4105550526046613	-0.6885087697396938
90	24	1.0096302656582012	-0.9098679631326377
90	25	0.5811022008606934	-1.1399773020362303
90	26	0.10607287817664075	-1.3787666143001387
90	27	-0.3960067851942775	1.5154053974215274
90	28	-0.8878011595557465	1.2594101765589663
90	29	-1.3692656371461942	0.9949002758133428
90	30	1.2615661642205351	0.7219381480314638
95	0	-0.8141359482486166	-0.763028816911425
95	1	-0.8325966678204203	-0.7734673747903137
95	2	-0.8696157804144747	-0.7943391847839079
95	3	-0.9283958188744933	-0.8256232573432565
95	4	-1.0027937874661925	-0.8673345586788683
95	5	-1.095753432314772	-0.9194479523724157
95	6	-1.205971211329183	-0.9819470529833002
95	7	-1.3315413443903834	-1.054818986199999
95	8	-1.4741157175888955	-1.1380175339398142
95	9	1.5115124111553888	-1.231534085422231
95	10	1.3413780158325126	-1.3353444355644475
95	11	1.158403095687158	-1.4493943407101346
95	12	0.9600548468845416	1.5679282287907026
95	13	0.7413700303546286	1.433481725029226
95	14	0.49972392737053245	1.2889018419259546
95	15	0.2312806424472983	1.1342231741872066
95	16	-0.06702546508706546	0.9695237351828833
95	17	-0.3833416900214438	0.7948277082500065
95	18	-0.709096028928321	0.6101932454863032
95	19	-1.0359446482020267	0.415687937322999
95	20	-1.3681054499564262	0.21135719792770194
95	21	1.4241928135834845	-0.0027370408526564004
95	22	1.0395421420220379	-0.22652256755002897
95	23	0.6167972509893657	-0.4599314375951728
95	24	0.1746371503470897	-0.7029052533875755
95	25	-0.26074902582881937	-0.9553701022498141
95	26	-0.6899354550113459	-1.2172533310797164
95	27	-1.1413813800717911	-1.488480691801855
95	28	1.5017024265478094	1.3726129006331151
95	29	0.9694412240954265	1.082931128971805
95	30	0.44952225048824973	0.7841365470980083
100	0	1.5061920918814307	0.8770092426555663
100	1	1.4894542218834415	0.8652102033509393
100	2	1.455834916529908	0.8416170032184784
100	3	1.4051088539056782	0.8062394275090394
100	4	1.336771096544672	0.7590921892068572
100	5	1.2492467010917696	0.7001940886973126
100	6	1.1436765127776218	0.6295722771385958
100	7	1.0184134684689838	0.5472535175551102
100	8	0.872829806204243	0.4532718559605029
100	9	0.7057511083927472	0.34766679805113
100	10	0.5205309317450922	0.2304811143621089
100	11	0.3186691964616506	0.10176183751134078
100	12	0.1047726900097085	-0.03844169410570048
100	13	-0.12123158878733589	-0.19006302935686464
100	14	-0.356345756124199	-0.35305369859217883
100	15	-0.6015597378965416	-0.5273395081555246
100	16	-0.8646293850959663	-0.7128599039299606
100	17	-1.15166624170704	-0.9095384608049448
100	18	-1.471333993366538	-1.117300157749967
100	19	1.3227646295734912	-1.3360716464314775
100	20	0.9550908632607226	-1.565753102957793
100	21	0.5886595076620875	1.335319930472065
100	22	0.22362838693681406	1.0840534125300538
100	23	-0.15163570435556598	0.822133854488466
100	24	-0.5578158395398538	0.5496561556135937
100	25	-1.008234041463967	0.26671608518815193
100	26	-1.482256566939025	-0.026584963152829842
100	27	1.1947352981547794	-0.33013891360950426
100	28	0.7398494782117154	-0.6438505804869621
100	29	0.2607524600953336	-0.9676097527667638
100	30	-0.27087417437973305	-1.3013078013255859
105	0	0.6516236517213596	1.0565757850932131
105	1	0.6350169919983626	1.0426874870405303
105	2	0.6019529119315916	1.0149189153290177
105	3	0.552663213701316	0.9732861080566036
105	4	0.4876315269372545	0.9178130723041455
105	5	0.4065839009279863	0.8485318187871926
105	6	0.3097322141824899	0.7654813859915663
105	7	0.19660694369356954	0.6687097900801179
105	8	0.06740681825979483	0.5582741439319849
105	9	-0.07991631914114868	0.4342338711683486
105	10	-0.24849332268107302	0.2966581172684746
105	11	-0.43841862781094104	0.14562659290517785
105	12	-0.6519685651702551	-0.018779914964933427
105	13	-0.8895781282582484	-0.19647001633844685
105	14	-1.1458801294224976	-0.3873479498536462
105	15	-1.4137118999280516	-0.5913123477368813
105	16	1.4507378408350202	-0.8082495165384492
105	17	1.1706830947668738	-1.0380510978718862
105	18	0.8799956023005909	-1.2805959821268584
105	19	0.5704059551440984	-1.535757488126794
105	20	0.22920308959741775	1.3381824144324348
105	21	-0.14872191984129954	1.0581740526481582
105	22	-0.5493944623415249	0.7659473810657087
105	23	-0.9493933582282008	0.4616440565686549
105	24	-1.3438255841808175	0.1454087338739755
105	25	1.3960166930957583	-0.18260991649801783
105	26	0.9604683458733159	-0.5222612774384187
105	27	0.4780891597245705	-0.8733927055911512
105	28	-0.022095953577283802	-1.235844521940162
105	29	-0.5073769647645935	1.5321346901526844
105	30	-0.985496450182835	1.1475150641501377
110	0	-0.12191503997847966	0.903549031816419
110	1	-0.13998985412147488	0.8858324233388106
110	2	-0.17607200105413515	0.8504158898883403
110	3	-0.23042807162411902	0.7973328233670446
110	4	-0.30233904192935424	0.7266328278529524
110	5	-0.39119559467368253	0.6383818316889573
110	6	-0.496155328462149	0.5326616988965294
110	7	-0.6162286301226998	0.4095698484688394
110	8	-0.7504079510482938	0.2692188290757119
110	9	-0.8991301346237585	0.11173582802928958
110	10	-1.0598167397778722	-0.06273841081600862
110	11	-1.235296546103094	-0.2540495540792884
110	12	-1.4265248185046884	-0.4620287676839433
110	13	1.503329070617808	-0.6864984127818521
110	14	1.266682180754544	-0.9272672483405842
110	15	1.0036774301118438	-1.1841340522804655
110	16	0.7140284329485703	-1.4568873742729735
110	17	0.4075577555701487	1.396285079330404
110	18	0.094864126588696	1.0924268852455619
110	19	-0.2210843454959088	0.7733660321370347
110	20	-0.5400977465891847	0.4393460248762134
110	21	-0.8770780676697228	0.09061405329830043
110	22	-1.2463629406906447	-0.2725760973616233
110	23	1.4867372770611182	-0.6499664458553878
110	24	1.0553184105311642	-1.0412954468993822
110	25	0.6295022375056506	-1.4462986453048234
110	26	0.21191181440755077	1.2768827724460263
110	27	-0.21854670357091652	0.8453319176376203
110	28	-0.6907284994031996	0.4009098946989391
110	29	-1.2084059989052656	-0.05611174883858182
110	30	1.4142272286957338	-0.5254649547652233
115	0	-0.8511586985165204	0.8914521180816837
115	1	-0.868340200571608	0.8624324767021988
115	2	-0.9027955162588475	0.8044664724892804
115	3	-0.9546315031917532	0.71769975227325
115	4	-1.024299573325441	0.602348560348275
115	5	-1.112962746900155	0.45869689213629167
115	6	-1.220429922534186	0.28709324316274976
115	7	-1.3464570899583896	0.08794648406419962
115	8	-1.490378389924218	-0.13827885781079013
115	9	1.4901023670591682	-0.3910676485621221
115	10	1.3141610515351032	-0.6698597840112962
115	11	1.1264797951010042	-0.974055539819725
115	12	0.9276072830074369	-1.303021407201691
115	13	0.7196700484819355	1.485496675421489
115	14	0.4990403095056104	1.1089974987039826
115	15	0.2624552144474695	0.7097749321438486
115	16	0.001265370484842771	0.28854204963279856
115	17	-0.2881734701243238	-0.15398062277522728
115	18	-0.6080273589500975	-0.6170695742022285
115	19	-0.9481538833181147	-1.1000025945947545
115	20	-1.293247935464258	1.5395308462829862
115	21	1.5033664245657508	1.019055087260804
115	22	1.1564017474347896	0.480862137292927
115	23	0.7911622436663527	-0.07436172952862166
115	24	0.3866867026976727	-0.6459451089562658
115	25	-0.05719195135456471	-1.2332332578252876
115	26	-0.5113573122029789	1.3060033000063265
115	27	-0.9554682723099538	0.6891972256821209
115	28	-1.3938998922931405	0.05853927564244448
115	29	1.281670107655293	-0.5853926858570808
115	30	0.7614290477435659	-1.242041074119455
120	0	1.5340556213197099	1.0289663058509744
120	1	1.5184231390062488	0.9893356704065615
120	2	1.4871066013093772	0.9103909744964677
120	3	1.4399706576178868	0.7926400566387682
120	4	1.3767359201135942	0.6365230602079208
120	5	1.2967599933335765	0.4422261435284906
120	6	1.199474778374639	0.21021993145666212
120	7	1.0831099432343103	-0.05692499714788691
120	8	0.9485245073029295	-0.35293657697045056
120	9	0.7938146014075498	-0.6699853283171897
120	10	0.617117704474428	-1.0028963547525416
120	11	0.4209075886580461	-1.3462545412638909
120	12	0.20746912902128492	1.4547611746230396
120	13	-0.018911964542988075	1.1332831975170767
120	14	-0.253522763197674	0.843535457327571
120	15	-0.495822464655076	0.6027289276871971
120	16	-0.7455747763185048	0.42763513664311065
120	17	-1.0101608862595997	0.325524189207382
120	18	-1.2990458155968336	0.3156991330210832
120	19	1.522555703666659	0.4282932540343725
120	20	1.1699926690998559	0.6697200143645261
120	21	0.7990504107572072	1.0374592120542394
120	22	0.42812501660837715	1.5689178733838476
120	23	0.06117084032120094	-0.8074805004521625
120	24	-0.31150689129225634	0.24559106419495297
120	25	-0.7121078811369294	-1.5065707068326546
120	26	-1.1588650605473398	0.3230268586042913
120	27	1.50676853009407	-0.23890658307755264
120	28	1.0389671485312892	-0.9720898257892892
120	29	0.5858029833770482	-0.8176248959110783
120	30	0.11759383271425673	-0.8162683724236841
125	0	0.780819448532666	0.9815238280669503
125	1	0.7650993808476396	0.9469798636917939
125	2	0.7337486907553442	0.877794151403404
125	3	0.6869594231725307	0.7736830094168674
125	4	0.6250023802971266	0.634069469297579
125	5	0.5467251718079924	0.4581388605912215
125	6	0.4547280795097535	0.24535044865809227
125	7	0.3470248963054173	-0.003473877598003439
125	8	0.2235626130782452	-0.2852289812483484
125	9	0.08232122303671793	-0.5956413363536359
125	10	-0.07835200125788307	-0.9332124895749039
125	11	-0.261277109452471	-1.3023192648400257
125	12	-0.46542668047126207	1.432721749568383
125	13	-0.693910614248934	0.9928357381295336
125	14	-0.9411612791111861	0.5345293118209886
125	15	-1.20221252234867	0.06241203993836396
125	16	-1.4696590626891297	-0.43586592790153494
125	17	1.400143023003487	-0.9588965777018006
125	18	1.1224654560078389	-1.4824917551953127
125	19	0.8295498002998246	1.1370475155165354
125	20	0.5082272724541382	0.6021371519777818
125	21	0.15196403106460862	0.07360817585147618
125	22	-0.2352615473302504	-0.43064766055525794
125	23	-0.6295977790088849	-0.9264264227210293
125	24	-1.019303628586915	-1.405137965768232
125	25	-1.4050658211430738	1.2975559775612346
125	26	1.3330673546456426	0.8872596801670705
125	27	0.8843314650991553	0.5054743726381706
125	28	0.39530197814474	0.17283175431775458
125	29	-0.09325697462785483	-0.11443517881638242
125	30	-0.5628515436644808	-0.36148223903677035
130	0	0.074809960635523	0.4599473787085265
130	1	0.05816366717857619	0.4286051538396618
130	2	0.02440284079649718	0.3658553388467877
130	3	-0.025487804784585774	0.2714834586735081
130	4	-0.09187659995245225	0.14497600188661364
130	5	-0.17336119568947106	-0.014561760549332958
130	6	-0.2696740575884992	-0.20821603571952688
130	7	-0.3799696979976813	-0.43651069102043066
130	8	-0.5035945237029329	-0.6981538305930739
130	9	-0.6407844609671769	-0.9893673650055347
130	10	-0.7936940501487872	-1.3056878366350417
130	11	-0.961752884711249	1.4952386202786576
130	12	-1.1496261199595907	1.1243768385710478
130	13	-1.3595649494847521	0.715298414457643
130	14	1.5466240633543518	0.26990665725352175
130	15	1.2860743564879509	-0.19634074721851646
130	16	1.0060527686147318	-0.6751652660912695
130	17	0.7142225318761755	-1.1808411811247221
130	18	0.4206056800902327	1.4170881853171589
130	19	0.12449559829252069	0.8572808126067308
130	20	-0.17933824127972575	0.29791274389696326
130	21	-0.5043071990724137	-0.2839295279210243
130	22	-0.8656823446066543	-0.8912480940968185
130	23	-1.2634054809695032	-1.4882975398601614
130	24	1.463832606212613	1.057876171942296
130	25	1.0560908527056012	0.4424899589473902
130	26	0.6565905307601899	-0.15718797376773344
130	27	0.24437709362601895	-0.7370144013256709
130	28	-0.20852452099308114	-1.3255242100037412
130	29	-0.7074936224117457	1.2500231012273435
130	30	-1.2145257419320021	0.716385491530918
135	0	-0.5856501635514132	0.8461272672664467
135	1	-0.6028503641945385	0.8159664735445157
135	2	-0.6373379492313657	0.755871405408635
135	3	-0.6894991224333544	0.6662867863441996
135	4	-0.759310131345462	0.5478171268930127
135	5	-0.8458165100020701	0.40102372627372457
135	6	-0.9482622152699844	0.22599872205721847
135	7	-1.0654769902628396	0.021831113337429712
135	8	-1.1968095826276364	-0.21368164053485025
135	9	-1.341200690901709	-0.48335261494900883
135	10	-1.4969748375018688	-0.7882804270921308
135	11	1.4772216868698569	-1.124839702251877
135	12	1.2963608825023931	-1.4850469752179731
135	13	1.0995231806131998	1.2780009030099089
135	14	0.8828646631815045	0.8760957685393911
135	15	0.6415553322149465	0.43807273220591897
135	16	0.3723023594311302	-0.03961242695687816
135	17	0.07770153160302794	-0.5393967878967636
135	18	-0.23245946166799844	-1.0463402483701647
135	19	-0.5483299998602706	1.5658413210164641
135	20	-0.8611603939711672	0.9949360938450909
135	21	-1.1793728274502873	0.4043549371046136
135	22	-1.512557079935031	-0.18183879641035525
135	23	1.2619914301270212	-0.7903311302352095
135	24	0.8536497393543704	-1.4326879342280971
135	25	0.4245186771624046	1.0749577379305704
135	26	-0.000937044055742921	0.4434046984853202
135	27	-0.41306157251989484	-0.21873333653328245
135	28	-0.8352236015975336	-0.8717964941104587
135	29	-1.2981602259784144	-1.5059063143551115
135	30	1.3324713901005818	0.9799931540315547
140	0	-1.2291336713015917	-1.4006340261915335
140	1	-1.2459197557578114	-1.4286731495821587
140	2	-1.2796734533765182	-1.4845751104898113
140	3	-1.330832066687332	-1.5680447332417666
140	4	-1.3994604808761002	1.4628102531339955
140	5	-1.4856162811491989	1.3248379225201743
140	6	1.5517601783828145	1.1590650415342674
140	7	1.4320333337867728	0.9640541572031534
140	8	1.293904757731392	0.7376202319386175
140	9	1.1414861501300215	0.47792676280753066
140	10	0.976701687247715	0.1855962665046565
140	11	0.8014156414291567	-0.13457262862046784
140	12	0.6150459189447463	-0.47550265275974585
140	13	0.4195257439816232	-0.8341645315312115
140	14	0.2106636654106258	-1.216807492716018
140	15	-0.015625411134695885	1.506007663385675
140	16	-0.2648944224077487	1.04739501528771
140	17	-0.5424369930227906	0.5647598796018937
140	18	-0.8496803699595994	0.07491707673849184
140	19	-1.1761156008540732	-0.4327100270631742
140	20	-1.5074834088945641	-0.9820043472655627
140	21	1.3031983181373539	-1.5639193130429119
140	22	0.9732283709102318	0.996582568180028
140	23	0.6282471801171543	0.4056582069742559
140	24	0.25042837539266966	-0.22797329039818923
140	25	-0.17004864873924716	-0.8777490282034184
140	26	-0.6131177594924107	-1.5133395279121074
140	27	-1.0499944788800015	0.9666840371196477
140	28	-1.4711276884739373	0.2775107108322589
140	29	1.2369340144994458	-0.3884099892828533
140	30	0.7585249343918556	-1.0630367580665419
145	0	1.266229175937195	-0.16357619763091424
145	1	1.2504162617034549	-0.19075812789610613
145	2	1.2186572243340397	-0.24532965357778166
145	3	1.1710269868890655	-0.3277074421202216
145	4	1.1062644378153725	-0.4384742617855085
145	5	1.0244859352259885	-0.5782210162921335
145	6	0.9252011329179093	-0.7471830357535897
145	7	0.8067300035871589	-0.9447139958469661
145	8	0.6698221461335429	-1.1687719970590567
145	9	0.5154552862294424	-1.4162626864843113
145	10	0.3447090096902228	1.456985524722675
145	11	0.16009478561528362	1.1673406790650271
145	12	-0.034887365180875866	0.8515278009864128
145	13	-0.23813240493266383	0.5018259477985432
145	14	-0.44965973199984155	0.11433558753346769
145	15	-0.6721139812118992	-0.3031593031405856
145	16	-0.9089044636348055	-0.7353375872248441
145	17	-1.169241173158112	-1.1779626826752134
145	18	-1.457548981619269	1.4945556690756279
145	19	1.365233584691103	0.9818950702089387
145	20	1.0227837056649005	0.4383592285242219
145	21	0.6769607715557356	-0.10696140338773306
145	22	0.33335114112369535	-0.6620870364097448
145	23	-0.008367419151456987	-1.260263428248093
145	24	-0.3654338223031972	1.251861211292428
145	25	-0.7572409075541146	0.6320880746818374
145	26	-1.1919885505103374	-0.0003990843803632776
145	27	1.493522856069652	-0.6787154884169723
145	28	1.049923684418978	-1.3570187332117358
145	29	0.6207962949914382	1.1195598123201573
145	30	0.17359951312882413	0.4152172196421404
150	0	0.6218088970733957	1.2509781263621258
150	1	0.6068422482875998	1.2252266561514764
150	2	0.5767942243344905	1.1738887818428174
150	3	0.5313529625195536	1.0972484182724849
150	4	0.47021393603027206	0.9955817438034065
150	5	0.3929773772123566	0.8689357622201089
150	6	0.2980195214643102	0.7168409124231849
150	7	0.1856734621271486	0.5381084595969552
150	8	0.05533027833583329	0.3306554985684013
150	9	-0.09481576419742524	0.09225348526599544
150	10	-0.26481282605767553	-0.17785177678842776
150	11	-0.45205471189662605	-0.4768561018330133
150	12	-0.6535525203699819	-0.7981686738201859
150	13	-0.8668055060372837	-1.1354640900130684
150	14	-1.0867781570026172	-1.4890303345012812
150	15	-1.3126291833604	1.273272883664025
150	16	-1.5473466587449538	0.8559410845237828
150	17	1.3442048570207303	0.40027550921084987
150	18	1.072826241117232	-0.07488542459882562
150	19	0.7712895244516295	-0.5540275320809699
150	20	0.4363692484660627	-1.0504187786220904
150	21	0.08208679887926125	1.5515109706197001
150	22	-0.27755228837491863	0.975193359958721
150	23	-0.6303078841309527	0.39907382566742566
150	24	-0.9820821074865376	-0.18047659792642537
150	25	-1.3520254925659063	-0.8037531280185221
150	26	1.379058310928315	-1.4596462186585362
150	27	0.9263440283164012	1.0406593624458231
150	28	0.4622515277505979	0.3863172943622968
150	29	0.016463980944125458	-0.3162815319230726
150	30	-0.41961518620060156	-1.0123000281548875
155	0	-0.015570056350991271	-0.2803520451519291
155	1	-0.030084870245984396	-0.30655412091300843
155	2	-0.05909593566995894	-0.3588070938454188
155	3	-0.10267426326299951	-0.43675268282972424
155	4	-0.161090291041894	-0.5397614934364015
155	5	-0.23584818858599724	-0.6669859573364283
155	6	-0.32546175635972724	-0.8173757289436879
155	7	-0.4321352699225652	-0.9903184945012813
155	8	-0.5565467364161941	-1.186114608684802
155	9	-0.7002103624624065	-1.406476979456162
155	10	-0.8641572144518915	1.4867738212944739
155	11	-1.0488694725623293	1.20653984476791
155	12	-1.2513896283539	0.8929834626475205
155	13	-1.4691688885641336	0.5507057443490965
155	14	1.4454950913477653	0.1896888222604175
155	15	1.209198993343123	-0.18296728164170595
155	16	0.9705334246471456	-0.5713974717790865
155	17	0.7235125332245652	-0.9907742972104177
155	18	0.4608568567042903	-1.4524695843062754
155	19	0.17530839826927788	1.196460715416361
155	20	-0.14229664590619345	0.6983174225892396
155	21	-0.493458986143724	0.19540582983073956
155	22	-0.8615216797198221	-0.3415339093618892
155	23	-1.2286276218131977	-0.9255299894426404
155	24	1.5547283248081054	-1.5205891176881265
155	25	1.1936081316695937	1.0345247472819241
155	26	0.8052783524960768	0.4166463724024378
155	27	0.37176891424001685	-0.24880254871337829
155	28	-0.09670105236599053	-0.9083251304776432
155	29	-0.5621770531423437	-1.5615603515928318
155	30	-1.0066629282387372	0.8778441298665889
160	0	-0.6393397298854107	1.467785296939079
160	1	-0.6538529824220745	1.4420020334325665
160	2	-0.6825451269270778	1.390497013204428
160	3	-0.7257174401523457	1.3134791590413957
160	4	-0.7830712056568955	1.2113882710080397
160	5	-0.8550373090596369	1.0849697210573315
160	6	-0.9417278941259841	0.9353548258290719
160	7	-1.0441510008291184	0.7639142950677792
160	8	-1.1632744767495493	0.5715377057209705
160	9	-1.301813152219174	0.35789481803744166
160	10	-1.458740527936631	0.12059105116471754
160	11	1.504674552263106	-0.14461398900015354
160	12	1.305719646786221	-0.4423371314619467
160	13	1.0865495435051935	-0.7736173206022513
160	14	0.8545978227662367	-1.1319994608047044
160	15	0.6143373237028977	-1.505828771253979
160	16	0.3675307637064886	1.2525297726990419
160	17	0.1165542839825458	0.852348021395711
160	18	-0.14169117043835952	0.41771873956167466
160	19	-0.41704309311160037	-0.0599092427195208
160	20	-0.7209181337882282	-0.5624238338575537
160	21	-1.0581658029653367	-1.064874503942251
160	22	-1.4250440786136669	1.5658744930426907
160	23	1.3379363129104855	1.013819796539891
160	24	0.9688951458153449	0.4181622534908398
160	25	0.6058102650692732	-0.17798289718040472
160	26	0.23170284724349063	-0.7687727356151084
160	27	-0.18084785062758016	-1.401366627709143
160	28	-0.6389886454533025	1.066183220824896
160	29	-1.1161771355549464	0.40829925975961084
160	30	1.5651903073244655	-0.2538458025846751
165	0	-1.2471054772519088	0.17156630924244823
165	1	-1.261475904751473	0.14644287891491495
165	2	-1.2907747788783372	0.096291470418649
165	3	-1.3338115123920165	0.02130432872921088
165	4	-1.3908872866647584	-0.07788671729705827
165	5	-1.4620951266636637	-0.2005123486060212
165	6	-1.5474977104727405	-0.3453901175210135
165	7	1.4941881334032894	-0.5115636447209871
165	8	1.378505530393055	-0.6981879075707946
165	9	1.2463151728796804	-0.9058084789474213
165	10	1.0949755805028507	-1.1368065356412536
165	11	0.9231658533779687	-1.3953740592691337
165	12	0.7282122886692409	1.4556769678143369
165	13	0.5135079235816401	1.1321984744020175
165	14	0.282222604906861	0.7819617883748566
165	15	0.0338571563501916	0.4159538098493419
165	16	-0.21701776625341457	0.04138416578302126
165	17	-0.4723452689071891	-0.3481376011104014
165	18	-0.7313217434291769	-0.7693306142071885
165	19	-1.0021223987112429	-1.2336739781267676
165	20	-1.294665800362969	1.413961208903244
165	21	1.5216137433810797	0.9173592300102741
165	22	1.1625405333428624	0.41855085654707747
165	23	0.7817210918219637	-0.11390936001312897
165	24	0.4012045547605654	-0.6958650629729349
165	25	0.032943338363790285	-1.2906408940470724
165	26	-0.33718516431354145	1.2685711202250851
165	27	-0.7314813968363121	0.6595717055051645
165	28	-1.1739693424569189	-0.0032522085942243532
165	29	1.4910340666667938	-0.6672787874225011
165	30	1.0159285588215246	-1.3155385873086662
170	0	1.3014509422836853	-1.0432072585779637
170	1	1.2877292560409508	-1.0671118346953699
170	2	1.2587637316808375	-1.1148522923531863
170	3	1.2157052266078412	-1.1859589526839718
170	4	1.1585988824816427	-1.2798627139691763
170	5	1.0877350294325896	-1.395785752305258
170	6	1.0031035881122419	-1.5330056129691236
170	7	0.904419937926771	1.450391241958982
170	8	0.7902247399042904	1.2706805781044683
170	9	0.660637230779387	1.0675658670245851
170	10	0.5141190198881346	0.8379289996419961
170	11	0.34727562523373096	0.5782638339180913
170	12	0.15946565865478243	0.2870445673392718
170	13	-0.050393062575697554	-0.032128592371406736
170	14	-0.2825083423957737	-0.37065477899229404
170	15	-0.5296332339704156	-0.7197929926934002
170	16	-0.7865586586029671	-1.079811121019386
170	17	-1.0462130197720183	-1.4619728271252521
170	18	-1.3073071562956797	1.2597567467677664
170	19	1.5658482591233631	0.7994657826511897
170	20	1.2811021683193182	0.31936241979762975
170	21	0.9665342623221773	-0.15922065010029782
170	22	0.6167985289308814	-0.6465798095424224
170	23	0.23775282954550245	-1.174376786241884
170	24	-0.14834627722054694	1.3932320498011812
170	25	-0.525620734882201	0.8135535455587136
170	26	-0.894059959606974	0.24450599307833232
170	27	-1.2780938312793166	-0.35651995294060873
170	28	1.437768582619234	-1.010940551344367
170	29	0.966959672590378	1.4773302669192026
170	30	0.48292586923916464	0.8390554528128923
175	0	0.7242120641013462	0.9730650954545289
175	1	0.7097011063508799	0.9508733263508673
175	2	0.6811502641273831	0.9065882000627467
175	3	0.6379961369801359	0.8404272087936269
175	4	0.5809088342600466	0.7525136664152812
175	5	0.5101867352505254	0.6427812874985364
175	6	0.4258341748864414	0.5107371010558843
175	7	0.3271601914440297	0.3552496935790176
175	8	0.21539879776946727	0.17450499481152634
175	9	0.08800851282381725	-0.033645592042025343
175	10	-0.05589319608539024	-0.27063997165444026
175	11	-0.21928981374053647	-0.5355183903868529
175	12	-0.4037155750245374	-0.8236342721096428
175	13	-0.6089591163107985	-1.1278519725540959
175	14	-0.838010980415377	-1.4436277660683798
175	15	-1.0850324941938545	1.3687360751584452
175	16	-1.342767737099702	1.0160860721126994
175	17	1.536000126501526	0.6272884783626258
175	18	1.2728092446663963	0.1993890516353552
175	19	1.0046409239478167	-0.25154560118911234
175	20	0.724465323253872	-0.7042913598569487
175	21	0.418756365442742	-1.1611048436821354
175	22	0.07667928829362562	1.4932782280646062
175	23	-0.29723151917403745	0.956842326927422
175	24	-0.687345336806894	0.3956094619225682
175	25	-1.0680131847828747	-0.15500408531419824
175	26	-1.4385980018397238	-0.7129212688721787
175	27	1.3246291437338849	-1.3219801024575637
175	28	0.9123033500175284	1.1743509170335658
175	29	0.4500053955530829	0.5474623648942203
175	30	-0.03633633451462161	-0.08458171213086417
180	0	0.1586443685210147	-0.06334900527981001
180	1	0.1441453412696457	-0.08536176774643495
180	2	0.11526013085546091	-0.1295550974962113
180	3	0.07220618082719497	-0.19629071966783657
180	4	0.015299626349682521	-0.286153874717537
180	5	-0.05530909529168503	-0.39994298509162585
180	6	-0.1390864699034282	-0.5385633796018204
180	7	-0.2362234742208503	-0.7026683045628291
180	8	-0.3467029703616256	-0.8921074994581736
180	9	-0.47241474579613046	-1.1052623524208225
180	10	-0.6146583231360292	-1.3388056698826254
180	11	-0.7752416108665627	1.552542785143215
180	12	-0.9565765383750151	1.288211666655073
180	13	-1.160119881561618	1.0084973119513976
180	14	-1.3858020732216025	0.7071807270252073
180	15	1.5096266090260342	0.37513907985509787
180	16	1.2513883310000247	0.006157381116352125
180	17	0.9886920529286544	-0.39436074232826657
180	18	0.723800857205857	-0.8091342890647316
180	19	0.4568607325235922	-1.2255207334421332
180	20	0.179128071231787	1.4896083334132795
180	21	-0.12084993857588143	1.0294260186037452
180	22	-0.4551191830197159	0.5221722173470561
180	23	-0.823697264453993	-0.00887990346081088
180	24	-1.213468142674253	-0.5320717830359857
180	25	1.542136311930631	-1.0594796624324012
180	26	1.170090579362896	1.5091963251520233
180	27	0.7959242928169367	0.8906911907666641
180	28	0.3923096619873483	0.2796974046714971
180	29	-0.060426657580420644	-0.32163416084517377
180	30	-0.5461170063606952	-0.9708347634130688
185	0	-0.39532935337161323	-1.089698093107062
185	1	-0.4096963510399371	-1.113049562488736
185	2	-0.4383069570937434	-1.1597308542995868
185	3	-0.4810733926109253	-1.229635536194956
185	4	-0.5375728419468311	-1.322479684922101
185	5	-0.6078496190510245	-1.4376008303528403
185	6	-0.6911483826543503	1.5675445490499251
185	7	-0.786895736732263	1.4112148796759993
185	8	-0.8973246134105372	1.2364376576794753
185	9	-1.0219474426322592	1.0440071248855678
185	10	-1.1626768179687998	0.833264453819224
185	11	-1.320986560525783	0.6014507515817419
185	12	-1.5003471550274992	0.3438293588530394
185	13	1.4387837303819204	0.05526658410966606
185	14	1.2141487105560798	-0.26608604346986214
185	15	0.9702540007941886	-0.6144910071938393
185	16	0.7125900811007461	-0.9776396048062804
185	17	0.45110390477048634	-1.3462356358598888
185	18	0.18744052693827087	1.417566623581361
185	19	-0.07826517248655768	1.0140209555919082
185	20	-0.35374060241948885	0.5681309781307815
185	21	-0.6508069636996939	0.08464511964170611
185	22	-0.9812738651543076	-0.407305252389162
185	23	-1.3457136071031637	-0.892336704269752
185	24	1.4073883335487345	-1.393932874298272
185	25	1.021452674157916	1.1962097706416857
185	26	0.6492493909848661	0.6065822990397822
185	27	0.277878471001348	0.027029915909922642
185	28	-0.11889767095622486	-0.5468235545995068
185	29	-0.5647971984942152	-1.1680540656215388
185	30	-1.0479104913039319	1.3056502527304612
190	0	-0.9378326844723319	1.0798494732147321
190	1	-0.9520554599374739	1.0590229076543367
190	2	-0.9803787284160359	1.0174656449389958
190	3	-1.0219544405533982	0.955332714311141
190	4	-1.0780814020292864	0.8727003840286213
190	5	-1.147315620836556	0.7694966139711235
190	6	-1.2296293997120407	0.6452272841144235
190	7	-1.3255905955167326	0.49880633222209864
190	8	-1.4351370289367484	0.32854595868575615
190	9	-1.5592178561266825	0.1322874721807382
190	10	1.4428274991909296	-0.0915358439456787
190	11	1.2841106073493027	-0.34264653295266
190	12	1.1052755086154942	-0.6174482681104394
190	13	0.9042606529941892	-0.9091901168922558
190	14	0.6813056559801777	-1.211767595773173
190	15	0.43750987965178334	-1.5244489642551262
190	16	0.18280157089382812	1.2873241687316852
190	17	-0.07676084932901203	0.9277309812520707
190	18	-0.3393945611423808	0.5287107779739775
190	19	-0.6027678944840289	0.09606999335062855
190	20	-0.8753623159610071	-0.34783194335586404
190	21	-1.1700084879830306	-0.7884493377572684
190	22	-1.4978975140390094	-1.2393478730829468
190	23	1.2798426816870605	1.4120926568193233
190	24	0.8942242607740594	0.8738241122405218
190	25	0.510164441998299	0.3226311420679851
190	26	0.13927289789788358	-0.21386701232311822
190	27	-0.2288498195789736	-0.7648822686245991
190	28	-0.622550984710501	-1.372089056101101
190	29	-1.0629950540525082	1.1316281133769004
190	30	-1.5412156411270663	0.5171357687220167
195	0	-1.4684351347061688	0.1934045784577087
195	1	-1.4823612658002536	0.171263500967929
195	2	-1.510119992137033	0.12682302516373156
195	3	-1.5515546264679032	0.05980231514516907
195	4	1.5352252290056674	-0.030124022606739322
195	5	1.467439097367669	-0.1431880167813207
195	6	1.3858437290666297	-0.279042923809279
195	7	1.290903435848437	-0.4368460462760646
195	8	1.1812969941719302	-0.6147881765720346
195	9	1.057273616176425	-0.8107279590107201
195	10	0.9170902165759642	-1.0224109210783778
195	11	0.7582043828224895	-1.2489906424652424
195	12	0.5777111389713021	-1.4923434479775146
195	13	0.37627072631908576	1.3841821750969407
195	14	0.15310869225066878	1.0904485784405895
195	15	-0.0860685259918571	0.7626776132103124
195	16	-0.33935177293660373	0.4029425161846488
195	17	-0.5965782701581567	0.024122611436348407
195	18	-0.8545088895472746	-0.35975428596298514
195	19	-1.1149299290217916	-0.7468199144838953
195	20	-1.3863228596065205	-1.1526432652173337
195	21	1.4609744142905297	1.5430895246477565
195	22	1.1339495388107674	1.0536959513725142
195	23	0.7703551397598721	0.5491926106551022
195	24	0.38722663961460363	0.05475378249878494
195	25	0.006665735260703361	-0.44656511814974204
195	26	-0.35871554789403637	-0.9939613395086163
195	27	-0.7250769410912133	1.5527268093096884
195	28	-1.116161492307488	0.9618832914267507
195	29	-1.5560899543787627	0.38690450554341704
195	30	1.1092974634776225	-0.22630933766904243
200	0	1.1532638527083146	-0.7207619963214918
200	1	1.1396181929972755	-0.7411485852574481
200	2	1.1124125243914489	-0.7817826022937436
200	3	1.0716992215410184	-0.8424580166698868
200	4	1.017624068383677	-0.9228693017810977
200	5	0.9501802339796618	-1.0228061979868857
200	6	0.8695511781481738	-1.1424086346260645
200	7	0.7753407518657325	-1.2823452001255045
200	8	0.6667544095485575	-1.4440413366007825
200	9	0.5427548912517143	1.5119159430344487
200	10	0.401639223059033	1.2998602258028256
200	11	0.24029303220692427	1.0597768564422767
200	12	0.05862121936567502	0.7929949869975166
200	13	-0.14393512144680157	0.5048019119149942
200	14	-0.3684964205986209	0.20257842029511813
200	15	-0.6066877620027665	-0.10762696011058231
200	16	-0.8555113647415311	-0.42778910850775914
200	17	-1.1064827905644297	-0.7676412519406517
200	18	-1.3582532417177209	-1.1411388230898802
200	19	1.5252052255754394	-1.5550859971080029
200	20	1.2549609560700634	1.144719207734984
200	21	0.9590731552977366	0.6997345360977126
200	22	0.6297146296205	0.25873109796107535
200	23	0.26760159781962684	-0.19931289099767563
200	24	-0.11348328362158525	-0.7038110212022889
200	25	-0.48623261395042455	-1.2513149020202472
200	26	-0.8479733980547859	1.3425733231739816
200	27	-1.2101098870702005	0.8093217345266043
200	28	1.5400243621051342	0.249586192572952
200	29	1.0996241938987652	-0.3697985784447652
200	30	0.623935587130694	-1.0049104318947282
