6.625299e+00	2.487118e-14	6.625299e+00	2.289654e-14	6.625299e+00	2.246775e-14	6.625299e+00	2.309783e-14	6.625299e+00	2.188438e-14	6.625299e+00	2.338526e-14	6.625299e+00	2.238110e-14	6.625299e+00	2.114924e-14
6.937540e+00	2.378067e-14	6.937540e+00	2.217847e-14	6.937540e+00	2.184680e-14	6.937540e+00	2.230939e-14	6.937540e+00	2.140434e-14	6.937540e+00	2.255380e-14	6.937540e+00	2.201642e-14	6.937540e+00	2.105414e-14
7.264496e+00	2.654681e-14	7.264496e+00	2.420841e-14	7.264496e+00	2.368422e-14	7.264496e+00	2.453511e-14	7.264496e+00	2.289871e-14	7.264496e+00	2.478608e-14	7.264496e+00	2.344543e-14	7.264496e+00	2.169635e-14
7.606861e+00	2.574365e-14	7.606861e+00	2.370461e-14	7.606861e+00	2.324634e-14	7.606861e+00	2.395476e-14	7.606861e+00	2.258431e-14	7.606861e+00	2.419376e-14	7.606861e+00	2.317771e-14	7.606861e+00	2.166291e-14
7.965362e+00	2.489335e-14	7.965362e+00	2.315335e-14	7.965362e+00	2.276631e-14	7.965362e+00	2.333674e-14	7.965362e+00	2.223244e-14	7.965362e+00	2.355910e-14	7.965362e+00	2.287692e-14	7.965362e+00	2.160885e-14
8.340758e+00	2.401302e-14	8.340758e+00	2.256857e-14	8.340758e+00	2.225858e-14	8.340758e+00	2.269709e-14	8.340758e+00	2.185079e-14	8.340758e+00	2.289618e-14	8.340758e+00	2.255564e-14	8.340758e+00	2.153715e-14
8.733845e+00	2.312662e-14	8.733845e+00	2.196937e-14	8.733845e+00	2.173891e-14	8.733845e+00	2.205484e-14	8.733845e+00	2.145095e-14	8.733845e+00	2.222306e-14	8.733845e+00	2.222884e-14	8.733845e+00	2.145032e-14
9.145459e+00	2.506149e-14	9.145459e+00	2.337375e-14	9.145459e+00	2.305115e-14	9.145459e+00	2.366705e-14	9.145459e+00	2.254883e-14	9.145459e+00	2.379890e-14	9.145459e+00	2.329501e-14	9.145459e+00	2.194172e-14
9.576471e+00	2.438887e-14	9.576471e+00	2.294399e-14	9.576471e+00	2.267927e-14	9.576471e+00	2.317668e-14	9.576471e+00	2.226924e-14	9.576471e+00	2.330288e-14	9.576471e+00	2.305052e-14	9.576471e+00	2.190513e-14
1.002780e+01	2.368885e-14	1.002780e+01	2.248368e-14	1.002780e+01	2.227899e-14	1.002780e+01	2.265953e-14	1.002780e+01	2.196129e-14	1.002780e+01	2.277470e-14	1.002780e+01	2.277771e-14	1.002780e+01	2.185121e-14
1.050039e+01	2.297829e-14	1.050039e+01	2.200395e-14	1.050039e+01	2.185884e-14	1.050039e+01	2.213045e-14	1.050039e+01	2.163225e-14	1.050039e+01	2.222654e-14	1.050039e+01	2.248878e-14	1.050039e+01	2.178095e-14
1.099526e+01	2.428196e-14	1.099526e+01	2.300294e-14	1.099526e+01	2.276919e-14	1.099526e+01	2.325987e-14	1.099526e+01	2.238823e-14	1.099526e+01	2.327972e-14	1.099526e+01	2.324490e-14	1.099526e+01	2.214526e-14
1.151345e+01	2.374654e-14	1.151345e+01	2.265602e-14	1.151345e+01	2.246361e-14	1.151345e+01	2.285772e-14	1.151345e+01	2.215854e-14	1.151345e+01	2.287952e-14	1.151345e+01	2.302377e-14	1.151345e+01	2.211461e-14
1.205606e+01	2.319048e-14	1.205606e+01	2.228302e-14	1.205606e+01	2.213312e-14	1.205606e+01	2.243286e-14	1.205606e+01	2.190399e-14	1.205606e+01	2.245198e-14	1.205606e+01	2.278257e-14	1.205606e+01	2.206722e-14
1.262425e+01	2.262101e-14	1.262425e+01	2.189100e-14	1.262425e+01	2.178615e-14	1.262425e+01	2.199636e-14	1.262425e+01	2.163058e-14	1.262425e+01	2.200778e-14	1.262425e+01	2.253055e-14	1.262425e+01	2.200362e-14
1.321921e+01	2.357593e-14	1.321921e+01	2.262254e-14	1.321921e+01	2.245280e-14	1.321921e+01	2.283002e-14	1.321921e+01	2.220289e-14	1.321921e+01	2.279942e-14	1.321921e+01	2.311619e-14	1.321921e+01	2.228991e-14
1.384221e+01	2.312612e-14	1.384221e+01	2.232428e-14	1.384221e+01	2.219510e-14	1.384221e+01	2.249205e-14	1.384221e+01	2.200393e-14	1.384221e+01	2.246478e-14	1.384221e+01	2.292358e-14	1.384221e+01	2.225183e-14
1.449458e+01	2.265222e-14	1.449458e+01	2.200497e-14	1.449458e+01	2.191633e-14	1.449458e+01	2.213537e-14	1.449458e+01	2.178380e-14	1.449458e+01	2.210813e-14	1.449458e+01	2.271262e-14	1.449458e+01	2.219662e-14
1.517768e+01	2.216197e-14	1.517768e+01	2.167121e-14	1.517768e+01	2.162260e-14	1.517768e+01	2.176871e-14	1.517768e+01	2.154677e-14	1.517768e+01	2.174152e-14	1.517768e+01	2.249271e-14	1.517768e+01	2.212400e-14
1.589299e+01	2.287969e-14	1.589299e+01	2.223367e-14	1.589299e+01	2.214957e-14	1.589299e+01	2.239669e-14	1.589299e+01	2.200449e-14	1.589299e+01	2.236211e-14	1.589299e+01	2.296175e-14	1.589299e+01	2.234419e-14
1.664200e+01	2.248089e-14	1.664200e+01	2.197180e-14	1.664200e+01	2.191824e-14	1.664200e+01	2.210079e-14	1.664200e+01	2.182039e-14	1.664200e+01	2.206109e-14	1.664200e+01	2.277957e-14	1.664200e+01	2.228889e-14
1.742631e+01	2.206563e-14	1.742631e+01	2.169228e-14	1.742631e+01	2.167129e-14	1.742631e+01	2.179216e-14	1.742631e+01	2.161905e-14	1.742631e+01	2.174321e-14	1.742631e+01	2.258621e-14	1.742631e+01	2.221788e-14
1.824759e+01	2.257008e-14	1.824759e+01	2.209313e-14	1.824759e+01	2.205169e-14	1.824759e+01	2.224375e-14	1.824759e+01	2.193852e-14	1.824759e+01	2.217328e-14	1.824759e+01	2.293303e-14	1.824759e+01	2.237631e-14
1.910757e+01	2.222439e-14	1.910757e+01	2.186636e-14	1.910757e+01	2.185103e-14	1.910757e+01	2.198717e-14	1.910757e+01	2.177828e-14	1.910757e+01	2.191397e-14	1.910757e+01	2.277504e-14	1.910757e+01	2.232009e-14
2.000808e+01	2.186287e-14	2.000808e+01	2.162271e-14	2.000808e+01	2.163470e-14	2.000808e+01	2.171666e-14	2.000808e+01	2.160179e-14	2.000808e+01	2.163783e-14	2.000808e+01	2.260666e-14	2.000808e+01	2.224775e-14
2.095104e+01	2.220376e-14	2.095104e+01	2.191091e-14	2.095104e+01	2.191264e-14	2.095104e+01	2.203967e-14	2.095104e+01	2.183519e-14	2.095104e+01	2.194394e-14	2.095104e+01	2.287453e-14	2.095104e+01	2.235557e-14
2.193843e+01	2.189766e-14	2.193843e+01	2.170584e-14	2.193843e+01	2.173022e-14	2.193843e+01	2.180965e-14	2.193843e+01	2.169100e-14	2.193843e+01	2.171152e-14	2.193843e+01	2.273078e-14	2.193843e+01	2.229363e-14
2.297235e+01	2.157866e-14	2.297235e+01	2.148726e-14	2.297235e+01	2.153443e-14	2.297235e+01	2.156921e-14	2.297235e+01	2.153248e-14	2.297235e+01	2.146559e-14	2.297235e+01	2.257659e-14	2.297235e+01	2.222050e-14
2.405501e+01	2.182698e-14	2.405501e+01	2.170682e-14	2.405501e+01	2.174790e-14	2.405501e+01	2.182303e-14	2.405501e+01	2.170976e-14	2.405501e+01	2.169003e-14	2.405501e+01	2.278489e-14	2.405501e+01	2.230229e-14
2.518869e+01	2.155399e-14	2.518869e+01	2.151959e-14	2.518869e+01	2.158092e-14	2.518869e+01	2.161349e-14	2.518869e+01	2.157630e-14	2.518869e+01	2.148056e-14	2.518869e+01	2.265065e-14	2.518869e+01	2.224369e-14
2.637579e+01	2.127196e-14	2.637579e+01	2.132213e-14	2.637579e+01	2.140321e-14	2.637579e+01	2.139661e-14	2.637579e+01	2.143130e-14	2.637579e+01	2.126061e-14	2.637579e+01	2.250847e-14	2.637579e+01	2.217550e-14
2.761884e+01	2.147261e-14	2.761884e+01	2.150058e-14	2.761884e+01	2.157395e-14	2.761884e+01	2.160382e-14	2.761884e+01	2.157642e-14	2.761884e+01	2.143966e-14	2.761884e+01	2.267965e-14	2.761884e+01	2.224737e-14
2.892048e+01	2.122814e-14	2.892048e+01	2.132921e-14	2.892048e+01	2.142155e-14	2.892048e+01	2.141317e-14	2.892048e+01	2.145397e-14	2.892048e+01	2.125028e-14	2.892048e+01	2.255165e-14	2.892048e+01	2.219533e-14
3.028346e+01	2.136465e-14	3.028346e+01	2.144938e-14	3.028346e+01	2.153555e-14	3.028346e+01	2.156121e-14	3.028346e+01	2.155443e-14	3.028346e+01	2.137025e-14	3.028346e+01	2.267016e-14	3.028346e+01	2.224910e-14
3.171068e+01	2.115010e-14	3.171068e+01	2.130164e-14	3.171068e+01	2.140490e-14	3.171068e+01	2.139500e-14	3.171068e+01	2.144811e-14	3.171068e+01	2.120499e-14	3.171068e+01	2.255747e-14	3.171068e+01	2.220983e-14
3.320515e+01	2.092763e-14	3.320515e+01	2.114482e-14	3.320515e+01	2.126572e-14	3.320515e+01	2.122200e-14	3.320515e+01	2.133292e-14	3.320515e+01	2.103214e-14	3.320515e+01	2.243878e-14	3.320515e+01	2.216198e-14
3.477006e+01	2.104165e-14	3.477006e+01	2.124866e-14	3.477006e+01	2.136671e-14	3.477006e+01	2.134609e-14	3.477006e+01	2.142457e-14	3.477006e+01	2.114235e-14	3.477006e+01	2.254074e-14	3.477006e+01	2.221827e-14
3.640873e+01	2.084211e-14	3.640873e+01	2.110948e-14	3.640873e+01	2.124255e-14	3.640873e+01	2.119114e-14	3.640873e+01	2.132001e-14	3.640873e+01	2.098629e-14	3.640873e+01	2.243560e-14	3.640873e+01	2.217617e-14
3.812462e+01	2.091193e-14	3.812462e+01	2.118033e-14	3.812462e+01	2.131185e-14	3.812462e+01	2.127558e-14	3.812462e+01	2.138348e-14	3.812462e+01	2.106220e-14	3.812462e+01	2.251493e-14	3.812462e+01	2.221370e-14
3.992138e+01	2.072836e-14	3.992138e+01	2.105216e-14	3.992138e+01	2.119797e-14	3.992138e+01	2.113250e-14	3.992138e+01	2.128561e-14	3.992138e+01	2.091908e-14	3.992138e+01	2.241943e-14	3.992138e+01	2.216811e-14
4.180281e+01	2.077102e-14	4.180281e+01	2.109937e-14	4.180281e+01	2.124242e-14	4.180281e+01	2.118378e-14	4.180281e+01	2.132518e-14	4.180281e+01	2.096545e-14	4.180281e+01	2.248074e-14	4.180281e+01	2.218736e-14
4.377292e+01	2.060064e-14	4.377292e+01	2.097856e-14	4.377292e+01	2.113393e-14	4.377292e+01	2.104847e-14	4.377292e+01	2.122964e-14	4.377292e+01	2.083093e-14	4.377292e+01	2.239234e-14	4.377292e+01	2.213430e-14
4.583587e+01	2.062567e-14	4.583587e+01	2.100664e-14	4.583587e+01	2.116106e-14	4.583587e+01	2.107783e-14	4.583587e+01	2.125088e-14	4.583587e+01	2.085432e-14	4.583587e+01	2.243511e-14	4.583587e+01	2.213597e-14
4.799605e+01	2.046728e-14	4.799605e+01	2.089121e-14	4.799605e+01	2.105670e-14	4.799605e+01	2.094853e-14	4.799605e+01	2.115916e-14	4.799605e+01	2.072840e-14	4.799605e+01	2.234904e-14	4.799605e+01	2.207726e-14
5.025803e+01	2.048125e-14	5.025803e+01	2.090628e-14	5.025803e+01	2.107300e-14	5.025803e+01	2.096431e-14	5.025803e+01	2.116811e-14	5.025803e+01	2.073769e-14	5.025803e+01	2.237675e-14	5.025803e+01	2.207077e-14
5.262662e+01	2.033585e-14	5.262662e+01	2.079706e-14	5.262662e+01	2.097417e-14	5.262662e+01	2.084300e-14	5.262662e+01	2.108117e-14	5.262662e+01	2.062013e-14	5.262662e+01	2.228974e-14	5.262662e+01	2.201225e-14
5.510684e+01	2.034135e-14	5.510684e+01	2.080474e-14	5.510684e+01	2.098391e-14	5.510684e+01	2.085506e-14	5.510684e+01	2.108565e-14	5.510684e+01	2.062402e-14	5.510684e+01	2.230485e-14	5.510684e+01	2.200564e-14
5.770394e+01	2.020676e-14	5.770394e+01	2.070247e-14	5.770394e+01	2.089086e-14	5.770394e+01	2.074095e-14	5.770394e+01	2.100306e-14	5.770394e+01	2.051393e-14	5.770394e+01	2.221857e-14	5.770394e+01	2.195284e-14
6.042345e+01	2.020411e-14	6.042345e+01	2.070402e-14	6.042345e+01	2.089519e-14	6.042345e+01	2.075007e-14	6.042345e+01	2.100526e-14	6.042345e+01	2.051785e-14	6.042345e+01	2.222295e-14	6.042345e+01	2.194752e-14
6.327112e+01	2.007587e-14	6.327112e+01	2.060627e-14	6.327112e+01	2.080535e-14	6.327112e+01	2.064101e-14	6.327112e+01	2.092476e-14	6.327112e+01	2.041173e-14	6.327112e+01	2.213831e-14	6.327112e+01	2.189753e-14
6.625299e+01	2.006734e-14	6.625299e+01	2.060261e-14	6.625299e+01	2.080470e-14	6.625299e+01	2.064223e-14	6.625299e+01	2.092317e-14	6.625299e+01	2.041216e-14	6.625299e+01	2.213698e-14	6.625299e+01	2.188816e-14
6.937540e+01	2.004833e-14	6.937540e+01	2.058922e-14	6.937540e+01	2.079131e-14	6.937540e+01	2.062872e-14	6.937540e+01	2.090913e-14	6.937540e+01	2.039577e-14	6.937540e+01	2.212866e-14	6.937540e+01	2.187116e-14
7.264496e+01	1.993182e-14	7.264496e+01	2.049841e-14	7.264496e+01	2.070745e-14	7.264496e+01	2.052927e-14	7.264496e+01	2.083231e-14	7.264496e+01	2.029961e-14	7.264496e+01	2.205082e-14	7.264496e+01	2.181412e-14
7.606861e+01	1.991220e-14	7.606861e+01	2.048243e-14	7.606861e+01	2.068950e-14	7.606861e+01	2.051137e-14	7.606861e+01	2.081355e-14	7.606861e+01	2.027959e-14	7.606861e+01	2.203944e-14	7.606861e+01	2.178765e-14
7.965362e+01	1.988273e-14	7.965362e+01	2.045714e-14	7.965362e+01	2.066582e-14	7.965362e+01	2.048611e-14	7.965362e+01	2.078777e-14	7.965362e+01	2.025259e-14	7.965362e+01	2.201924e-14	7.965362e+01	2.175420e-14
8.340758e+01	1.977943e-14	8.340758e+01	2.037423e-14	8.340758e+01	2.058683e-14	8.340758e+01	2.039530e-14	8.340758e+01	2.071614e-14	8.340758e+01	2.016355e-14	8.340758e+01	2.194524e-14	8.340758e+01	2.169672e-14
8.733845e+01	1.974969e-14	8.733845e+01	2.034891e-14	8.733845e+01	2.056501e-14	8.733845e+01	2.037259e-14	8.733845e+01	2.069208e-14	8.733845e+01	2.013730e-14	8.733845e+01	2.192196e-14	8.733845e+01	2.166692e-14
9.145459e+01	1.971580e-14	9.145459e+01	2.032079e-14	9.145459e+01	2.053758e-14	9.145459e+01	2.034524e-14	9.145459e+01	2.066538e-14	9.145459e+01	2.010707e-14	9.145459e+01	2.189428e-14	9.145459e+01	2.163857e-14
9.576471e+01	1.961927e-14	9.576471e+01	2.024329e-14	9.576471e+01	2.046516e-14	9.576471e+01	2.025949e-14	9.576471e+01	2.059843e-14	9.576471e+01	2.002473e-14	9.576471e+01	2.182031e-14	9.576471e+01	2.158793e-14
1.002780e+02	1.958504e-14	1.002780e+02	2.021436e-14	1.002780e+02	2.043633e-14	1.002780e+02	2.022761e-14	1.002780e+02	2.057087e-14	1.002780e+02	1.999567e-14	1.002780e+02	2.179104e-14	1.002780e+02	2.155907e-14
1.050039e+02	1.954889e-14	1.050039e+02	2.018187e-14	1.050039e+02	2.040496e-14	1.050039e+02	2.019136e-14	1.050039e+02	2.053790e-14	1.050039e+02	1.996016e-14	1.050039e+02	2.175766e-14	1.050039e+02	2.152407e-14
1.099526e+02	1.950946e-14	1.099526e+02	2.014473e-14	1.099526e+02	2.037011e-14	1.099526e+02	2.015303e-14	1.099526e+02	2.050146e-14	1.099526e+02	1.992350e-14	1.099526e+02	2.172158e-14	1.099526e+02	2.148506e-14
1.151345e+02	1.942643e-14	1.151345e+02	2.007247e-14	1.151345e+02	2.030061e-14	1.151345e+02	2.007402e-14	1.151345e+02	2.043613e-14	1.151345e+02	1.984834e-14	1.151345e+02	2.165119e-14	1.151345e+02	2.142784e-14
1.205606e+02	1.939173e-14	1.205606e+02	2.003705e-14	1.205606e+02	2.026743e-14	1.205606e+02	2.003925e-14	1.205606e+02	2.040030e-14	1.205606e+02	1.981315e-14	1.205606e+02	2.161395e-14	1.205606e+02	2.138640e-14
1.262425e+02	1.935571e-14	1.262425e+02	2.000057e-14	1.262425e+02	2.023108e-14	1.262425e+02	2.000291e-14	1.262425e+02	2.036342e-14	1.262425e+02	1.977724e-14	1.262425e+02	2.157655e-14	1.262425e+02	2.134646e-14
1.321921e+02	1.931881e-14	1.321921e+02	1.996335e-14	1.321921e+02	2.019329e-14	1.321921e+02	1.996388e-14	1.321921e+02	2.032552e-14	1.321921e+02	1.973852e-14	1.321921e+02	2.153613e-14	1.321921e+02	2.130468e-14
1.384221e+02	1.927947e-14	1.384221e+02	1.992391e-14	1.384221e+02	2.015417e-14	1.384221e+02	1.992412e-14	1.384221e+02	2.028567e-14	1.384221e+02	1.969935e-14	1.384221e+02	2.149304e-14	1.384221e+02	2.126085e-14
1.449458e+02	1.924013e-14	1.449458e+02	1.988389e-14	1.449458e+02	2.011422e-14	1.449458e+02	1.988351e-14	1.449458e+02	2.024454e-14	1.449458e+02	1.965923e-14	1.449458e+02	2.144746e-14	1.449458e+02	2.121521e-14
1.517768e+02	1.917193e-14	1.517768e+02	1.982117e-14	1.517768e+02	2.005172e-14	1.517768e+02	1.981555e-14	1.517768e+02	2.018523e-14	1.517768e+02	1.959444e-14	1.517768e+02	2.137889e-14	1.517768e+02	2.115916e-14
1.589299e+02	1.913497e-14	1.589299e+02	1.978263e-14	1.589299e+02	2.001258e-14	1.589299e+02	1.977716e-14	1.589299e+02	2.014631e-14	1.589299e+02	1.955774e-14	1.589299e+02	2.133157e-14	1.589299e+02	2.111295e-14
1.664200e+02	1.909729e-14	1.664200e+02	1.974354e-14	1.664200e+02	1.997325e-14	1.664200e+02	1.973830e-14	1.664200e+02	2.010632e-14	1.664200e+02	1.951960e-14	1.664200e+02	2.128400e-14	1.664200e+02	2.106694e-14
1.742631e+02	1.905820e-14	1.742631e+02	1.970325e-14	1.742631e+02	1.993259e-14	1.742631e+02	1.969838e-14	1.742631e+02	2.006527e-14	1.742631e+02	1.948039e-14	1.742631e+02	2.123644e-14	1.742631e+02	2.102028e-14
1.824759e+02	1.901864e-14	1.824759e+02	1.966220e-14	1.824759e+02	1.989065e-14	1.824759e+02	1.965815e-14	1.824759e+02	2.002337e-14	1.824759e+02	1.944077e-14	1.824759e+02	2.118971e-14	1.824759e+02	2.097240e-14
1.910757e+02	1.897932e-14	1.910757e+02	1.962164e-14	1.910757e+02	1.984784e-14	1.910757e+02	1.961769e-14	1.910757e+02	1.998114e-14	1.910757e+02	1.940072e-14	1.910757e+02	2.114221e-14	1.910757e+02	2.092357e-14
2.000808e+02	1.893848e-14	2.000808e+02	1.958020e-14	2.000808e+02	1.980479e-14	2.000808e+02	1.957682e-14	2.000808e+02	1.993867e-14	2.000808e+02	1.936010e-14	2.000808e+02	2.109339e-14	2.000808e+02	2.087467e-14
2.095104e+02	1.889514e-14	2.095104e+02	1.953740e-14	2.095104e+02	1.976107e-14	2.095104e+02	1.953484e-14	2.095104e+02	1.989504e-14	2.095104e+02	1.931828e-14	2.095104e+02	2.104274e-14	2.095104e+02	2.082512e-14
2.193843e+02	1.884967e-14	2.193843e+02	1.949320e-14	2.193843e+02	1.971565e-14	2.193843e+02	1.949101e-14	2.193843e+02	1.984984e-14	2.193843e+02	1.927513e-14	2.193843e+02	2.099097e-14	2.193843e+02	2.077366e-14
2.297235e+02	1.881813e-14	2.297235e+02	1.946039e-14	2.297235e+02	1.968143e-14	2.297235e+02	1.946013e-14	2.297235e+02	1.981310e-14	2.297235e+02	1.924368e-14	2.297235e+02	2.095018e-14	2.297235e+02	2.072660e-14
2.405501e+02	1.876855e-14	2.405501e+02	1.941420e-14	2.405501e+02	1.963449e-14	2.405501e+02	1.941313e-14	2.405501e+02	1.976654e-14	2.405501e+02	1.919727e-14	2.405501e+02	2.089741e-14	2.405501e+02	2.067405e-14
2.518869e+02	1.871723e-14	2.518869e+02	1.936710e-14	2.518869e+02	1.958695e-14	2.518869e+02	1.936445e-14	2.518869e+02	1.971937e-14	2.518869e+02	1.914926e-14	2.518869e+02	2.084539e-14	2.518869e+02	2.062220e-14
2.637579e+02	1.866459e-14	2.637579e+02	1.931824e-14	2.637579e+02	1.953851e-14	2.637579e+02	1.931418e-14	2.637579e+02	1.967064e-14	2.637579e+02	1.909974e-14	2.637579e+02	2.079271e-14	2.637579e+02	2.056900e-14
2.761884e+02	1.861137e-14	2.761884e+02	1.926792e-14	2.761884e+02	1.948909e-14	2.761884e+02	1.926284e-14	2.761884e+02	1.962051e-14	2.761884e+02	1.904926e-14	2.761884e+02	2.073849e-14	2.761884e+02	2.051447e-14
2.892048e+02	1.856915e-14	2.892048e+02	1.922602e-14	2.892048e+02	1.944625e-14	2.892048e+02	1.922014e-14	2.892048e+02	1.957679e-14	2.892048e+02	1.900737e-14	2.892048e+02	2.069059e-14	2.892048e+02	2.046271e-14
3.028346e+02	1.851521e-14	3.028346e+02	1.917428e-14	3.028346e+02	1.939434e-14	3.028346e+02	1.916566e-14	3.028346e+02	1.952476e-14	3.028346e+02	1.895508e-14	3.028346e+02	2.063373e-14	3.028346e+02	2.040732e-14
3.171068e+02	1.846255e-14	3.171068e+02	1.912196e-14	3.171068e+02	1.934235e-14	3.171068e+02	1.911067e-14	3.171068e+02	1.947168e-14	3.171068e+02	1.890229e-14	3.171068e+02	2.057613e-14	3.171068e+02	2.035079e-14
3.320515e+02	1.841160e-14	3.320515e+02	1.906959e-14	3.320515e+02	1.929054e-14	3.320515e+02	1.905720e-14	3.320515e+02	1.941817e-14	3.320515e+02	1.885021e-14	3.320515e+02	2.051757e-14	3.320515e+02	2.029406e-14
3.477006e+02	1.837036e-14	3.477006e+02	1.902375e-14	3.477006e+02	1.924499e-14	3.477006e+02	1.901265e-14	3.477006e+02	1.937055e-14	3.477006e+02	1.880671e-14	3.477006e+02	2.046388e-14	3.477006e+02	2.023923e-14
3.640873e+02	1.832217e-14	3.640873e+02	1.897236e-14	3.640873e+02	1.919199e-14	3.640873e+02	1.895998e-14	3.640873e+02	1.931734e-14	3.640873e+02	1.875598e-14	3.640873e+02	2.040452e-14	3.640873e+02	2.018094e-14
3.812462e+02	1.828050e-14	3.812462e+02	1.892631e-14	3.812462e+02	1.914523e-14	3.812462e+02	1.891485e-14	3.812462e+02	1.926841e-14	3.812462e+02	1.871180e-14	3.812462e+02	2.034929e-14	3.812462e+02	2.012446e-14
3.992138e+02	1.823090e-14	3.992138e+02	1.887502e-14	3.992138e+02	1.909255e-14	3.992138e+02	1.886317e-14	3.992138e+02	1.921572e-14	3.992138e+02	1.866172e-14	3.992138e+02	2.028961e-14	3.992138e+02	2.006448e-14
4.180281e+02	1.818574e-14	4.180281e+02	1.882807e-14	4.180281e+02	1.904426e-14	4.180281e+02	1.881579e-14	4.180281e+02	1.916543e-14	4.180281e+02	1.861539e-14	4.180281e+02	2.023404e-14	4.180281e+02	2.000753e-14
4.377292e+02	1.813237e-14	4.377292e+02	1.877547e-14	4.377292e+02	1.899113e-14	4.377292e+02	1.876282e-14	4.377292e+02	1.911228e-14	4.377292e+02	1.856390e-14	4.377292e+02	2.017362e-14	4.377292e+02	1.994756e-14
4.583587e+02	1.808329e-14	4.583587e+02	1.872652e-14	4.583587e+02	1.894135e-14	4.583587e+02	1.871215e-14	4.583587e+02	1.906059e-14	4.583587e+02	1.851474e-14	4.583587e+02	2.011686e-14	4.583587e+02	1.988960e-14
4.799605e+02	1.802795e-14	4.799605e+02	1.867219e-14	4.799605e+02	1.888654e-14	4.799605e+02	1.865605e-14	4.799605e+02	1.900556e-14	4.799605e+02	1.846065e-14	4.799605e+02	2.005554e-14	4.799605e+02	1.982803e-14
5.025803e+02	1.797749e-14	5.025803e+02	1.862048e-14	5.025803e+02	1.883527e-14	5.025803e+02	1.860279e-14	5.025803e+02	1.895192e-14	5.025803e+02	1.840905e-14	5.025803e+02	1.999607e-14	5.025803e+02	1.976914e-14
5.262662e+02	1.792866e-14	5.262662e+02	1.856871e-14	5.262662e+02	1.878228e-14	5.262662e+02	1.854907e-14	5.262662e+02	1.889729e-14	5.262662e+02	1.835711e-14	5.262662e+02	1.993643e-14	5.262662e+02	1.970836e-14
5.510684e+02	1.787555e-14	5.510684e+02	1.851307e-14	5.510684e+02	1.872589e-14	5.510684e+02	1.849302e-14	5.510684e+02	1.884061e-14	5.510684e+02	1.830305e-14	5.510684e+02	1.987245e-14	5.510684e+02	1.964588e-14
5.770394e+02	1.782623e-14	5.770394e+02	1.846071e-14	5.770394e+02	1.867314e-14	5.770394e+02	1.844070e-14	5.770394e+02	1.878564e-14	5.770394e+02	1.825217e-14	5.770394e+02	1.981060e-14	5.770394e+02	1.958489e-14
6.042345e+02	1.777604e-14	6.042345e+02	1.840806e-14	6.042345e+02	1.861963e-14	6.042345e+02	1.838775e-14	6.042345e+02	1.873041e-14	6.042345e+02	1.820072e-14	6.042345e+02	1.974810e-14	6.042345e+02	1.952271e-14
6.327112e+02	1.772444e-14	6.327112e+02	1.835486e-14	6.327112e+02	1.856560e-14	6.327112e+02	1.833347e-14	6.327112e+02	1.867478e-14	6.327112e+02	1.814821e-14	6.327112e+02	1.968528e-14	6.327112e+02	1.946026e-14
6.625299e+02	1.766857e-14	6.625299e+02	1.829894e-14	6.625299e+02	1.850802e-14	6.625299e+02	1.827511e-14	6.625299e+02	1.861745e-14	6.625299e+02	1.809245e-14	6.625299e+02	1.962114e-14	6.625299e+02	1.939564e-14
6.937540e+02	1.761528e-14	6.937540e+02	1.824406e-14	6.937540e+02	1.845242e-14	6.937540e+02	1.821879e-14	6.937540e+02	1.856040e-14	6.937540e+02	1.803814e-14	6.937540e+02	1.955783e-14	6.937540e+02	1.933196e-14
7.264496e+02	1.756231e-14	7.264496e+02	1.818849e-14	7.264496e+02	1.839635e-14	7.264496e+02	1.816217e-14	7.264496e+02	1.850274e-14	7.264496e+02	1.798333e-14	7.264496e+02	1.949380e-14	7.264496e+02	1.926780e-14
7.606861e+02	1.750948e-14	7.606861e+02	1.813265e-14	7.606861e+02	1.833977e-14	7.606861e+02	1.810554e-14	7.606861e+02	1.844456e-14	7.606861e+02	1.792820e-14	7.606861e+02	1.942927e-14	7.606861e+02	1.920346e-14
7.965362e+02	1.745585e-14	7.965362e+02	1.807664e-14	7.965362e+02	1.828280e-14	7.965362e+02	1.804899e-14	7.965362e+02	1.838588e-14	7.965362e+02	1.787342e-14	7.965362e+02	1.936377e-14	7.965362e+02	1.913870e-14
8.340758e+02	1.740260e-14	8.340758e+02	1.802167e-14	8.340758e+02	1.822632e-14	8.340758e+02	1.799385e-14	8.340758e+02	1.832873e-14	8.340758e+02	1.782017e-14	8.340758e+02	1.930078e-14	8.340758e+02	1.907434e-14
8.733845e+02	1.734737e-14	8.733845e+02	1.796489e-14	8.733845e+02	1.816879e-14	8.733845e+02	1.793507e-14	8.733845e+02	1.826957e-14	8.733845e+02	1.776370e-14	8.733845e+02	1.923519e-14	8.733845e+02	1.900786e-14
9.145459e+02	1.729196e-14	9.145459e+02	1.790741e-14	9.145459e+02	1.811066e-14	9.145459e+02	1.787537e-14	9.145459e+02	1.820959e-14	9.145459e+02	1.770590e-14	9.145459e+02	1.916790e-14	9.145459e+02	1.894197e-14
9.576471e+02	1.723621e-14	9.576471e+02	1.784848e-14	9.576471e+02	1.805204e-14	9.576471e+02	1.781632e-14	9.576471e+02	1.814861e-14	9.576471e+02	1.764887e-14	9.576471e+02	1.910057e-14	9.576471e+02	1.887594e-14
1.002780e+03	1.717950e-14	1.002780e+03	1.779053e-14	1.002780e+03	1.799191e-14	1.002780e+03	1.775691e-14	1.002780e+03	1.808853e-14	1.002780e+03	1.759173e-14	1.002780e+03	1.903292e-14	1.002780e+03	1.880888e-14
1.050039e+03	1.712469e-14	1.050039e+03	1.773209e-14	1.050039e+03	1.793396e-14	1.050039e+03	1.769782e-14	1.050039e+03	1.802776e-14	1.050039e+03	1.753447e-14	1.050039e+03	1.896476e-14	1.050039e+03	1.874165e-14
1.099526e+03	1.706719e-14	1.099526e+03	1.767346e-14	1.099526e+03	1.787333e-14	1.099526e+03	1.763746e-14	1.099526e+03	1.796673e-14	1.099526e+03	1.747638e-14	1.099526e+03	1.889637e-14	1.099526e+03	1.867367e-14
1.151345e+03	1.701064e-14	1.151345e+03	1.761429e-14	1.151345e+03	1.781333e-14	1.151345e+03	1.757761e-14	1.151345e+03	1.790527e-14	1.151345e+03	1.741823e-14	1.151345e+03	1.882769e-14	1.151345e+03	1.860652e-14
1.205606e+03	1.695345e-14	1.205606e+03	1.755456e-14	1.205606e+03	1.775288e-14	1.205606e+03	1.751581e-14	1.205606e+03	1.784300e-14	1.205606e+03	1.735832e-14	1.205606e+03	1.875758e-14	1.205606e+03	1.853756e-14
1.262425e+03	1.689609e-14	1.262425e+03	1.749491e-14	1.262425e+03	1.769203e-14	1.262425e+03	1.745519e-14	1.262425e+03	1.778099e-14	1.262425e+03	1.730002e-14	1.262425e+03	1.868862e-14	1.262425e+03	1.846894e-14
1.321921e+03	1.683812e-14	1.321921e+03	1.743458e-14	1.321921e+03	1.763091e-14	1.321921e+03	1.739419e-14	1.321921e+03	1.771832e-14	1.321921e+03	1.724077e-14	1.321921e+03	1.861964e-14	1.321921e+03	1.839991e-14
1.384221e+03	1.677888e-14	1.384221e+03	1.737276e-14	1.384221e+03	1.756844e-14	1.384221e+03	1.733203e-14	1.384221e+03	1.765459e-14	1.384221e+03	1.718019e-14	1.384221e+03	1.854966e-14	1.384221e+03	1.833160e-14
1.449458e+03	1.672036e-14	1.449458e+03	1.731172e-14	1.449458e+03	1.750629e-14	1.449458e+03	1.727006e-14	1.449458e+03	1.759117e-14	1.449458e+03	1.712012e-14	1.449458e+03	1.847928e-14	1.449458e+03	1.826205e-14
1.517768e+03	1.666155e-14	1.517768e+03	1.725039e-14	1.517768e+03	1.744407e-14	1.517768e+03	1.720767e-14	1.517768e+03	1.752732e-14	1.517768e+03	1.705968e-14	1.517768e+03	1.840813e-14	1.517768e+03	1.819188e-14
1.589299e+03	1.660227e-14	1.589299e+03	1.718875e-14	1.589299e+03	1.738159e-14	1.589299e+03	1.714453e-14	1.589299e+03	1.746317e-14	1.589299e+03	1.699864e-14	1.589299e+03	1.833628e-14	1.589299e+03	1.812035e-14
1.664200e+03	1.654275e-14	1.664200e+03	1.712654e-14	1.664200e+03	1.731862e-14	1.664200e+03	1.708062e-14	1.664200e+03	1.739818e-14	1.664200e+03	1.693645e-14	1.664200e+03	1.826408e-14	1.664200e+03	1.804921e-14
1.742631e+03	1.648268e-14	1.742631e+03	1.706304e-14	1.742631e+03	1.725509e-14	1.742631e+03	1.701707e-14	1.742631e+03	1.733222e-14	1.742631e+03	1.687490e-14	1.742631e+03	1.819286e-14	1.742631e+03	1.797787e-14
1.824759e+03	1.642106e-14	1.824759e+03	1.700036e-14	1.824759e+03	1.719036e-14	1.824759e+03	1.695343e-14	1.824759e+03	1.726716e-14	1.824759e+03	1.681323e-14	1.824759e+03	1.812174e-14	1.824759e+03	1.790651e-14
1.910757e+03	1.636026e-14	1.910757e+03	1.693776e-14	1.910757e+03	1.712710e-14	1.910757e+03	1.688810e-14	1.910757e+03	1.720166e-14	1.910757e+03	1.675056e-14	1.910757e+03	1.804815e-14	1.910757e+03	1.783380e-14
2.000808e+03	1.629917e-14	2.000808e+03	1.687334e-14	2.000808e+03	1.706237e-14	2.000808e+03	1.682355e-14	2.000808e+03	1.713528e-14	2.000808e+03	1.668800e-14	2.000808e+03	1.797658e-14	2.000808e+03	1.776217e-14
2.095104e+03	1.623711e-14	2.095104e+03	1.680978e-14	2.095104e+03	1.699810e-14	2.095104e+03	1.675819e-14	2.095104e+03	1.706856e-14	2.095104e+03	1.662473e-14	2.095104e+03	1.790349e-14	2.095104e+03	1.768946e-14
2.193843e+03	1.617419e-14	2.193843e+03	1.674582e-14	2.193843e+03	1.693251e-14	2.193843e+03	1.669241e-14	2.193843e+03	1.700250e-14	2.193843e+03	1.656153e-14	2.193843e+03	1.783038e-14	2.193843e+03	1.761621e-14
2.297235e+03	1.611145e-14	2.297235e+03	1.668097e-14	2.297235e+03	1.686709e-14	2.297235e+03	1.662624e-14	2.297235e+03	1.693522e-14	2.297235e+03	1.649766e-14	2.297235e+03	1.775659e-14	2.297235e+03	1.754304e-14
2.405501e+03	1.604880e-14	2.405501e+03	1.661541e-14	2.405501e+03	1.680160e-14	2.405501e+03	1.655964e-14	2.405501e+03	1.686757e-14	2.405501e+03	1.643316e-14	2.405501e+03	1.768174e-14	2.405501e+03	1.746971e-14
2.518869e+03	1.598542e-14	2.518869e+03	1.655012e-14	2.518869e+03	1.673533e-14	2.518869e+03	1.649270e-14	2.518869e+03	1.679981e-14	2.518869e+03	1.636861e-14	2.518869e+03	1.760733e-14	2.518869e+03	1.739535e-14
2.637579e+03	1.592117e-14	2.637579e+03	1.648468e-14	2.637579e+03	1.666852e-14	2.637579e+03	1.642560e-14	2.637579e+03	1.673188e-14	2.637579e+03	1.630387e-14	2.637579e+03	1.753249e-14	2.637579e+03	1.732047e-14
2.761884e+03	1.585768e-14	2.761884e+03	1.641852e-14	2.761884e+03	1.660240e-14	2.761884e+03	1.635800e-14	2.761884e+03	1.666306e-14	2.761884e+03	1.623828e-14	2.761884e+03	1.745665e-14	2.761884e+03	1.724588e-14
2.892048e+03	1.579296e-14	2.892048e+03	1.635222e-14	2.892048e+03	1.653457e-14	2.892048e+03	1.628988e-14	2.892048e+03	1.659424e-14	2.892048e+03	1.617260e-14	2.892048e+03	1.738123e-14	2.892048e+03	1.716975e-14
3.028346e+03	1.572858e-14	3.028346e+03	1.628533e-14	3.028346e+03	1.646768e-14	3.028346e+03	1.622077e-14	3.028346e+03	1.652407e-14	3.028346e+03	1.610528e-14	3.028346e+03	1.730427e-14	3.028346e+03	1.709377e-14
3.171068e+03	1.566307e-14	3.171068e+03	1.621727e-14	3.171068e+03	1.639909e-14	3.171068e+03	1.615307e-14	3.171068e+03	1.645459e-14	3.171068e+03	1.603959e-14	3.171068e+03	1.722773e-14	3.171068e+03	1.701866e-14
3.320515e+03	1.559843e-14	3.320515e+03	1.614910e-14	3.320515e+03	1.633058e-14	3.320515e+03	1.608378e-14	3.320515e+03	1.638392e-14	3.320515e+03	1.597215e-14	3.320515e+03	1.715014e-14	3.320515e+03	1.694165e-14
3.477006e+03	1.553275e-14	3.477006e+03	1.608235e-14	3.477006e+03	1.626099e-14	3.477006e+03	1.601435e-14	3.477006e+03	1.631383e-14	3.477006e+03	1.590536e-14	3.477006e+03	1.707320e-14	3.477006e+03	1.686446e-14
3.640873e+03	1.546612e-14	3.640873e+03	1.601336e-14	3.640873e+03	1.619262e-14	3.640873e+03	1.594568e-14	3.640873e+03	1.624288e-14	3.640873e+03	1.583818e-14	3.640873e+03	1.699548e-14	3.640873e+03	1.678792e-14
3.812462e+03	1.539968e-14	3.812462e+03	1.594457e-14	3.812462e+03	1.612289e-14	3.812462e+03	1.587555e-14	3.812462e+03	1.617128e-14	3.812462e+03	1.577016e-14	3.812462e+03	1.691752e-14	3.812462e+03	1.671001e-14
3.992138e+03	1.533295e-14	3.992138e+03	1.587498e-14	3.992138e+03	1.605222e-14	3.992138e+03	1.580516e-14	3.992138e+03	1.609956e-14	3.992138e+03	1.570181e-14	3.992138e+03	1.683840e-14	3.992138e+03	1.663120e-14
4.180281e+03	1.526590e-14	4.180281e+03	1.580499e-14	4.180281e+03	1.598110e-14	4.180281e+03	1.573476e-14	4.180281e+03	1.602731e-14	4.180281e+03	1.563306e-14	4.180281e+03	1.675882e-14	4.180281e+03	1.655378e-14
4.377292e+03	1.519870e-14	4.377292e+03	1.573550e-14	4.377292e+03	1.590971e-14	4.377292e+03	1.566297e-14	4.377292e+03	1.595542e-14	4.377292e+03	1.556372e-14	4.377292e+03	1.667943e-14	4.377292e+03	1.647453e-14
4.583587e+03	1.513053e-14	4.583587e+03	1.566476e-14	4.583587e+03	1.583821e-14	4.583587e+03	1.559145e-14	4.583587e+03	1.588213e-14	4.583587e+03	1.549327e-14	4.583587e+03	1.659992e-14	4.583587e+03	1.639657e-14
4.799605e+03	1.506144e-14	4.799605e+03	1.559356e-14	4.799605e+03	1.576590e-14	4.799605e+03	1.551995e-14	4.799605e+03	1.580770e-14	4.799605e+03	1.542332e-14	4.799605e+03	1.651990e-14	4.799605e+03	1.631646e-14
5.025803e+03	1.499286e-14	5.025803e+03	1.552083e-14	5.025803e+03	1.569218e-14	5.025803e+03	1.544650e-14	5.025803e+03	1.573443e-14	5.025803e+03	1.535258e-14	0.000000e+00	0.000000e+00	5.025803e+03	1.623729e-14
5.262662e+03	1.492325e-14	5.262662e+03	1.544904e-14	5.262662e+03	1.561963e-14	5.262662e+03	1.537296e-14	5.262662e+03	1.565886e-14	5.262662e+03	1.528103e-14	0.000000e+00	0.000000e+00	5.262662e+03	1.615682e-14
5.510684e+03	1.485303e-14	5.510684e+03	1.537576e-14	5.510684e+03	1.554571e-14	5.510684e+03	1.530047e-14	5.510684e+03	1.558447e-14	5.510684e+03	1.520871e-14	0.000000e+00	0.000000e+00	5.510684e+03	1.607606e-14
5.770394e+03	1.478232e-14	5.770394e+03	1.530239e-14	0.000000e+00	0.000000e+00	5.770394e+03	1.522592e-14	5.770394e+03	1.550868e-14	5.770394e+03	1.513714e-14	0.000000e+00	0.000000e+00	5.770394e+03	1.599642e-14
6.042345e+03	1.471165e-14	6.042345e+03	1.522837e-14	0.000000e+00	0.000000e+00	6.042345e+03	1.515110e-14	6.042345e+03	1.543241e-14	6.042345e+03	1.506402e-14	0.000000e+00	0.000000e+00	6.042345e+03	1.591457e-14
6.327112e+03	1.463994e-14	6.327112e+03	1.515396e-14	0.000000e+00	0.000000e+00	6.327112e+03	1.507587e-14	6.327112e+03	1.535591e-14	6.327112e+03	1.499008e-14	0.000000e+00	0.000000e+00	6.327112e+03	1.583187e-14
6.625299e+03	1.456763e-14	0.000000e+00	0.000000e+00	0.000000e+00	0.000000e+00	6.625299e+03	1.500020e-14	6.625299e+03	1.527912e-14	6.625299e+03	1.491551e-14	0.000000e+00	0.000000e+00	6.625299e+03	1.574857e-14
6.937540e+03	1.449418e-14	0.000000e+00	0.000000e+00	0.000000e+00	0.000000e+00	6.937540e+03	1.492336e-14	6.937540e+03	1.520089e-14	6.937540e+03	1.484189e-14	0.000000e+00	0.000000e+00	6.937540e+03	1.566595e-14
7.264496e+03	1.442149e-14	0.000000e+00	0.000000e+00	0.000000e+00	0.000000e+00	7.264496e+03	1.484665e-14	0.000000e+00	0.000000e+00	7.264496e+03	1.476732e-14	0.000000e+00	0.000000e+00	7.264496e+03	1.558219e-14
7.606861e+03	1.434685e-14	0.000000e+00	0.000000e+00	0.000000e+00	0.000000e+00	7.606861e+03	1.476929e-14	0.000000e+00	0.000000e+00	0.000000e+00	0.000000e+00	0.000000e+00	0.000000e+00	7.606861e+03	1.549815e-14
7.965362e+03	1.427186e-14	0.000000e+00	0.000000e+00	0.000000e+00	0.000000e+00	0.000000e+00	0.000000e+00	0.000000e+00	0.000000e+00	0.000000e+00	0.000000e+00	0.000000e+00	0.000000e+00	7.965362e+03	1.541309e-14
8.340758e+03	1.419659e-14	0.000000e+00	0.000000e+00	0.000000e+00	0.000000e+00	0.000000e+00	0.000000e+00	0.000000e+00	0.000000e+00	0.000000e+00	0.000000e+00	0.000000e+00	0.000000e+00	8.340758e+03	1.532876e-14
8.733845e+03	1.412143e-14	0.000000e+00	0.000000e+00	0.000000e+00	0.000000e+00	0.000000e+00	0.000000e+00	0.000000e+00	0.000000e+00	0.000000e+00	0.000000e+00	0.000000e+00	0.000000e+00	0.000000e+00	0.000000e+00
