2.000000000000000000e+00 9.067145955837282600e+03
4.000000000000000000e+00 4.535615632856743105e+03
6.000000000000000000e+00 2.991024223132614679e+03
8.000000000000000000e+00 2.262874468194328983e+03
1.000000000000000000e+01 1.810726741739436648e+03
1.200000000000000000e+01 1.507266457164337680e+03
1.400000000000000000e+01 1.296851438088059922e+03
1.600000000000000000e+01 1.134815757337101559e+03
1.800000000000000000e+01 1.000175382720733296e+03
2.000000000000000000e+01 8.966144101681063603e+02
2.200000000000000000e+01 8.191194015000728541e+02
2.400000000000000000e+01 7.584802026206308483e+02
2.600000000000000000e+01 6.947908944289139299e+02
2.800000000000000000e+01 6.434484687996023240e+02
3.000000000000000000e+01 6.049573172656267843e+02
3.200000000000000000e+01 5.604008301972648951e+02
3.400000000000000000e+01 5.312989573255493951e+02
3.600000000000000000e+01 5.024308908582638082e+02
3.800000000000000000e+01 4.690339938236359103e+02
4.000000000000000000e+01 4.552145738093473710e+02
4.200000000000000000e+01 4.284692339373712002e+02
4.400000000000000000e+01 4.090406815720206737e+02
4.600000000000000000e+01 3.910025919487496822e+02
4.800000000000000000e+01 3.803755306998273795e+02
5.000000000000000000e+01 3.591957860695915201e+02
5.200000000000000000e+01 3.469902389587373364e+02
5.400000000000000000e+01 3.338321116681155445e+02
5.600000000000000000e+01 3.256378734987311532e+02
5.800000000000000000e+01 3.097358990447388010e+02
6.000000000000000000e+01 3.020293934717098523e+02
6.200000000000000000e+01 2.896840031899942005e+02
6.400000000000000000e+01 2.829674550655477105e+02
6.600000000000000000e+01 2.740080229458935150e+02
6.800000000000000000e+01 2.660550887763224637e+02
7.000000000000000000e+01 2.585282938430462991e+02
7.200000000000000000e+01 2.477473077149613516e+02
7.400000000000000000e+01 2.443682154200038781e+02
7.600000000000000000e+01 2.383542936540123094e+02
7.800000000000000000e+01 2.331530195798344778e+02
8.000000000000000000e+01 2.256451875267631237e+02
8.200000000000000000e+01 2.162729445294506831e+02
8.400000000000000000e+01 2.146064627750398301e+02
8.600000000000000000e+01 2.114089359487323350e+02
8.800000000000000000e+01 2.067340181323206707e+02
9.000000000000000000e+01 2.015193661544220163e+02
9.200000000000000000e+01 1.931485622465292238e+02
9.400000000000000000e+01 1.901006301060233454e+02
9.600000000000000000e+01 1.891551250655108163e+02
9.800000000000000000e+01 1.851041703093147248e+02
1.000000000000000000e+02 1.820721503153503988e+02
1.020000000000000000e+02 1.770242242982879759e+02
1.040000000000000000e+02 1.711604031400068209e+02
1.060000000000000000e+02 1.696936310297179205e+02
1.080000000000000000e+02 1.676293792245883481e+02
1.100000000000000000e+02 1.639852059938891671e+02
1.120000000000000000e+02 1.623353646007665247e+02
1.140000000000000000e+02 1.591899112738816200e+02
1.160000000000000000e+02 1.547484330969486450e+02
1.180000000000000000e+02 1.527272855587581262e+02
1.200000000000000000e+02 1.501754660190565005e+02
1.220000000000000000e+02 1.466221885002208865e+02
1.240000000000000000e+02 1.457214637297929301e+02
1.260000000000000000e+02 1.449188975167111835e+02
1.280000000000000000e+02 1.416990915398973812e+02
1.300000000000000000e+02 1.390763548799279192e+02
1.320000000000000000e+02 1.368850348628944005e+02
1.340000000000000000e+02 1.332055248850943201e+02
1.360000000000000000e+02 1.309500040354079999e+02
1.380000000000000000e+02 1.312085005448748802e+02
1.400000000000000000e+02 1.303690516223047382e+02
1.420000000000000000e+02 1.280638156901914613e+02
1.440000000000000000e+02 1.263753701811691315e+02
1.460000000000000000e+02 1.239969528290407084e+02
1.480000000000000000e+02 1.203457626814563639e+02
1.500000000000000000e+02 1.183994171090602663e+02
1.520000000000000000e+02 1.185341575998481289e+02
1.540000000000000000e+02 1.178946587726420603e+02
1.560000000000000000e+02 1.164172681822768141e+02
1.580000000000000000e+02 1.156363825853719760e+02
1.600000000000000000e+02 1.142112750001348900e+02
1.620000000000000000e+02 1.110231201134035075e+02
1.640000000000000000e+02 1.083205254117549714e+02
1.660000000000000000e+02 1.075178544833376577e+02
1.680000000000000000e+02 1.069478578240177882e+02
1.700000000000000000e+02 1.059314491106594005e+02
1.720000000000000000e+02 1.057238704483431491e+02
1.740000000000000000e+02 1.057450104104278523e+02
1.760000000000000000e+02 1.040047886646471937e+02
1.780000000000000000e+02 1.010419980848472790e+02
1.800000000000000000e+02 9.904518020831072533e+01
1.820000000000000000e+02 9.808895228202737826e+01
1.840000000000000000e+02 9.697790758241124820e+01
1.860000000000000000e+02 9.619737297318141600e+01
1.880000000000000000e+02 9.660534576755591729e+01
1.900000000000000000e+02 9.691402752912487983e+01
1.920000000000000000e+02 9.550163273298450406e+01
1.940000000000000000e+02 9.315413052000602079e+01
1.960000000000000000e+02 9.153248873120621454e+01
1.980000000000000000e+02 9.051184189227862475e+01
2.000000000000000000e+02 8.923434298185510727e+01
2.020000000000000000e+02 8.822860799181066227e+01
2.040000000000000000e+02 8.830012629975578875e+01
2.060000000000000000e+02 8.858122576876802157e+01
2.080000000000000000e+02 8.773672923778676136e+01
2.100000000000000000e+02 8.616775188562552046e+01
2.120000000000000000e+02 8.518002065793297106e+01
2.140000000000000000e+02 8.472970975207046251e+01
2.160000000000000000e+02 8.376656572550425039e+01
2.180000000000000000e+02 8.228158714854190237e+01
2.200000000000000000e+02 8.128477306149773085e+01
2.220000000000000000e+02 8.095298700699466110e+01
2.240000000000000000e+02 8.039438915414363862e+01
2.260000000000000000e+02 7.936808145021075234e+01
2.280000000000000000e+02 7.879040385447579808e+01
2.300000000000000000e+02 7.909364246409383270e+01
2.320000000000000000e+02 7.930546868892321299e+01
2.340000000000000000e+02 7.842515656488613729e+01
2.360000000000000000e+02 7.679383250386314330e+01
2.380000000000000000e+02 7.535877763652996464e+01
2.400000000000000000e+02 7.427994816300945047e+01
2.420000000000000000e+02 7.317026227741705213e+01
2.440000000000000000e+02 7.228783874894715211e+01
2.460000000000000000e+02 7.241157676359624418e+01
2.480000000000000000e+02 7.349667008004972502e+01
2.500000000000000000e+02 7.432370877557139011e+01
2.520000000000000000e+02 7.383328778414744420e+01
2.540000000000000000e+02 7.226440227826228124e+01
2.560000000000000000e+02 7.055164826569097158e+01
2.580000000000000000e+02 6.909745512520721888e+01
2.600000000000000000e+02 6.775552277526492162e+01
2.620000000000000000e+02 6.672454516213487352e+01
2.640000000000000000e+02 6.665810469086261492e+01
2.660000000000000000e+02 6.767746194112652347e+01
2.680000000000000000e+02 6.884931334724670648e+01
2.700000000000000000e+02 6.904507218739851737e+01
2.720000000000000000e+02 6.807563366422311901e+01
2.740000000000000000e+02 6.664850653374497824e+01
2.760000000000000000e+02 6.535427983367807769e+01
2.780000000000000000e+02 6.418001035605099958e+01
2.800000000000000000e+02 6.304008478027679985e+01
2.820000000000000000e+02 6.230300103604976414e+01
2.840000000000000000e+02 6.242672708538578519e+01
2.860000000000000000e+02 6.318998422959688810e+01
2.880000000000000000e+02 6.372247809940927965e+01
2.900000000000000000e+02 6.340684818798206379e+01
2.920000000000000000e+02 6.248782438459113564e+01
2.940000000000000000e+02 6.163328002958653684e+01
2.960000000000000000e+02 6.111485026345048510e+01
2.980000000000000000e+02 6.064457095268542020e+01
3.000000000000000000e+02 5.995951286829039617e+01
3.020000000000000000e+02 5.927010474450623434e+01
3.040000000000000000e+02 5.893218037737151604e+01
3.060000000000000000e+02 5.890435721484497122e+01
3.080000000000000000e+02 5.872895017578328947e+01
3.100000000000000000e+02 5.810131674911268362e+01
3.120000000000000000e+02 5.730175902156283740e+01
3.140000000000000000e+02 5.688860439670312985e+01
3.160000000000000000e+02 5.704723629110782213e+01
3.180000000000000000e+02 5.739692342401180980e+01
3.200000000000000000e+02 5.742006548750844530e+01
3.220000000000000000e+02 5.696833488181763272e+01
3.240000000000000000e+02 5.628421949514137168e+01
3.260000000000000000e+02 5.559488704538353687e+01
3.280000000000000000e+02 5.487639287303220925e+01
3.300000000000000000e+02 5.402296149777670564e+01
3.320000000000000000e+02 5.314641927276424127e+01
3.340000000000000000e+02 5.256915167623898810e+01
3.360000000000000000e+02 5.254051257978838407e+01
3.380000000000000000e+02 5.293910763182821455e+01
3.400000000000000000e+02 5.337559461694594631e+01
3.420000000000000000e+02 5.361412523015025755e+01
3.440000000000000000e+02 5.361277040788488080e+01
3.460000000000000000e+02 5.336673381812199324e+01
3.480000000000000000e+02 5.281071405506978067e+01
3.500000000000000000e+02 5.186170488277973334e+01
3.520000000000000000e+02 5.064104191281703748e+01
3.540000000000000000e+02 4.951513015037406973e+01
3.560000000000000000e+02 4.889408396743356633e+01
3.580000000000000000e+02 4.893993144138139684e+01
3.600000000000000000e+02 4.947597331474614180e+01
3.620000000000000000e+02 5.015364853901176190e+01
3.640000000000000000e+02 5.067812648968320843e+01
3.660000000000000000e+02 5.093034813699539143e+01
3.680000000000000000e+02 5.087797417264836497e+01
3.700000000000000000e+02 5.047313025795924801e+01
3.720000000000000000e+02 4.964350344104106227e+01
3.740000000000000000e+02 4.847975668967523433e+01
3.760000000000000000e+02 4.727593480156649264e+01
3.780000000000000000e+02 4.637484267950421923e+01
3.800000000000000000e+02 4.594893967016755454e+01
3.820000000000000000e+02 4.594712754012834210e+01
3.840000000000000000e+02 4.620056491781400609e+01
3.860000000000000000e+02 4.654503747536675462e+01
3.880000000000000000e+02 4.689861573297081776e+01
3.900000000000000000e+02 4.716440426877959169e+01
3.920000000000000000e+02 4.720902939821095146e+01
3.940000000000000000e+02 4.694241069756098028e+01
3.960000000000000000e+02 4.637974832326302987e+01
3.980000000000000000e+02 4.564091560500356337e+01
4.000000000000000000e+02 4.491705646397437590e+01
4.020000000000000000e+02 4.434373966929872779e+01
4.040000000000000000e+02 4.394529496356162923e+01
4.060000000000000000e+02 4.367161888492921662e+01
4.080000000000000000e+02 4.348075471970913242e+01
4.100000000000000000e+02 4.339980936728520788e+01
4.120000000000000000e+02 4.343783245645631297e+01
4.140000000000000000e+02 4.355845348213344437e+01
4.160000000000000000e+02 4.366161294009707916e+01
4.180000000000000000e+02 4.367848226859345573e+01
4.200000000000000000e+02 4.358073049323858328e+01
4.220000000000000000e+02 4.338973957890755173e+01
4.240000000000000000e+02 4.316049473008325776e+01
4.260000000000000000e+02 4.288478676396957212e+01
4.280000000000000000e+02 4.252158463338665229e+01
4.300000000000000000e+02 4.203807147493795782e+01
4.320000000000000000e+02 4.147770504066209440e+01
4.340000000000000000e+02 4.096420582584874381e+01
4.360000000000000000e+02 4.061339634099432061e+01
4.380000000000000000e+02 4.050295500320540043e+01
4.400000000000000000e+02 4.058580303322770533e+01
4.420000000000000000e+02 4.075524415594082228e+01
4.440000000000000000e+02 4.092604039587902776e+01
4.460000000000000000e+02 4.105904619994031179e+01
4.480000000000000000e+02 4.113400290191187025e+01
4.500000000000000000e+02 4.109587907292547015e+01
4.520000000000000000e+02 4.089241934829436076e+01
4.540000000000000000e+02 4.049067000738751432e+01
4.560000000000000000e+02 3.995509585195706137e+01
4.580000000000000000e+02 3.939334093882712295e+01
4.600000000000000000e+02 3.890855536245032198e+01
4.620000000000000000e+02 3.852377007649089080e+01
4.640000000000000000e+02 3.824144781325456677e+01
4.660000000000000000e+02 3.803903947184503664e+01
4.680000000000000000e+02 3.792331274905988181e+01
4.700000000000000000e+02 3.791531051243624972e+01
4.720000000000000000e+02 3.802555964485432582e+01
4.740000000000000000e+02 3.821079893463112853e+01
4.760000000000000000e+02 3.837523293024559479e+01
4.780000000000000000e+02 3.840595315406920207e+01
4.800000000000000000e+02 3.823657293166115778e+01
4.820000000000000000e+02 3.789486063950558759e+01
4.840000000000000000e+02 3.747291483815833857e+01
4.860000000000000000e+02 3.704351560700767720e+01
4.880000000000000000e+02 3.665114087729868686e+01
4.900000000000000000e+02 3.630317022393526827e+01
4.920000000000000000e+02 3.601712346869378933e+01
4.940000000000000000e+02 3.582159353751703890e+01
4.960000000000000000e+02 3.575487552493839871e+01
4.980000000000000000e+02 3.582981899992766017e+01
5.000000000000000000e+02 3.602196917080354410e+01
5.020000000000000000e+02 3.626300472785069218e+01
5.040000000000000000e+02 3.645098018385635186e+01
5.060000000000000000e+02 3.652336492687985725e+01
5.080000000000000000e+02 3.645489479167309810e+01
5.100000000000000000e+02 3.625970557601657163e+01
5.120000000000000000e+02 3.594694267647899721e+01
5.140000000000000000e+02 3.553405822923529200e+01
5.160000000000000000e+02 3.503879125746885848e+01
5.180000000000000000e+02 3.451704144422861731e+01
5.200000000000000000e+02 3.402755186001891730e+01
5.220000000000000000e+02 3.364577441909544575e+01
5.240000000000000000e+02 3.342262757767464620e+01
5.260000000000000000e+02 3.338061633762716696e+01
5.280000000000000000e+02 3.347911865272195797e+01
5.300000000000000000e+02 3.367026835214418412e+01
5.320000000000000000e+02 3.389681702247389694e+01
5.340000000000000000e+02 3.412406470994393715e+01
5.360000000000000000e+02 3.431188405041012857e+01
5.380000000000000000e+02 3.441862833229596674e+01
5.400000000000000000e+02 3.440271974139461264e+01
5.420000000000000000e+02 3.424094470776450549e+01
5.440000000000000000e+02 3.392380031260260154e+01
5.460000000000000000e+02 3.348333524093749247e+01
5.480000000000000000e+02 3.298141547080222580e+01
5.500000000000000000e+02 3.249151951495011303e+01
5.520000000000000000e+02 3.206918789801306957e+01
5.540000000000000000e+02 3.174670217204911538e+01
5.560000000000000000e+02 3.154072697093134892e+01
5.580000000000000000e+02 3.145779868274315660e+01
5.600000000000000000e+02 3.149488442204382110e+01
5.620000000000000000e+02 3.163455123199273089e+01
5.640000000000000000e+02 3.185238632411413917e+01
5.660000000000000000e+02 3.210050943161748194e+01
5.680000000000000000e+02 3.231274150530721556e+01
5.700000000000000000e+02 3.243250081058157264e+01
5.720000000000000000e+02 3.242585688648994591e+01
5.740000000000000000e+02 3.229278370888893335e+01
5.760000000000000000e+02 3.205530231919054529e+01
5.780000000000000000e+02 3.174113511437534996e+01
5.800000000000000000e+02 3.138641621096743606e+01
5.820000000000000000e+02 3.101104139055478370e+01
5.840000000000000000e+02 3.063700303215367526e+01
5.860000000000000000e+02 3.029171631270387266e+01
5.880000000000000000e+02 3.002027590894277154e+01
5.900000000000000000e+02 2.985366892883614653e+01
5.920000000000000000e+02 2.980771081387031884e+01
5.940000000000000000e+02 2.985864110811048988e+01
5.960000000000000000e+02 2.996860325478339249e+01
5.980000000000000000e+02 3.008461527088302745e+01
6.000000000000000000e+02 3.016779083448741616e+01
6.020000000000000000e+02 3.020736578238737735e+01
6.040000000000000000e+02 3.020512615060621542e+01
6.060000000000000000e+02 3.016614778620822435e+01
6.080000000000000000e+02 3.007816682001250896e+01
6.100000000000000000e+02 2.993684314298987204e+01
6.120000000000000000e+02 2.974098005772207287e+01
6.140000000000000000e+02 2.951247547962876538e+01
6.160000000000000000e+02 2.928718976000344298e+01
6.180000000000000000e+02 2.910356797641841098e+01
6.200000000000000000e+02 2.898353713370133633e+01
6.220000000000000000e+02 2.891532660934091226e+01
6.240000000000000000e+02 2.887548535982076814e+01
6.260000000000000000e+02 2.884158253002929229e+01
6.280000000000000000e+02 2.880223082531951206e+01
6.300000000000000000e+02 2.875593097145508281e+01
6.320000000000000000e+02 2.870262662137102794e+01
6.340000000000000000e+02 2.863743796581814749e+01
6.360000000000000000e+02 2.854174614335965288e+01
6.380000000000000000e+02 2.840124502692748365e+01
6.400000000000000000e+02 2.821263453736240834e+01
6.420000000000000000e+02 2.799703984328212414e+01
6.440000000000000000e+02 2.778249807255244974e+01
6.460000000000000000e+02 2.759568578444064002e+01
6.480000000000000000e+02 2.746163487790027702e+01
6.500000000000000000e+02 2.738135382905752735e+01
6.520000000000000000e+02 2.734997257394713799e+01
6.540000000000000000e+02 2.735104264179576106e+01
6.560000000000000000e+02 2.737112438914076051e+01
6.580000000000000000e+02 2.740160584078418893e+01
6.600000000000000000e+02 2.742935993718154108e+01
6.620000000000000000e+02 2.744977371538201183e+01
6.640000000000000000e+02 2.745508741637705086e+01
6.660000000000000000e+02 2.743368136924197742e+01
6.680000000000000000e+02 2.737284135421834819e+01
6.700000000000000000e+02 2.726635652011589883e+01
6.720000000000000000e+02 2.712204681355887459e+01
6.740000000000000000e+02 2.695605228457816338e+01
6.760000000000000000e+02 2.679372430487770629e+01
6.780000000000000000e+02 2.665372159606677371e+01
6.800000000000000000e+02 2.654402479937445136e+01
6.820000000000000000e+02 2.645624898159596583e+01
6.840000000000000000e+02 2.637435500789342058e+01
6.860000000000000000e+02 2.629576593373293036e+01
6.880000000000000000e+02 2.621771556167915307e+01
6.900000000000000000e+02 2.614532070229397220e+01
6.920000000000000000e+02 2.607976082706193566e+01
6.940000000000000000e+02 2.601014523227188491e+01
6.960000000000000000e+02 2.592544748568777635e+01
6.980000000000000000e+02 2.581142202317774448e+01
7.000000000000000000e+02 2.567154364824221346e+01
7.020000000000000000e+02 2.552311565893388945e+01
7.040000000000000000e+02 2.538348346059329330e+01
7.060000000000000000e+02 2.527207033540893377e+01
7.080000000000000000e+02 2.519631947509281744e+01
7.100000000000000000e+02 2.515546099560823734e+01
7.120000000000000000e+02 2.514006528090297365e+01
7.140000000000000000e+02 2.513751033148892233e+01
7.160000000000000000e+02 2.514086367195345417e+01
7.180000000000000000e+02 2.514100110607989080e+01
7.200000000000000000e+02 2.513533874837643367e+01
7.220000000000000000e+02 2.512261685620534735e+01
7.240000000000000000e+02 2.510141852807690555e+01
7.260000000000000000e+02 2.506895181230530056e+01
7.280000000000000000e+02 2.501494284955846226e+01
7.300000000000000000e+02 2.493748329315800305e+01
7.320000000000000000e+02 2.484018684362352047e+01
7.340000000000000000e+02 2.473217412267084470e+01
7.360000000000000000e+02 2.463212124628181598e+01
7.380000000000000000e+02 2.455118617156050576e+01
7.400000000000000000e+02 2.449208651889981070e+01
7.420000000000000000e+02 2.444544303257563200e+01
7.440000000000000000e+02 2.439601087837302629e+01
7.460000000000000000e+02 2.433672684017482624e+01
7.480000000000000000e+02 2.426326328184970293e+01
7.500000000000000000e+02 2.417867564464199148e+01
7.520000000000000000e+02 2.408730616438544914e+01
7.540000000000000000e+02 2.398938346172515423e+01
7.560000000000000000e+02 2.388418995381546495e+01
7.580000000000000000e+02 2.376753012465045245e+01
7.600000000000000000e+02 2.364377516525689060e+01
7.620000000000000000e+02 2.352066038496852940e+01
7.640000000000000000e+02 2.340402254234279056e+01
7.660000000000000000e+02 2.330680764560345253e+01
7.680000000000000000e+02 2.323465322055244542e+01
7.700000000000000000e+02 2.318884150369326846e+01
7.720000000000000000e+02 2.316690516223546226e+01
7.740000000000000000e+02 2.315375265254003523e+01
7.760000000000000000e+02 2.313863788677910094e+01
7.780000000000000000e+02 2.311108115725786405e+01
7.800000000000000000e+02 2.306434854771116960e+01
7.820000000000000000e+02 2.300871016627723620e+01
7.840000000000000000e+02 2.295269833871417831e+01
7.860000000000000000e+02 2.290212501180755567e+01
7.880000000000000000e+02 2.286093699425302717e+01
7.900000000000000000e+02 2.282328188151635473e+01
7.920000000000000000e+02 2.278679356278692580e+01
7.940000000000000000e+02 2.275103019495555401e+01
7.960000000000000000e+02 2.271775590005589507e+01
7.980000000000000000e+02 2.269395511612127692e+01
8.000000000000000000e+02 2.267879246017812633e+01
8.020000000000000000e+02 2.266775785094746354e+01
8.040000000000000000e+02 2.265459793719088566e+01
8.060000000000000000e+02 2.262984472608874142e+01
8.080000000000000000e+02 2.258868197892026686e+01
8.100000000000000000e+02 2.252704987446507801e+01
8.120000000000000000e+02 2.244656628746629679e+01
8.140000000000000000e+02 2.235610897598703062e+01
8.160000000000000000e+02 2.226150311651735691e+01
8.180000000000000000e+02 2.217215067288835684e+01
8.200000000000000000e+02 2.209460737462163848e+01
8.220000000000000000e+02 2.202474952273438191e+01
8.240000000000000000e+02 2.195889084636445787e+01
8.260000000000000000e+02 2.189200351575731673e+01
8.280000000000000000e+02 2.182116877258300391e+01
8.300000000000000000e+02 2.175096562457289906e+01
8.320000000000000000e+02 2.168268883484442355e+01
8.340000000000000000e+02 2.161609734521285020e+01
8.360000000000000000e+02 2.154975143200502075e+01
8.380000000000000000e+02 2.147625372918935582e+01
8.400000000000000000e+02 2.139251075892745035e+01
8.420000000000000000e+02 2.130154414524348638e+01
8.440000000000000000e+02 2.120878258340967193e+01
8.460000000000000000e+02 2.112249821380093806e+01
8.480000000000000000e+02 2.104979145163457588e+01
8.500000000000000000e+02 2.099581434914688671e+01
8.520000000000000000e+02 2.096130615851836865e+01
8.540000000000000000e+02 2.094080230125084086e+01
8.560000000000000000e+02 2.092761834979885549e+01
8.580000000000000000e+02 2.091270309489980050e+01
8.600000000000000000e+02 2.088785678305233873e+01
8.620000000000000000e+02 2.085239243556955557e+01
8.640000000000000000e+02 2.080945625257223952e+01
8.660000000000000000e+02 2.076558561390346469e+01
8.680000000000000000e+02 2.072731084643734079e+01
8.700000000000000000e+02 2.069449317097949148e+01
8.720000000000000000e+02 2.066580452334925155e+01
8.740000000000000000e+02 2.064020166554043456e+01
8.760000000000000000e+02 2.061500222568566087e+01
8.780000000000000000e+02 2.059191658431628369e+01
8.800000000000000000e+02 2.057416096175197140e+01
8.820000000000000000e+02 2.056075481409203221e+01
8.840000000000000000e+02 2.054923496119779713e+01
8.860000000000000000e+02 2.053602222873439587e+01
8.880000000000000000e+02 2.051645170418465725e+01
8.900000000000000000e+02 2.048638777700841729e+01
8.920000000000000000e+02 2.044325339325293101e+01
8.940000000000000000e+02 2.038783186620530685e+01
8.960000000000000000e+02 2.032368902839615998e+01
8.980000000000000000e+02 2.025669636494588843e+01
9.000000000000000000e+02 2.019422794967191237e+01
9.020000000000000000e+02 2.014044708081785373e+01
9.040000000000000000e+02 2.009509774383751690e+01
9.060000000000000000e+02 2.005397384263150684e+01
9.080000000000000000e+02 2.000977210263380712e+01
9.100000000000000000e+02 1.995850243228650456e+01
9.120000000000000000e+02 1.990041788799873501e+01
9.140000000000000000e+02 1.983623783955488662e+01
9.160000000000000000e+02 1.976890713792462861e+01
9.180000000000000000e+02 1.970153563888565174e+01
9.200000000000000000e+02 1.963328726592591522e+01
9.220000000000000000e+02 1.956321398421427205e+01
9.240000000000000000e+02 1.949214507258411544e+01
9.260000000000000000e+02 1.942048529884970165e+01
9.280000000000000000e+02 1.934909909357784130e+01
9.300000000000000000e+02 1.928045143913205095e+01
9.320000000000000000e+02 1.921794338366367683e+01
9.340000000000000000e+02 1.916445534685247054e+01
9.360000000000000000e+02 1.912117815598174531e+01
9.380000000000000000e+02 1.908671060303355560e+01
9.400000000000000000e+02 1.905594753154109000e+01
9.420000000000000000e+02 1.902218092195665378e+01
9.440000000000000000e+02 1.898095228037503190e+01
9.460000000000000000e+02 1.893116610176231873e+01
9.480000000000000000e+02 1.887634894878103964e+01
9.500000000000000000e+02 1.882328850182249980e+01
9.520000000000000000e+02 1.877675986017249343e+01
9.540000000000000000e+02 1.873928508277688110e+01
9.560000000000000000e+02 1.871241115145602407e+01
9.580000000000000000e+02 1.869425006428834379e+01
9.600000000000000000e+02 1.868103459199224758e+01
9.620000000000000000e+02 1.867041005610179383e+01
9.640000000000000000e+02 1.865978495605242315e+01
9.660000000000000000e+02 1.864618012907750355e+01
9.680000000000000000e+02 1.862906917672043861e+01
9.700000000000000000e+02 1.861003533536461063e+01
9.720000000000000000e+02 1.859002364023237774e+01
9.740000000000000000e+02 1.856860280970034438e+01
9.760000000000000000e+02 1.854509258353876433e+01
9.780000000000000000e+02 1.851862665592921076e+01
9.800000000000000000e+02 1.848886268083174755e+01
9.820000000000000000e+02 1.845826490482403415e+01
9.840000000000000000e+02 1.843095875523800586e+01
9.860000000000000000e+02 1.840943727946473274e+01
9.880000000000000000e+02 1.839411192185778887e+01
9.900000000000000000e+02 1.838270077750513565e+01
9.920000000000000000e+02 1.837009237523559335e+01
9.940000000000000000e+02 1.835169774019857059e+01
9.960000000000000000e+02 1.832463418308362790e+01
9.980000000000000000e+02 1.828675538464756301e+01
1.000000000000000000e+03 1.823858457911976316e+01
1.002000000000000000e+03 1.818405541097327927e+01
1.004000000000000000e+03 1.812783912282128895e+01
1.006000000000000000e+03 1.807433211638822712e+01
1.008000000000000000e+03 1.802750780809687825e+01
1.010000000000000000e+03 1.798833255662191632e+01
1.012000000000000000e+03 1.795328405468836763e+01
1.014000000000000000e+03 1.791741539533015271e+01
1.016000000000000000e+03 1.787766469201071118e+01
1.018000000000000000e+03 1.783238077633889418e+01
1.020000000000000000e+03 1.778126204265366539e+01
1.022000000000000000e+03 1.772650857995365925e+01
1.024000000000000000e+03 1.767052503605415481e+01
1.026000000000000000e+03 1.761374773019486994e+01
1.028000000000000000e+03 1.755663014296853319e+01
1.030000000000000000e+03 1.750027970211109718e+01
1.032000000000000000e+03 1.744490191101523280e+01
1.034000000000000000e+03 1.739056172857688409e+01
1.036000000000000000e+03 1.733799716366306143e+01
1.038000000000000000e+03 1.728788533023246998e+01
1.040000000000000000e+03 1.724114688528373662e+01
1.042000000000000000e+03 1.719917930124792704e+01
1.044000000000000000e+03 1.716221671430782791e+01
1.046000000000000000e+03 1.712830326525923397e+01
1.048000000000000000e+03 1.709442383610024407e+01
1.050000000000000000e+03 1.705771136984236946e+01
1.052000000000000000e+03 1.701612749077795073e+01
1.054000000000000000e+03 1.697017188885185845e+01
1.056000000000000000e+03 1.692353274462848489e+01
1.058000000000000000e+03 1.688014457628425191e+01
1.060000000000000000e+03 1.684225288457563252e+01
1.062000000000000000e+03 1.681162388423375020e+01
1.064000000000000000e+03 1.678885159243611724e+01
1.066000000000000000e+03 1.677176658596039616e+01
1.068000000000000000e+03 1.675736182338355817e+01
1.070000000000000000e+03 1.674347478286711421e+01
1.072000000000000000e+03 1.672764649955882987e+01
1.074000000000000000e+03 1.670780363709310379e+01
1.076000000000000000e+03 1.668465174766377146e+01
1.078000000000000000e+03 1.666100157636297396e+01
1.080000000000000000e+03 1.663904553122260666e+01
1.082000000000000000e+03 1.661972956306165727e+01
1.084000000000000000e+03 1.660332364195722832e+01
1.086000000000000000e+03 1.658876664086424668e+01
1.088000000000000000e+03 1.657407775020415386e+01
1.090000000000000000e+03 1.655865309496854465e+01
1.092000000000000000e+03 1.654343900445308790e+01
1.094000000000000000e+03 1.652909347133282481e+01
1.096000000000000000e+03 1.651594161257819238e+01
1.098000000000000000e+03 1.650432432258600812e+01
1.100000000000000000e+03 1.649357304687602266e+01
1.102000000000000000e+03 1.648222552635339255e+01
1.104000000000000000e+03 1.646901405934064044e+01
1.106000000000000000e+03 1.645239424163730035e+01
1.108000000000000000e+03 1.643059494592173664e+01
1.110000000000000000e+03 1.640335539677176158e+01
1.112000000000000000e+03 1.637251172437366620e+01
1.114000000000000000e+03 1.634075613706685104e+01
1.116000000000000000e+03 1.631090891519600561e+01
1.118000000000000000e+03 1.628545577121293775e+01
1.120000000000000000e+03 1.626477975872402126e+01
1.122000000000000000e+03 1.624631957955264383e+01
1.124000000000000000e+03 1.622685623964893864e+01
1.126000000000000000e+03 1.620429871196718352e+01
1.128000000000000000e+03 1.617680287169221387e+01
1.130000000000000000e+03 1.614305680391568032e+01
1.132000000000000000e+03 1.610392984554483675e+01
1.134000000000000000e+03 1.606156953212327920e+01
1.136000000000000000e+03 1.601763688685095488e+01
1.138000000000000000e+03 1.597399110964265034e+01
1.140000000000000000e+03 1.593296543378709451e+01
1.142000000000000000e+03 1.589530295352564515e+01
1.144000000000000000e+03 1.585946370217395263e+01
1.146000000000000000e+03 1.582366893882422687e+01
1.148000000000000000e+03 1.578711098908141963e+01
1.150000000000000000e+03 1.574923820308354827e+01
1.152000000000000000e+03 1.570991632470851584e+01
1.154000000000000000e+03 1.567011953316651329e+01
1.156000000000000000e+03 1.563062875681685604e+01
1.158000000000000000e+03 1.559073259950922008e+01
1.160000000000000000e+03 1.554949554713650350e+01
1.162000000000000000e+03 1.550690455640568288e+01
1.164000000000000000e+03 1.546312518142269887e+01
1.166000000000000000e+03 1.541843009843804424e+01
1.168000000000000000e+03 1.537395721069873922e+01
1.170000000000000000e+03 1.533121669949910348e+01
1.172000000000000000e+03 1.529134907557107681e+01
1.174000000000000000e+03 1.525546241945284365e+01
1.176000000000000000e+03 1.522445540120521557e+01
1.178000000000000000e+03 1.519773452309208395e+01
1.180000000000000000e+03 1.517298274722665319e+01
1.182000000000000000e+03 1.514749011427294079e+01
1.184000000000000000e+03 1.511903263959055899e+01
1.186000000000000000e+03 1.508618106270904313e+01
1.188000000000000000e+03 1.504938535453205084e+01
1.190000000000000000e+03 1.501132911802549330e+01
1.192000000000000000e+03 1.497502979815084423e+01
