R	H01	H02	H03	H04	H05	H06	H07	H08	H09	H010	H011	H012	H013	H014	H015	H016	H017	H018	H019	H020	H021	H022	H023	H024	H025
11	-529.5330839	-529.4844669	-529.4773266	-529.4772504	-529.5331176	-529.4774324	-529.4733634	-529.5331176	-529.4774324	-529.4733635	-529.4773289	-529.4732549	-529.9533088	-529.527238	-529.4758192	-529.4757722	-529.4656938	-529.5269674	-529.475663	-529.4735733	-529.5269674	-529.475663	-529.4735733	-529.4755467	-529.4734556
10.8	-529.533084	-529.4844671	-529.4773265	-529.4772506	-529.5331178	-529.4774325	-529.4733633	-529.5331178	-529.4774325	-529.4733633	-529.4773291	-529.473255	-529.9533089	-529.5272381	-529.4758191	-529.4757723	-529.4656936	-529.5269676	-529.4756629	-529.4735732	-529.5269676	-529.4756629	-529.4735732	-529.4755468	-529.4734557
10.6	-529.5330841	-529.4844673	-529.4773264	-529.4772507	-529.5331168	-529.4774324	-529.4733632	-529.5331167	-529.4774324	-529.4733632	-529.4773309	-529.4732581	-529.9533089	-529.5272383	-529.4758188	-529.4757725	-529.4656933	-529.5269678	-529.4756628	-529.473573	-529.5269678	-529.4756628	-529.473573	-529.475547	-529.4734559
10.4	-529.5330843	-529.4844675	-529.4773262	-529.4772509	-529.5331171	-529.4774323	-529.4733629	-529.5331171	-529.4774323	-529.4733629	-529.4773305	-529.4732582	-529.953309	-529.5272385	-529.4758192	-529.4757719	-529.4656926	-529.526968	-529.4756626	-529.4735728	-529.526968	-529.4756626	-529.4735728	-529.4755471	-529.473456
10.2	-529.5330845	-529.4844677	-529.4773258	-529.4772511	-529.5331175	-529.4774323	-529.4733626	-529.5331174	-529.4774322	-529.4733626	-529.477329	-529.4732554	-529.9533091	-529.5272387	-529.4758187	-529.4757721	-529.4656921	-529.5269682	-529.4756624	-529.4735725	-529.5269682	-529.4756624	-529.4735725	-529.4755473	-529.4734562
10	-529.5330847	-529.4844679	-529.4773254	-529.4772514	-529.5331178	-529.477432	-529.4733622	-529.5331177	-529.477432	-529.4733621	-529.4773313	-529.4732582	-529.9533091	-529.5272389	-529.4758181	-529.4757723	-529.4656914	-529.5269684	-529.475662	-529.473572	-529.5269684	-529.475662	-529.473572	-529.4755474	-529.4734563
9.9	-529.5330848	-529.484468	-529.4773251	-529.4772515	-529.533118	-529.4774319	-529.4733619	-529.5331179	-529.4774318	-529.4733618	-529.4773314	-529.4732583	-529.9533092	-529.527239	-529.4758177	-529.4757725	-529.4656909	-529.5269686	-529.4756617	-529.4735717	-529.5269685	-529.4756617	-529.4735717	-529.4755475	-529.4734564
9.8	-529.5330849	-529.4844681	-529.4773247	-529.4772516	-529.5331181	-529.4774317	-529.4733615	-529.533118	-529.4774316	-529.4733615	-529.4773315	-529.4732584	-529.9533092	-529.5272391	-529.4758172	-529.4757726	-529.4656904	-529.5269687	-529.4756615	-529.4735714	-529.5269687	-529.4756614	-529.4735714	-529.4755476	-529.4734564
9.7	-529.533085	-529.4844681	-529.4773243	-529.4772518	-529.5331183	-529.4774314	-529.4733611	-529.5331182	-529.4774314	-529.473361	-529.4773316	-529.4732585	-529.9533092	-529.5272392	-529.4758166	-529.4757728	-529.4656898	-529.5269688	-529.4756611	-529.473571	-529.5269688	-529.4756611	-529.473571	-529.4755477	-529.4734565
9.6	-529.5330851	-529.4844682	-529.4773238	-529.4772519	-529.5331185	-529.4774311	-529.4733606	-529.5331184	-529.4774311	-529.4733606	-529.4773317	-529.4732585	-529.9533092	-529.5272393	-529.475816	-529.4757729	-529.4656892	-529.5269689	-529.4756607	-529.4735706	-529.5269689	-529.4756607	-529.4735706	-529.4755477	-529.4734566
9.5	-529.5330849	-529.4844683	-529.4773233	-529.4772521	-529.5331187	-529.4774308	-529.4733601	-529.5331185	-529.4774307	-529.47336	-529.4773318	-529.4732586	-529.9533093	-529.5272394	-529.4758153	-529.4757731	-529.4656884	-529.5269691	-529.4756603	-529.47357	-529.5269691	-529.4756603	-529.47357	-529.4755478	-529.4734567
9.4	-529.5330851	-529.4844683	-529.4773226	-529.4772523	-529.5331188	-529.4774304	-529.4733594	-529.5331187	-529.4774303	-529.4733594	-529.4773319	-529.4732587	-529.9533093	-529.5272395	-529.4758144	-529.4757733	-529.4656876	-529.5269692	-529.4756597	-529.4735694	-529.5269692	-529.4756597	-529.4735694	-529.4755479	-529.4734568
9.3	-529.5330852	-529.4844683	-529.4773218	-529.4772525	-529.533119	-529.4774299	-529.4733587	-529.5331189	-529.4774299	-529.4733586	-529.4773317	-529.4732588	-529.9533093	-529.5272396	-529.4758134	-529.4757735	-529.4656866	-529.5269694	-529.4756591	-529.4735687	-529.5269693	-529.4756591	-529.4735687	-529.475548	-529.4734569
9.2	-529.5330854	-529.4844683	-529.4773209	-529.4772527	-529.5331191	-529.4774293	-529.4733578	-529.533119	-529.4774293	-529.4733577	-529.4773318	-529.473259	-529.9533094	-529.5272397	-529.4758123	-529.4757738	-529.4656854	-529.5269695	-529.4756584	-529.4735679	-529.5269695	-529.4756584	-529.4735679	-529.4755481	-529.473457
9.1	-529.5330855	-529.4844683	-529.4773199	-529.477253	-529.5331192	-529.4774287	-529.4733568	-529.5331192	-529.4774286	-529.4733567	-529.4773319	-529.4732591	-529.9533094	-529.5272398	-529.475811	-529.475774	-529.4656842	-529.5269696	-529.4756576	-529.473567	-529.5269696	-529.4756576	-529.473567	-529.4755482	-529.4734571
9	-529.5330857	-529.4844683	-529.4773186	-529.4772532	-529.5331193	-529.4774279	-529.4733556	-529.5331194	-529.4774279	-529.4733556	-529.477332	-529.4732592	-529.9533095	-529.5272399	-529.4758095	-529.4757743	-529.4656828	-529.5269698	-529.4756566	-529.4735659	-529.5269698	-529.4756566	-529.4735659	-529.4755483	-529.4734572
8.9	-529.5330858	-529.4844682	-529.4773172	-529.4772535	-529.5331195	-529.477427	-529.4733543	-529.5331195	-529.477427	-529.4733543	-529.4773322	-529.4732594	-529.9533095	-529.5272401	-529.4758078	-529.4757746	-529.4656812	-529.52697	-529.4756555	-529.4735647	-529.5269699	-529.4756555	-529.4735647	-529.4755484	-529.4734573
8.8	-529.533086	-529.484468	-529.4773156	-529.4772538	-529.5331197	-529.477426	-529.4733529	-529.5331197	-529.477426	-529.4733529	-529.4773323	-529.4732595	-529.9533095	-529.5272403	-529.4758059	-529.4757749	-529.4656794	-529.5269695	-529.4756542	-529.4735633	-529.5269695	-529.4756542	-529.4735633	-529.4755486	-529.4734575
8.7	-529.5330862	-529.4844679	-529.4773138	-529.4772542	-529.5331199	-529.4774248	-529.4733512	-529.5331199	-529.4774248	-529.4733512	-529.4773325	-529.4732597	-529.9533095	-529.5272404	-529.4758036	-529.4757753	-529.4656774	-529.5269696	-529.4756528	-529.4735617	-529.5269697	-529.4756528	-529.4735617	-529.4755487	-529.4734576
8.6	-529.5330863	-529.4844676	-529.4773116	-529.4772546	-529.5331201	-529.4774235	-529.4733494	-529.5331201	-529.4774235	-529.4733494	-529.4773327	-529.4732598	-529.9533095	-529.5272405	-529.4758011	-529.4757757	-529.4656751	-529.5269698	-529.4756512	-529.4735598	-529.5269698	-529.4756512	-529.4735598	-529.4755489	-529.4734578
8.5	-529.5330865	-529.4844673	-529.4773092	-529.477255	-529.5331203	-529.4774219	-529.4733472	-529.5331204	-529.477422	-529.4733473	-529.4773328	-529.47326	-529.9533094	-529.5272407	-529.4757982	-529.4757762	-529.4656731	-529.5269699	-529.4756493	-529.4735578	-529.5269699	-529.4756493	-529.4735578	-529.4755491	-529.4734579
8.4	-529.5330867	-529.4844669	-529.4773064	-529.4772555	-529.5331205	-529.4774202	-529.4733448	-529.5331206	-529.4774202	-529.4733448	-529.477333	-529.4732602	-529.9533094	-529.5272408	-529.4757949	-529.4757767	-529.4656702	-529.5269701	-529.4756473	-529.4735555	-529.5269701	-529.4756473	-529.4735555	-529.4755493	-529.4734581
8.3	-529.5330869	-529.4844664	-529.4773031	-529.477256	-529.5331207	-529.4774182	-529.473342	-529.5331207	-529.4774182	-529.473342	-529.4773333	-529.4732604	-529.9533095	-529.527241	-529.4757912	-529.4757773	-529.4656672	-529.5269702	-529.4756449	-529.4735528	-529.5269703	-529.4756449	-529.4735528	-529.4755495	-529.4734583
8.2	-529.5330871	-529.4844658	-529.4772995	-529.4772567	-529.533121	-529.477416	-529.4733387	-529.533121	-529.477416	-529.4733387	-529.4773335	-529.4732607	-529.9533095	-529.5272411	-529.4757745	-529.4757904	-529.4656636	-529.5269704	-529.4756422	-529.4735497	-529.5269704	-529.4756422	-529.4735497	-529.4755497	-529.4734585
8.1	-529.5330916	-529.4844707	-529.477305	-529.4772607	-529.5331213	-529.4774135	-529.4733357	-529.5331213	-529.4774135	-529.4733357	-529.477336	-529.4732631	-529.9533097	-529.5272429	-529.4757756	-529.4757862	-529.4656596	-529.5269736	-529.4756415	-529.4735505	-529.5269736	-529.4756415	-529.4735505	-529.4755514	-529.4734601
8	-529.5330918	-529.4844698	-529.4773002	-529.4772615	-529.5331216	-529.4774105	-529.4733316	-529.5331216	-529.4774105	-529.4733317	-529.4773363	-529.4732634	-529.9533098	-529.527243	-529.475776	-529.4757813	-529.4656552	-529.5269738	-529.475638	-529.4735465	-529.5269737	-529.475638	-529.4735465	-529.4755517	-529.4734604
7.9	-529.533092	-529.4844688	-529.4772948	-529.4772624	-529.5331219	-529.4774071	-529.4733271	-529.5331219	-529.4774071	-529.4733271	-529.4773366	-529.4732637	-529.9533099	-529.5272431	-529.4757763	-529.4757757	-529.4656502	-529.5269739	-529.475634	-529.473542	-529.5269738	-529.475634	-529.473542	-529.475552	-529.4734607
7.8	-529.5330922	-529.4844675	-529.4772886	-529.4772634	-529.5331222	-529.4774032	-529.473322	-529.5331222	-529.4774032	-529.473322	-529.477337	-529.4732642	-529.95331	-529.5272431	-529.4757767	-529.4757693	-529.4656446	-529.5269739	-529.4756296	-529.4735369	-529.5269739	-529.4756296	-529.4735369	-529.475552	-529.4734615
7.7	-529.5330923	-529.484466	-529.4772587	-529.4772874	-529.5331224	-529.4773988	-529.4733162	-529.5331224	-529.4773988	-529.4733162	-529.4773374	-529.4732646	-529.95331	-529.527243	-529.4757772	-529.475762	-529.4656383	-529.5269739	-529.4756246	-529.4735312	-529.5269739	-529.4756246	-529.4735312	-529.4755524	-529.4734619
7.6	-529.5330925	-529.4844643	-529.4772592	-529.4772801	-529.5331226	-529.4773939	-529.4733097	-529.5331226	-529.4773939	-529.4733097	-529.4773379	-529.4732651	-529.9533101	-529.5272429	-529.4757777	-529.4757539	-529.4656315	-529.5269739	-529.475619	-529.4735246	-529.5269739	-529.475619	-529.4735246	-529.4755529	-529.4734624
7.5	-529.5330925	-529.4844622	-529.4772598	-529.4772719	-529.5331228	-529.4773883	-529.4733023	-529.5331228	-529.4773883	-529.4733023	-529.4773385	-529.4732657	-529.9533102	-529.5272427	-529.4757783	-529.4757447	-529.4656238	-529.5269738	-529.4756128	-529.4735172	-529.5269737	-529.4756128	-529.4735172	-529.4755535	-529.473463
7.4	-529.5330926	-529.4844597	-529.4772605	-529.4772625	-529.5331229	-529.4773819	-529.473294	-529.5331229	-529.4773819	-529.473294	-529.4773391	-529.4732664	-529.9533103	-529.5272424	-529.475779	-529.4757343	-529.4656152	-529.5269736	-529.4756058	-529.4735088	-529.5269735	-529.4756058	-529.4735088	-529.4755542	-529.4734637
7.3	-529.5330925	-529.4844569	-529.4772612	-529.4772519	-529.533123	-529.4773748	-529.4732847	-529.533123	-529.4773748	-529.4732847	-529.4773398	-529.4732671	-529.9533105	-529.527242	-529.4757797	-529.4757227	-529.4656057	-529.5269733	-529.475598	-529.4734993	-529.5269732	-529.475598	-529.4734993	-529.4755549	-529.4734644
7.2	-529.5330924	-529.4844537	-529.4772621	-529.4772398	-529.5331231	-529.4773668	-529.4732742	-529.5331231	-529.4773668	-529.4732742	-529.4773406	-529.473268	-529.9533105	-529.5272403	-529.4757806	-529.4757103	-529.4655952	-529.5269729	-529.4755895	-529.4734886	-529.5269729	-529.4755895	-529.4734886	-529.4755557	-529.4734653
7.1	-529.5330922	-529.4844499	-529.477263	-529.4772262	-529.533123	-529.4773578	-529.4732623	-529.533123	-529.4773579	-529.4732623	-529.4773415	-529.473269	-529.9533107	-529.5272397	-529.4757815	-529.4756956	-529.4655833	-529.5269724	-529.4755799	-529.4734765	-529.5269724	-529.4755799	-529.4734765	-529.4755566	-529.4734662
7	-529.5330918	-529.4844454	-529.4772641	-529.4772107	-529.5331228	-529.4773478	-529.473249	-529.5331228	-529.4773478	-529.473249	-529.4773425	-529.4732701	-529.9533109	-529.5272388	-529.4757826	-529.475679	-529.4655703	-529.5269716	-529.4755692	-529.4734627	-529.5269716	-529.4755692	-529.4734627	-529.4755578	-529.4734674
6.9	-529.5330912	-529.4844403	-529.4772653	-529.4771932	-529.5331225	-529.4773365	-529.473234	-529.5331225	-529.4773365	-529.473234	-529.4773437	-529.4732713	-529.9533111	-529.5272386	-529.4757838	-529.4756596	-529.4655559	-529.5269706	-529.4755575	-529.473447	-529.5269706	-529.4755575	-529.473447	-529.4755589	-529.4734686
6.8	-529.5330904	-529.4844344	-529.4772666	-529.4771735	-529.533122	-529.477324	-529.4732171	-529.533122	-529.477324	-529.4732171	-529.4773449	-529.4732726	-529.9533113	-529.5272371	-529.4757851	-529.4756388	-529.46554	-529.5269695	-529.4755446	-529.4734293	-529.5269695	-529.4755446	-529.4734293	-529.4755603	-529.47347
6.7	-529.5330893	-529.4844277	-529.4772681	-529.4771512	-529.5331213	-529.47731	-529.4731981	-529.5331212	-529.47731	-529.4731981	-529.4773463	-529.4732742	-529.9533115	-529.5272345	-529.4757869	-529.4756167	-529.4655227	-529.5269679	-529.4755304	-529.4734092	-529.5269679	-529.4755304	-529.4734092	-529.4755618	-529.4734715
6.6	-529.5330879	-529.48442	-529.4772698	-529.4771261	-529.5331202	-529.4772944	-529.4731767	-529.5331202	-529.4772945	-529.4731767	-529.4773479	-529.4732759	-529.9533118	-529.5272322	-529.4757886	-529.4755907	-529.4655032	-529.5269658	-529.4755149	-529.4733864	-529.5269658	-529.4755149	-529.4733864	-529.4755635	-529.4734733
6.5	-529.533086	-529.4844112	-529.4772716	-529.4770977	-529.5331204	-529.4772776	-529.4731534	-529.5331204	-529.4772776	-529.4731534	-529.4773497	-529.4732778	-529.9533121	-529.5272293	-529.4757904	-529.4755619	-529.4654817	-529.5269632	-529.4754979	-529.4733605	-529.5269632	-529.4754979	-529.4733605	-529.4755654	-529.4734752
6.4	-529.5330835	-529.4844013	-529.4772737	-529.4770658	-529.5331186	-529.4772586	-529.4731264	-529.5331186	-529.4772586	-529.4731264	-529.4773517	-529.4732799	-529.9533126	-529.5272268	-529.4757925	-529.475529	-529.465458	-529.5269601	-529.4754797	-529.4733311	-529.5269601	-529.4754797	-529.4733311	-529.4755675	-529.4734774
6.3	-529.5330804	-529.48439	-529.477276	-529.4770299	-529.5331162	-529.4772377	-529.4730961	-529.5331162	-529.4772377	-529.4730961	-529.4773539	-529.4732823	-529.9533132	-529.5272225	-529.4757947	-529.4754933	-529.4654321	-529.5269563	-529.47546	-529.4732978	-529.5269563	-529.47546	-529.4732978	-529.4755698	-529.4734798
6.2	-529.5330766	-529.4843772	-529.4772785	-529.4769895	-529.5331132	-529.4772147	-529.473062	-529.5331132	-529.4772147	-529.473062	-529.4773566	-529.4732853	-529.9533136	-529.5272173	-529.4757973	-529.4754537	-529.4654032	-529.5269519	-529.4754392	-529.47326	-529.5269519	-529.4754392	-529.47326	-529.4755725	-529.4734826
6.1	-529.5330718	-529.4843629	-529.4772814	-529.4769441	-529.5331095	-529.4771896	-529.4730236	-529.5331095	-529.4771896	-529.4730236	-529.4773594	-529.4732883	-529.9533142	-529.5272109	-529.4758002	-529.4754099	-529.4653714	-529.5269462	-529.4754168	-529.473217	-529.5269462	-529.4754168	-529.473217	-529.4755754	-529.4734855
6	-529.5330659	-529.4843468	-529.4772846	-529.4768931	-529.5331048	-529.4771622	-529.4729806	-529.5331048	-529.4771622	-529.4729806	-529.4773625	-529.4732917	-529.9533147	-529.5272033	-529.4758034	-529.4753614	-529.4653361	-529.5269393	-529.4753932	-529.4731681	-529.5269394	-529.4753933	-529.4731681	-529.4755782	-529.4734879
5.95	-529.5330624	-529.4843381	-529.4772863	-529.4768654	-529.5331021	-529.4771476	-529.4729571	-529.5331021	-529.4771476	-529.4729571	-529.4773642	-529.4732935	-529.953315	-529.527199	-529.4758053	-529.4753355	-529.4653174	-529.5269354	-529.475381	-529.4731412	-529.5269354	-529.475381	-529.4731412	-529.4755805	-529.4734903
5.9	-529.5330586	-529.4843289	-529.4772881	-529.476836	-529.533099	-529.4771324	-529.4729322	-529.533099	-529.4771325	-529.4729322	-529.477366	-529.4732954	-529.9533153	-529.5271943	-529.4758071	-529.4753082	-529.4652977	-529.526931	-529.4753685	-529.4731125	-529.5269311	-529.4753686	-529.4731125	-529.4755824	-529.4734922
5.85	-529.5330543	-529.4843192	-529.47729	-529.4768047	-529.5330956	-529.4771168	-529.4729058	-529.5330956	-529.4771168	-529.4729058	-529.4773687	-529.4732977	-529.9533156	-529.5271888	-529.4758092	-529.4752796	-529.4652775	-529.5269264	-529.4753558	-529.473082	-529.5269264	-529.4753558	-529.473082	-529.4755847	-529.4734948
5.8	-529.5330497	-529.484309	-529.4772921	-529.4767718	-529.5330919	-529.4771005	-529.4728778	-529.5330919	-529.4771005	-529.4728778	-529.4773707	-529.4732999	-529.953316	-529.5271831	-529.4758113	-529.4752496	-529.4652558	-529.5269212	-529.4753429	-529.4730494	-529.5269212	-529.4753429	-529.4730494	-529.4755868	-529.4734969
5.75	-529.5330446	-529.4842983	-529.4772942	-529.4767369	-529.5330878	-529.4770835	-529.4728481	-529.5330878	-529.4770835	-529.4728481	-529.477373	-529.4733023	-529.9533165	-529.527176	-529.4758135	-529.4752188	-529.4652333	-529.5269155	-529.4753298	-529.4730147	-529.5269155	-529.4753298	-529.4730147	-529.475589	-529.4734992
5.7	-529.5330389	-529.4842869	-529.4772965	-529.4766999	-529.5330833	-529.477066	-529.4728167	-529.5330832	-529.477066	-529.4728167	-529.4773753	-529.4733048	-529.953317	-529.5271692	-529.4758158	-529.4751859	-529.4652096	-529.5269094	-529.4753166	-529.4729778	-529.5269094	-529.4753166	-529.4729778	-529.4755914	-529.4735017
5.65	-529.5330328	-529.484275	-529.4772989	-529.4766608	-529.5330782	-529.4770479	-529.4727833	-529.5330782	-529.4770479	-529.4727833	-529.4773777	-529.4733073	-529.9533175	-529.5271619	-529.4758183	-529.4751515	-529.4651848	-529.5269027	-529.4753033	-529.4729384	-529.5269028	-529.4753033	-529.4729385	-529.4755939	-529.4735043
5.6	-529.533026	-529.4842626	-529.4773015	-529.4766195	-529.5330727	-529.4770292	-529.472748	-529.5330727	-529.4770292	-529.472748	-529.4773803	-529.4733101	-529.953318	-529.5271539	-529.475821	-529.4751155	-529.4651588	-529.5268954	-529.4752899	-529.4728966	-529.5268955	-529.4752899	-529.4728966	-529.4755965	-529.473507
5.55	-529.5330186	-529.4842496	-529.4773043	-529.4765758	-529.5330667	-529.47701	-529.4727105	-529.5330667	-529.47701	-529.4727105	-529.4773831	-529.4733131	-529.9533186	-529.5271453	-529.4758238	-529.4750779	-529.4651316	-529.5268875	-529.4752766	-529.472852	-529.5268875	-529.4752766	-529.472852	-529.4755993	-529.47351
5.5	-529.5330105	-529.484236	-529.4773072	-529.4765295	-529.53306	-529.4769902	-529.4726709	-529.53306	-529.4769902	-529.4726709	-529.477386	-529.4733162	-529.9533192	-529.5271358	-529.4758268	-529.4750386	-529.4651031	-529.5268789	-529.4752632	-529.4728046	-529.5268789	-529.4752632	-529.4728046	-529.4756024	-529.4735134
5.45	-529.5330017	-529.4842218	-529.4773103	-529.4764807	-529.5330528	-529.4769699	-529.4726289	-529.5330528	-529.4769699	-529.4726289	-529.4773891	-529.4733195	-529.9533199	-529.5271255	-529.47583	-529.4749976	-529.4650733	-529.5268695	-529.47525	-529.4727542	-529.5268695	-529.47525	-529.4727542	-529.4756056	-529.4735167
5.4	-529.532992	-529.484207	-529.4773136	-529.476429	-529.5330448	-529.4769491	-529.4725843	-529.5330448	-529.4769491	-529.4725843	-529.4773924	-529.4733229	-529.9533206	-529.5271144	-529.4758334	-529.4749549	-529.4650421	-529.5268593	-529.4752368	-529.4727007	-529.5268594	-529.4752369	-529.4727007	-529.475609	-529.4735202
5.35	-529.5329814	-529.4841916	-529.4773171	-529.4763744	-529.5330361	-529.4769278	-529.4725371	-529.5330361	-529.4769278	-529.4725371	-529.4773959	-529.4733266	-529.9533213	-529.5271024	-529.475837	-529.4749103	-529.4650096	-529.5268483	-529.4752239	-529.4726439	-529.5268486	-529.4752239	-529.4726439	-529.4756126	-529.4735239
5.3	-529.5329695	-529.4841756	-529.4773206	-529.476316	-529.5330266	-529.4769061	-529.4724872	-529.5330266	-529.4769061	-529.4724872	-529.4773997	-529.4733306	-529.9533221	-529.5270894	-529.4758408	-529.474864	-529.4649755	-529.5268366	-529.4752112	-529.4725836	-529.5268367	-529.4752112	-529.4725837	-529.4756165	-529.4735279
5.25	-529.5329569	-529.484159	-529.4773246	-529.476255	-529.5330162	-529.4768841	-529.4724343	-529.5330162	-529.4768841	-529.4724343	-529.4774037	-529.4733348	-529.953323	-529.5270757	-529.4758451	-529.4748161	-529.4649401	-529.5268237	-529.4751988	-529.4725197	-529.5268237	-529.4751988	-529.4725197	-529.4756206	-529.4735322
5.2	-529.5329432	-529.4841418	-529.4773289	-529.4761907	-529.533005	-529.4768616	-529.4723783	-529.5330049	-529.4768616	-529.4723783	-529.477408	-529.4733393	-529.9533239	-529.5270604	-529.4758494	-529.4747661	-529.464903	-529.5268097	-529.4751867	-529.472452	-529.5268097	-529.4751867	-529.472452	-529.4756251	-529.4735367
5.15	-529.5329283	-529.484124	-529.4773334	-529.4761227	-529.5329927	-529.4768389	-529.4723191	-529.5329927	-529.4768389	-529.4723191	-529.4774125	-529.4733441	-529.9533248	-529.527044	-529.4758541	-529.4747141	-529.4648641	-529.5267946	-529.4751751	-529.4723803	-529.5267946	-529.4751751	-529.4723803	-529.4756298	-529.4735415
5.1	-529.5329121	-529.4841057	-529.4773383	-529.476051	-529.5329793	-529.476816	-529.4722565	-529.5329793	-529.476816	-529.4722565	-529.4774174	-529.4733492	-529.9533259	-529.5270261	-529.4758589	-529.4746601	-529.4648235	-529.5267783	-529.4751639	-529.4723046	-529.5267783	-529.4751639	-529.4723046	-529.4756348	-529.4735467
5.05	-529.5328945	-529.4840868	-529.4773434	-529.4759754	-529.5329648	-529.4767929	-529.4721902	-529.5329648	-529.4767929	-529.4721902	-529.4774226	-529.4733546	-529.9533271	-529.5270069	-529.4758642	-529.4746043	-529.4647813	-529.5267607	-529.4751533	-529.4722245	-529.5267607	-529.4751533	-529.4722245	-529.4756401	-529.4735522
5	-529.5328754	-529.4840674	-529.477349	-529.4758957	-529.532949	-529.4767697	-529.4721203	-529.532949	-529.4767697	-529.4721203	-529.4774281	-529.4733604	-529.9533284	-529.5269863	-529.4758699	-529.4745465	-529.4647373	-529.5267417	-529.4751433	-529.47214	-529.5267417	-529.4751433	-529.47214	-529.4756458	-529.473558
4.95	-529.5328546	-529.4840475	-529.4773548	-529.4758116	-529.5329319	-529.4767464	-529.4720464	-529.5329319	-529.4767464	-529.4720464	-529.477434	-529.4733666	-529.9533297	-529.526964	-529.4758759	-529.4744868	-529.4646914	-529.5267213	-529.4751339	-529.4720509	-529.5267213	-529.4751339	-529.4720509	-529.4756536	-529.4735655
4.9	-529.5328322	-529.4840272	-529.4773611	-529.475723	-529.5329138	-529.4767232	-529.4719684	-529.5329138	-529.4767233	-529.4719684	-529.4774403	-529.4733732	-529.9533312	-529.5269402	-529.4758825	-529.4744251	-529.4646435	-529.5266992	-529.4751252	-529.4719571	-529.5266993	-529.4751252	-529.4719571	-529.4756624	-529.4735731
4.85	-529.5328079	-529.4840064	-529.4773678	-529.4756296	-529.5328938	-529.4767003	-529.4718863	-529.5328938	-529.4767003	-529.4718863	-529.477447	-529.4733802	-529.953333	-529.5269144	-529.4758894	-529.4743615	-529.4645939	-529.5266756	-529.4751173	-529.4718584	-529.5266756	-529.4751173	-529.4718584	-529.4756693	-529.4735802
4.8	-529.5327815	-529.4839853	-529.477375	-529.4755314	-529.5328722	-529.4766776	-529.4717997	-529.5328722	-529.4766776	-529.4717997	-529.4774542	-529.4733877	-529.9533348	-529.5268868	-529.4758967	-529.474296	-529.4645421	-529.5266501	-529.4751101	-529.4717547	-529.5266501	-529.4751101	-529.4717547	-529.4756767	-529.4735877
4.75	-529.5327531	-529.4839639	-529.4773826	-529.475428	-529.5328487	-529.4766551	-529.4717084	-529.5328487	-529.4766551	-529.4717084	-529.4774618	-529.4733956	-529.9533367	-529.526857	-529.4759045	-529.4742285	-529.4644883	-529.5266227	-529.4751039	-529.4716458	-529.5266228	-529.4751039	-529.4716458	-529.4756845	-529.4735958
4.7	-529.5327224	-529.4839422	-529.4773907	-529.4753193	-529.5328234	-529.476633	-529.4716123	-529.5328234	-529.476633	-529.4716123	-529.4774699	-529.4734041	-529.9533388	-529.5268251	-529.475913	-529.4741594	-529.4644326	-529.5265934	-529.4750985	-529.4715318	-529.5265934	-529.4750985	-529.4715318	-529.4756929	-529.4736043
4.65	-529.5326896	-529.48392	-529.4773995	-529.4752058	-529.532796	-529.4766114	-529.4715113	-529.532796	-529.4766114	-529.4715113	-529.4774777	-529.4734121	-529.9533409	-529.5267921	-529.4759219	-529.4740875	-529.4643741	-529.5265618	-529.4750942	-529.4714124	-529.5265618	-529.4750942	-529.4714124	-529.4757018	-529.4736134
4.6	-529.5326539	-529.4838979	-529.4774086	-529.4750859	-529.5327664	-529.4765904	-529.4714053	-529.5327664	-529.4765904	-529.4714053	-529.4774869	-529.4734216	-529.9533435	-529.5267554	-529.4759312	-529.4740148	-529.4643141	-529.526528	-529.4750908	-529.4712876	-529.526528	-529.4750908	-529.4712876	-529.4757113	-529.473623
4.55	-529.5326154	-529.4838757	-529.4774184	-529.47496	-529.5327345	-529.4765701	-529.471294	-529.5327345	-529.4765701	-529.471294	-529.4774979	-529.4734341	-529.9533461	-529.5267161	-529.4759413	-529.4739401	-529.4642517	-529.5264917	-529.4750884	-529.4711573	-529.5264917	-529.4750884	-529.4711573	-529.4757213	-529.4736332
4.5	-529.5325736	-529.4838543	-529.4774286	-529.4748274	-529.5327002	-529.4765507	-529.4711774	-529.5327002	-529.4765507	-529.4711774	-529.4775083	-529.4734449	-529.9533488	-529.526674	-529.4759519	-529.473864	-529.4641871	-529.5264533	-529.4750872	-529.4710215	-529.5264533	-529.4750872	-529.4710215	-529.475732	-529.4736441
4.45	-529.5325291	-529.4838323	-529.4774396	-529.4746891	-529.5326632	-529.4765321	-529.4710554	-529.5326632	-529.4765321	-529.4710554	-529.4775193	-529.4734563	-529.9533518	-529.5266291	-529.4759631	-529.4737864	-529.4641204	-529.5264118	-529.4750871	-529.4708801	-529.5264118	-529.4750871	-529.4708801	-529.4757432	-529.4736555
4.4	-529.5324812	-529.4838104	-529.4774512	-529.4745445	-529.5326233	-529.4765146	-529.4709279	-529.5326233	-529.4765146	-529.470928	-529.477531	-529.4734684	-529.9533549	-529.5265811	-529.475975	-529.4737075	-529.4640515	-529.5263673	-529.4750881	-529.4707331	-529.5263673	-529.4750881	-529.4707331	-529.4757552	-529.4736677
4.35	-529.53243	-529.4837888	-529.4774636	-529.4743934	-529.5325805	-529.4764982	-529.4707949	-529.5325805	-529.4764983	-529.4707949	-529.4775434	-529.4734811	-529.9533584	-529.5265298	-529.4759876	-529.4736272	-529.4639806	-529.5263199	-529.4750904	-529.4705806	-529.5263199	-529.4750904	-529.4705806	-529.4757678	-529.4736805
4.3	-529.5323749	-529.4837675	-529.4774766	-529.4742357	-529.5325345	-529.4764831	-529.4706564	-529.5325345	-529.4764831	-529.4706564	-529.4775565	-529.4734946	-529.9533619	-529.5264752	-529.4760009	-529.4735459	-529.4639076	-529.5262691	-529.475094	-529.4704225	-529.5262691	-529.475094	-529.4704225	-529.4757812	-529.473694
4.25	-529.5323159	-529.4837466	-529.4774904	-529.4740712	-529.5324851	-529.4764693	-529.4705123	-529.5324851	-529.4764693	-529.4705123	-529.4775703	-529.4735089	-529.9533654	-529.5264172	-529.476015	-529.4734635	-529.4638329	-529.526215	-529.4750988	-529.4702591	-529.526215	-529.4750989	-529.4702591	-529.4757953	-529.4737083
4.2	-529.5322534	-529.4837263	-529.4775054	-529.4739012	-529.5324321	-529.476457	-529.4703627	-529.5324321	-529.476457	-529.4703627	-529.4775849	-529.4735239	-529.9533692	-529.5263543	-529.4760299	-529.4733803	-529.4637557	-529.5261574	-529.4751051	-529.4700904	-529.5261574	-529.4751051	-529.4700904	-529.4758102	-529.4737234
4.15	-529.532186	-529.4837066	-529.4775207	-529.4737234	-529.5323753	-529.4764462	-529.4702077	-529.5323753	-529.4764462	-529.4702077	-529.4776004	-529.4735398	-529.953374	-529.5262887	-529.4760454	-529.4732964	-529.4636779	-529.526096	-529.4751129	-529.4699165	-529.526096	-529.4751129	-529.4699165	-529.4758259	-529.4737394
4.1	-529.5321143	-529.4836877	-529.4775371	-529.4735396	-529.5323145	-529.4764371	-529.470048	-529.5323145	-529.4764372	-529.470048	-529.4776167	-529.4735565	-529.9533773	-529.5262199	-529.476062	-529.4732122	-529.4635976	-529.5260307	-529.4751221	-529.4697378	-529.5260307	-529.4751221	-529.4697378	-529.4758425	-529.4737562
4.05	-529.5320377	-529.4836696	-529.4775542	-529.4733487	-529.5322496	-529.4764299	-529.4698829	-529.5322496	-529.4764299	-529.4698829	-529.4776339	-529.4735742	-529.9533815	-529.5261464	-529.4760795	-529.4731277	-529.4635166	-529.5259613	-529.4751329	-529.4695544	-529.5259613	-529.4751329	-529.4695544	-529.47586	-529.4737739
4	-529.5319561	-529.4836526	-529.4775722	-529.4731516	-529.5321804	-529.4764245	-529.4697125	-529.5321804	-529.4764245	-529.4697125	-529.4776521	-529.4735928	-529.9533857	-529.5260686	-529.4760976	-529.4730434	-529.4634344	-529.5258878	-529.4751454	-529.4693667	-529.5258878	-529.4751454	-529.4693667	-529.4758785	-529.4737926
3.95	-529.5318695	-529.4836367	-529.4775913	-529.4729486	-529.5321064	-529.4764212	-529.4695386	-529.5321064	-529.4764212	-529.4695386	-529.4776714	-529.4736125	-529.9533908	-529.5259852	-529.4761171	-529.4729593	-529.4633525	-529.52581	-529.4751598	-529.4691756	-529.52581	-529.4751598	-529.4691756	-529.4758981	-529.4738124
3.9	-529.5317775	-529.4836221	-529.4776115	-529.47274	-529.5320277	-529.4764201	-529.4693603	-529.5320277	-529.4764202	-529.4693603	-529.4776917	-529.4736333	-529.9533951	-529.5258982	-529.4761376	-529.4728757	-529.4632699	-529.5257275	-529.4751759	-529.4689805	-529.5257275	-529.4751759	-529.4689805	-529.4759187	-529.4738332
3.85	-529.5316794	-529.4836089	-529.4776323	-529.4725245	-529.5319439	-529.4764214	-529.4691785	-529.5319439	-529.4764214	-529.4691785	-529.4777133	-529.4736553	-529.9533993	-529.5258066	-529.4761594	-529.4727936	-529.4631877	-529.5256404	-529.475194	-529.4687827	-529.5256405	-529.475194	-529.4687834	-529.4759406	-529.4738553
3.8	-529.5315765	-529.4835973	-529.4776548	-529.4723065	-529.5318551	-529.4764251	-529.4689937	-529.5318551	-529.4764251	-529.4689937	-529.4777361	-529.4736785	-529.9534036	-529.5257102	-529.4761826	-529.4727121	-529.4631066	-529.5255486	-529.4752142	-529.4685833	-529.5255486	-529.4752142	-529.4685833	-529.4759636	-529.4738786
3.75	-529.5314681	-529.4835874	-529.4776787	-529.4720847	-529.5317609	-529.4764314	-529.4688067	-529.5317609	-529.4764315	-529.4688067	-529.4777602	-529.4737031	-529.9534076	-529.5256093	-529.4762069	-529.472632	-529.4630267	-529.5254519	-529.4752366	-529.4683816	-529.5254519	-529.4752366	-529.4683816	-529.475988	-529.4739032
3.7	-529.5313538	-529.4835794	-529.477704	-529.4718601	-529.5316611	-529.4764406	-529.468618	-529.5316611	-529.4764406	-529.468618	-529.4777857	-529.473729	-529.9534114	-529.5255039	-529.4762322	-529.4725536	-529.4629488	-529.5253503	-529.4752614	-529.4681791	-529.5253503	-529.4752614	-529.4681791	-529.4760138	-529.4739293
3.65	-529.5312341	-529.4835743	-529.4777313	-529.4716338	-529.5315557	-529.4764527	-529.4684286	-529.5315557	-529.4764527	-529.4684286	-529.4778127	-529.4737563	-529.9534149	-529.5253934	-529.4762592	-529.4724773	-529.4628741	-529.5252435	-529.4752887	-529.4679766	-529.5252435	-529.4752887	-529.4679766	-529.476041	-529.4739567
3.6	-529.5311082	-529.4835703	-529.4777594	-529.4714064	-529.5314443	-529.4764679	-529.4682392	-529.5314443	-529.4764679	-529.4682392	-529.4778411	-529.4737851	-529.9534177	-529.5252781	-529.4762877	-529.4724033	-529.4628031	-529.5251315	-529.4753186	-529.4677751	-529.5251316	-529.4753186	-529.4677751	-529.4760697	-529.4739856
3.55	-529.5309765	-529.4835686	-529.477789	-529.4711796	-529.5313268	-529.4764863	-529.4680507	-529.5313268	-529.4764864	-529.4680507	-529.477871	-529.4738153	-529.9534198	-529.5251582	-529.4763176	-529.4723319	-529.4627367	-529.5250142	-529.4753514	-529.4675753	-529.5250142	-529.4753514	-529.4675753	-529.4760997	-529.474016
3.5	-529.5308389	-529.483569	-529.47782	-529.4709547	-529.5312028	-529.4765082	-529.4678641	-529.5312028	-529.4765082	-529.4678641	-529.4779022	-529.4738469	-529.9534209	-529.5250336	-529.4763488	-529.4722633	-529.4626759	-529.5248912	-529.4753871	-529.4673784	-529.5248912	-529.4753871	-529.4673784	-529.4761312	-529.4740477
3.45	-529.5306963	-529.4835716	-529.4778529	-529.470735	-529.5310721	-529.4765337	-529.4676804	-529.5310721	-529.4765337	-529.4676804	-529.4779347	-529.4738796	-529.9534206	-529.5249042	-529.4763824	-529.4721978	-529.462622	-529.5247625	-529.475426	-529.4671853	-529.5247625	-529.475426	-529.4671853	-529.4761637	-529.4740806
3.4	-529.5305481	-529.4835758	-529.477886	-529.4705184	-529.5309341	-529.4765628	-529.4675004	-529.530934	-529.4765628	-529.4675004	-529.4779682	-529.4739134	-529.9534182	-529.5247706	-529.4764155	-529.4721349	-529.4625753	-529.5246277	-529.4754682	-529.466997	-529.5246277	-529.4754682	-529.466997	-529.4761973	-529.4741144
3.35	-529.5303933	-529.4835816	-529.4779198	-529.4703084	-529.5307887	-529.4765958	-529.4673252	-529.5307886	-529.4765958	-529.4673252	-529.4780023	-529.4739477	-529.9534133	-529.5246323	-529.4764495	-529.472075	-529.4625375	-529.5244864	-529.4755137	-529.4668144	-529.5244863	-529.4755137	-529.4668143	-529.4762315	-529.4741489
3.3	-529.5302318	-529.4835886	-529.4779538	-529.470107	-529.5306351	-529.4766327	-529.4671556	-529.5306351	-529.4766327	-529.4671556	-529.4780365	-529.4739821	-529.9534048	-529.5244897	-529.4764838	-529.4720178	-529.4625095	-529.5243382	-529.4755627	-529.4666385	-529.5243382	-529.4755627	-529.4666385	-529.4762658	-529.4741834
3.25	-529.530066	-529.4835961	-529.4779872	-529.4699161	-529.5304728	-529.4766736	-529.4669924	-529.5304727	-529.4766736	-529.4669924	-529.4780702	-529.474016	-529.953392	-529.5243425	-529.476517	-529.4719625	-529.4624923	-529.5241824	-529.4756154	-529.4664699	-529.5241824	-529.4756154	-529.4664699	-529.4762995	-529.4742174
3.2	-529.5298948	-529.4836033	-529.4780192	-529.4697377	-529.5303008	-529.4767185	-529.4668362	-529.5303007	-529.4767185	-529.4668362	-529.4781025	-529.4740484	-529.9533734	-529.5241913	-529.4765495	-529.4719088	-529.4624873	-529.5240183	-529.4756717	-529.4663093	-529.5240183	-529.4756716	-529.4663093	-529.4763317	-529.4742499
3.15	-529.5297184	-529.4836093	-529.4780487	-529.4695739	-529.5301181	-529.4767674	-529.4666876	-529.530118	-529.4767674	-529.4666876	-529.4781322	-529.4740783	-529.9533475	-529.5240361	-529.4765791	-529.4718566	-529.4624954	-529.5238449	-529.4757316	-529.4661572	-529.5238449	-529.4757316	-529.4661571	-529.4763614	-529.4742799
3.1	-529.5295373	-529.4836128	-529.4780746	-529.4694275	-529.5299233	-529.4768201	-529.4665467	-529.5299232	-529.4768201	-529.4665467	-529.4781581	-529.4741043	-529.9533124	-529.5238766	-529.476605	-529.4718045	-529.4625176	-529.523661	-529.4757951	-529.4660137	-529.523661	-529.4757951	-529.4660137	-529.4763871	-529.4743064
3.05	-529.5293508	-529.4836118	-529.4780946	-529.4692991	-529.5297149	-529.4768765	-529.4664134	-529.5297149	-529.4768765	-529.4664134	-529.4781783	-529.4741245	-529.9532655	-529.5237132	-529.4766249	-529.471751	-529.4625549	-529.523465	-529.475862	-529.4658787	-529.523465	-529.475862	-529.4658787	-529.4764071	-529.4743267
3	-529.5291594	-529.4836045	-529.4781067	-529.4691912	-529.5294912	-529.4769363	-529.4662872	-529.5294911	-529.4769363	-529.4662872	-529.4781906	-529.4741368	-529.9532043	-529.5235457	-529.4766368	-529.4716943	-529.4626077	-529.5232549	-529.4759321	-529.4657514	-529.5232549	-529.4759321	-529.4657514	-529.4764191	-529.4743384
2.99	-529.5291204	-529.4836021	-529.478108	-529.4691723	-529.5294443	-529.4769487	-529.4662628	-529.5294443	-529.4769487	-529.4662628	-529.4781919	-529.474138	-529.95319	-529.5235118	-529.476638	-529.4716824	-529.4626203	-529.5232111	-529.4759464	-529.4657268	-529.5232111	-529.4759464	-529.4657268	-529.4764203	-529.4743396
2.98	-529.5290813	-529.4835992	-529.4781088	-529.4691543	-529.5293967	-529.4769611	-529.4662385	-529.5293967	-529.4769611	-529.4662385	-529.4781928	-529.4741388	-529.9531749	-529.5234776	-529.4766388	-529.4716704	-529.4626334	-529.5231665	-529.4759609	-529.4657025	-529.5231665	-529.4759609	-529.4657025	-529.476421	-529.4743404
2.97	-529.5290421	-529.4835961	-529.4781091	-529.4691372	-529.5293484	-529.4769737	-529.4662145	-529.5293484	-529.4769737	-529.4662145	-529.4781932	-529.4741392	-529.9531591	-529.5234433	-529.4766391	-529.471658	-529.4626472	-529.5231212	-529.4759755	-529.4656784	-529.5231212	-529.4759755	-529.4656784	-529.4764213	-529.4743407
2.96	-529.5290026	-529.4835924	-529.478109	-529.4691211	-529.5292993	-529.4769863	-529.4661906	-529.5292992	-529.4769863	-529.4661907	-529.478193	-529.474139	-529.9531425	-529.5234087	-529.4766388	-529.4716454	-529.4626617	-529.5230752	-529.4759902	-529.4656545	-529.5230752	-529.4759902	-529.4656545	-529.4764211	-529.4743406
2.95	-529.5289628	-529.4835883	-529.4781083	-529.4691059	-529.5292494	-529.476999	-529.466167	-529.5292494	-529.476999	-529.466167	-529.4781924	-529.4741383	-529.953125	-529.523374	-529.4766381	-529.4716325	-529.4626768	-529.5230285	-529.476005	-529.4656308	-529.5230285	-529.476005	-529.4656309	-529.4764203	-529.4743399
2.94	-529.5289229	-529.4835836	-529.478107	-529.4690916	-529.5291986	-529.4770119	-529.4661436	-529.5291986	-529.4770119	-529.4661436	-529.4781911	-529.4741371	-529.9531066	-529.5233391	-529.4766367	-529.4716193	-529.4626926	-529.522981	-529.4760198	-529.4656074	-529.522981	-529.4760198	-529.4656074	-529.476419	-529.4743386
2.93	-529.5288827	-529.4835785	-529.4781052	-529.4690784	-529.5291469	-529.4770248	-529.4661203	-529.5291469	-529.4770248	-529.4661203	-529.4781893	-529.4741352	-529.9530874	-529.523304	-529.4766348	-529.4716058	-529.462709	-529.5229327	-529.4760348	-529.4655841	-529.5229327	-529.4760348	-529.4655841	-529.4764171	-529.4743373
2.92	-529.5288423	-529.4835728	-529.4781027	-529.4690661	-529.5290944	-529.4770378	-529.4660964	-529.5290944	-529.4770378	-529.4660964	-529.4781869	-529.4741328	-529.9530671	-529.5232687	-529.4766323	-529.4715919	-529.4627261	-529.5228836	-529.4760498	-529.4655609	-529.5228835	-529.4760498	-529.465561	-529.4764146	-529.4743348
2.91	-529.5288018	-529.4835665	-529.4780996	-529.4690548	-529.5290409	-529.477051	-529.4660735	-529.5290409	-529.4770509	-529.4660733	-529.4781838	-529.4741296	-529.9530459	-529.5232332	-529.4766287	-529.471578	-529.4627438	-529.5228336	-529.4760649	-529.465538	-529.5228335	-529.4760649	-529.465538	-529.4764109	-529.4743297
2.9	-529.5287609	-529.4835596	-529.4780958	-529.4690445	-529.5289865	-529.4770642	-529.4660505	-529.5289865	-529.4770642	-529.4660505	-529.4781801	-529.4741258	-529.9530237	-529.5231975	-529.4766248	-529.4715633	-529.4627622	-529.5227827	-529.4760801	-529.4655151	-529.5227827	-529.4760801	-529.4655151	-529.476407	-529.4743259
2.89	-529.5287199	-529.4835521	-529.4780913	-529.4690353	-529.5289311	-529.4770774	-529.4660276	-529.528931	-529.4770774	-529.4660276	-529.4781756	-529.4741213	-529.9530003	-529.5231617	-529.4766202	-529.4715482	-529.4627812	-529.5227308	-529.4760953	-529.4654923	-529.5227308	-529.4760953	-529.4654923	-529.4764024	-529.4743213
2.88	-529.5286786	-529.4835438	-529.478086	-529.4690285	-529.5288746	-529.4770907	-529.4660048	-529.5288746	-529.4770907	-529.4660048	-529.4781703	-529.474116	-529.9529758	-529.5231256	-529.4766148	-529.4715326	-529.4628008	-529.5226781	-529.4761106	-529.4654695	-529.5226781	-529.4761106	-529.4654696	-529.476397	-529.474316
2.87	-529.5286371	-529.4835349	-529.4780799	-529.4690213	-529.5288171	-529.477104	-529.465982	-529.5288171	-529.477104	-529.465982	-529.4781642	-529.4741098	-529.9529501	-529.5230892	-529.4766086	-529.4715165	-529.4628211	-529.5226243	-529.4761259	-529.4654468	-529.5226243	-529.4761259	-529.4654469	-529.4763908	-529.4743098
2.86	-529.5285954	-529.4835251	-529.4780729	-529.4690151	-529.5287585	-529.4771173	-529.4659592	-529.5287586	-529.4771173	-529.465959	-529.4781573	-529.4741029	-529.9529232	-529.5230527	-529.4766015	-529.4714999	-529.462842	-529.5225695	-529.4761412	-529.4654241	-529.5225695	-529.4761412	-529.4654242	-529.4763837	-529.4743028
2.85	-529.5285534	-529.4835146	-529.4780651	-529.46901	-529.5286989	-529.4771306	-529.4659362	-529.5286988	-529.4771306	-529.4659362	-529.4781495	-529.474095	-529.9528951	-529.5230159	-529.4765936	-529.4714827	-529.4628635	-529.5225136	-529.4761566	-529.4654014	-529.5225136	-529.4761566	-529.4654014	-529.4763758	-529.4742949
2.84	-529.5285112	-529.4835032	-529.4780563	-529.469006	-529.528638	-529.4771441	-529.4659132	-529.5286379	-529.4771441	-529.4659132	-529.4781408	-529.4740862	-529.9528656	-529.5229789	-529.4765847	-529.471465	-529.4628856	-529.5224567	-529.476172	-529.4653786	-529.5224567	-529.476172	-529.4653786	-529.4763664	-529.474285
2.83	-529.5284687	-529.483491	-529.4780466	-529.469003	-529.5285758	-529.4771575	-529.4658902	-529.5285758	-529.4771575	-529.4658902	-529.4781311	-529.4740764	-529.9528347	-529.5229417	-529.4765748	-529.4714465	-529.4629083	-529.5223985	-529.4761874	-529.4653557	-529.5223985	-529.4761874	-529.4653557	-529.4763566	-529.4742752
2.82	-529.528426	-529.4834777	-529.4780358	-529.4690011	-529.5285125	-529.4771709	-529.465867	-529.5285124	-529.4771709	-529.465867	-529.4781203	-529.4740656	-529.9528024	-529.5229042	-529.4765639	-529.4714275	-529.4629315	-529.5223392	-529.4762028	-529.4653326	-529.5223392	-529.4762028	-529.4653327	-529.4763456	-529.4742644
2.81	-529.5283829	-529.4834635	-529.478024	-529.4690002	-529.5284478	-529.4771842	-529.4658436	-529.5284477	-529.4771842	-529.4658436	-529.4781085	-529.4740537	-529.9527686	-529.5228664	-529.4765519	-529.4714077	-529.4629554	-529.5222786	-529.4762181	-529.4653094	-529.5222786	-529.4762182	-529.4653094	-529.4763336	-529.4742524
2.8	-529.5283396	-529.4834483	-529.478011	-529.4690005	-529.5283817	-529.4771976	-529.46582	-529.5283817	-529.4771976	-529.46582	-529.4780958	-529.4740407	-529.9527332	-529.5228284	-529.4765388	-529.4713873	-529.4629797	-529.5222168	-529.4762335	-529.465286	-529.5222168	-529.4762335	-529.465286	-529.4763205	-529.4742393
2.79	-529.5282961	-529.4834319	-529.4779968	-529.4690018	-529.5283143	-529.4772109	-529.4657962	-529.5283142	-529.4772109	-529.4657962	-529.4780817	-529.4740264	-529.9526963	-529.52279	-529.4765245	-529.471366	-529.4630046	-529.5221536	-529.4762488	-529.4652623	-529.5221536	-529.4762488	-529.4652623	-529.4763061	-529.474225
2.78	-529.5282522	-529.4834144	-529.4779814	-529.4690042	-529.5282453	-529.4772241	-529.465772	-529.5282453	-529.4772241	-529.465772	-529.4780662	-529.4740109	-529.9526576	-529.5227514	-529.4765083	-529.4713437	-529.46303	-529.522089	-529.476264	-529.4652383	-529.522089	-529.476264	-529.4652383	-529.4762905	-529.4742095
2.77	-529.528208	-529.4833957	-529.4779646	-529.4690076	-529.5281749	-529.4772372	-529.4657474	-529.5281749	-529.4772372	-529.4657474	-529.4780495	-529.4739941	-529.9526172	-529.5227124	-529.4764914	-529.4713208	-529.4630559	-529.5220229	-529.4762792	-529.4652139	-529.522023	-529.4762792	-529.465214	-529.4762736	-529.4741926
2.76	-529.5281635	-529.4833758	-529.4779465	-529.4690121	-529.5281029	-529.4772503	-529.4657225	-529.5281029	-529.4772503	-529.4657225	-529.4780314	-529.473976	-529.9525749	-529.5226732	-529.4764731	-529.4712969	-529.4630822	-529.5219554	-529.4762942	-529.4651892	-529.5219554	-529.4762943	-529.4651892	-529.4762553	-529.4741744
2.75	-529.5281187	-529.4833545	-529.477927	-529.4690177	-529.5280293	-529.4772632	-529.465697	-529.5280292	-529.4772632	-529.465697	-529.4780119	-529.4739563	-529.9525308	-529.5226336	-529.4764534	-529.4712722	-529.463109	-529.5218863	-529.4763092	-529.4651639	-529.5218863	-529.4763092	-529.465164	-529.4762355	-529.4741547
2.74	-529.5280735	-529.4833317	-529.4779059	-529.4690244	-529.5279539	-529.477276	-529.4656711	-529.5279539	-529.477276	-529.4656711	-529.4779909	-529.4739352	-529.9524846	-529.5225937	-529.4764321	-529.4712464	-529.4631362	-529.5218155	-529.4763241	-529.4651381	-529.5218155	-529.4763241	-529.4651382	-529.4762143	-529.4741335
2.73	-529.528028	-529.4833076	-529.4778833	-529.4690322	-529.5278768	-529.4772887	-529.4656445	-529.5278768	-529.4772887	-529.4656445	-529.4779682	-529.4739125	-529.9524365	-529.5225535	-529.4764093	-529.4712197	-529.4631638	-529.5217431	-529.4763388	-529.4651118	-529.5217431	-529.4763388	-529.4651118	-529.4761914	-529.4741107
2.72	-529.5279831	-529.4832819	-529.477859	-529.4690395	-529.5277979	-529.4773012	-529.4656173	-529.5277979	-529.4773012	-529.4656173	-529.477944	-529.4738881	-529.9523862	-529.5225128	-529.4763848	-529.4711918	-529.4631917	-529.5216688	-529.4763534	-529.4650848	-529.5216688	-529.4763534	-529.4650848	-529.4761669	-529.4740862
2.71	-529.5279369	-529.4832546	-529.477833	-529.4690493	-529.5277171	-529.4773135	-529.4655894	-529.527717	-529.4773135	-529.4655894	-529.477918	-529.473862	-529.9523336	-529.5224718	-529.4763585	-529.4711629	-529.4632199	-529.5215928	-529.4763677	-529.465057	-529.5215928	-529.4763678	-529.465057	-529.4761406	-529.47406
2.7	-529.5278902	-529.4832256	-529.4778052	-529.4690602	-529.5276342	-529.4773257	-529.4655607	-529.5276342	-529.4773257	-529.4655607	-529.4778901	-529.4738341	-529.9522788	-529.5224303	-529.4763305	-529.4711327	-529.4632484	-529.5215148	-529.4763819	-529.4650285	-529.5215148	-529.4763819	-529.4650285	-529.4761126	-529.474032
2.69	-529.5278431	-529.4831948	-529.4777754	-529.4690722	-529.5275494	-529.4773375	-529.4655311	-529.5275494	-529.4773375	-529.4655311	-529.4778604	-529.4738043	-529.9522216	-529.5223885	-529.4763005	-529.4711014	-529.4632771	-529.5214348	-529.4763959	-529.464999	-529.5214348	-529.4763959	-529.4649991	-529.4760826	-529.4740021
2.68	-529.5277957	-529.4831622	-529.4777437	-529.4690851	-529.5274624	-529.4773492	-529.4655006	-529.5274623	-529.4773492	-529.4655006	-529.4778287	-529.4737724	-529.9521618	-529.5223461	-529.4762685	-529.4710688	-529.4633059	-529.5213528	-529.4764096	-529.4649687	-529.5213528	-529.4764096	-529.4649687	-529.4760506	-529.4739702
2.67	-529.5277477	-529.4831276	-529.4777099	-529.4690991	-529.5273731	-529.4773605	-529.4654691	-529.5273731	-529.4773605	-529.4654691	-529.4777949	-529.4737385	-529.9520995	-529.5223034	-529.4762345	-529.4710348	-529.4633349	-529.5212686	-529.476423	-529.4649373	-529.5212686	-529.476423	-529.4649373	-529.4760165	-529.4739362
2.66	-529.5276993	-529.483091	-529.477674	-529.469114	-529.5272816	-529.4773715	-529.4654364	-529.5272816	-529.4773716	-529.4654364	-529.477759	-529.4737025	-529.9520345	-529.5222601	-529.4761982	-529.4709995	-529.4633639	-529.5211821	-529.4764362	-529.4649047	-529.5211821	-529.4764362	-529.4649048	-529.4759802	-529.4739
2.65	-529.5276504	-529.4830522	-529.4776357	-529.46913	-529.5271876	-529.4773822	-529.4654026	-529.5271876	-529.4773823	-529.4654026	-529.4777207	-529.4736641	-529.9519666	-529.5222163	-529.4761597	-529.4709628	-529.4633929	-529.5210933	-529.476449	-529.464871	-529.5210933	-529.476449	-529.464871	-529.4759417	-529.4738615
2.64	-529.527601	-529.4830113	-529.4775951	-529.4691469	-529.5270912	-529.4773926	-529.4653674	-529.5270912	-529.4773926	-529.4653674	-529.4776801	-529.4736233	-529.9518959	-529.522172	-529.4761188	-529.4709247	-529.4634218	-529.521002	-529.4764615	-529.4648359	-529.5210021	-529.4764615	-529.4648359	-529.4759008	-529.4738206
2.63	-529.527551	-529.482968	-529.477552	-529.4691647	-529.5269922	-529.4774025	-529.4653309	-529.5269921	-529.4774025	-529.4653309	-529.477637	-529.4735801	-529.9518221	-529.5221271	-529.4760754	-529.470885	-529.4634505	-529.5209083	-529.4764736	-529.4647994	-529.5209083	-529.4764736	-529.4647995	-529.4758573	-529.4737773
2.62	-529.5275005	-529.4829222	-529.4775063	-529.4691834	-529.5268904	-529.4774121	-529.4652928	-529.5268904	-529.4774121	-529.4652928	-529.4775913	-529.4735343	-529.9517451	-529.5220816	-529.4760294	-529.4708437	-529.463479	-529.5208118	-529.4764852	-529.4647615	-529.5208118	-529.4764852	-529.4647615	-529.4758113	-529.4737313
2.61	-529.5274494	-529.482874	-529.4774579	-529.4692031	-529.5267858	-529.4774211	-529.4652532	-529.5267858	-529.4774211	-529.4652532	-529.4775428	-529.4734857	-529.9516649	-529.5220355	-529.4759807	-529.4708008	-529.4635072	-529.5207126	-529.4764965	-529.4647218	-529.5207126	-529.4764965	-529.4647218	-529.4757625	-529.4736826
2.6	-529.5273977	-529.482823	-529.4774066	-529.4692236	-529.5266783	-529.4774297	-529.4652118	-529.5266783	-529.4774297	-529.4652119	-529.4774916	-529.4734343	-529.9515812	-529.5219887	-529.4759291	-529.4707563	-529.4635349	-529.5206105	-529.4765072	-529.4646805	-529.5206106	-529.4765072	-529.4646805	-529.4757109	-529.473631
2.59	-529.5273453	-529.4827693	-529.4773524	-529.4692449	-529.5265678	-529.4774377	-529.4651687	-529.5265678	-529.4774377	-529.4651687	-529.4774373	-529.4733799	-529.9514941	-529.5219412	-529.4758745	-529.4707101	-529.4635621	-529.5205055	-529.4765174	-529.4646373	-529.5205055	-529.4765174	-529.4646373	-529.4756563	-529.4735765
2.58	-529.5272922	-529.4827127	-529.477295	-529.469267	-529.526454	-529.4774451	-529.4651235	-529.526454	-529.4774451	-529.4651235	-529.47738	-529.4733224	-529.9514032	-529.5218931	-529.4758168	-529.4706621	-529.4635887	-529.5203973	-529.4765271	-529.464592	-529.5203973	-529.4765271	-529.4645921	-529.4755986	-529.4735189
2.57	-529.5272385	-529.4826531	-529.4772344	-529.4692899	-529.526337	-529.477452	-529.4650762	-529.526337	-529.477452	-529.4650762	-529.4773194	-529.4732616	-529.9513085	-529.5218441	-529.4757559	-529.4706124	-529.4636144	-529.5202858	-529.4765361	-529.4645447	-529.5202858	-529.4765362	-529.4645447	-529.4755376	-529.473458
2.56	-529.5271839	-529.4825903	-529.4771705	-529.4693136	-529.5262165	-529.4774581	-529.4650268	-529.5262165	-529.4774581	-529.4650268	-529.4772554	-529.4731975	-529.9512099	-529.5217944	-529.4756916	-529.4705609	-529.4636393	-529.520171	-529.4765446	-529.4644951	-529.520171	-529.4765446	-529.4644951	-529.4754732	-529.4733937
2.55	-529.5271286	-529.4825242	-529.477103	-529.4693379	-529.5260924	-529.4774636	-529.4649749	-529.5260924	-529.4774636	-529.4649749	-529.4771879	-529.4731298	-529.9511071	-529.5217438	-529.4756237	-529.4705075	-529.4636631	-529.5200526	-529.4765523	-529.4644431	-529.5200527	-529.4765523	-529.4644432	-529.4754053	-529.4733258
2.54	-529.5270725	-529.4824546	-529.4770318	-529.4693628	-529.5259647	-529.4774683	-529.4649205	-529.5259647	-529.4774683	-529.4649206	-529.4771167	-529.4730584	-529.951	-529.5216924	-529.4755521	-529.4704522	-529.4636856	-529.5199306	-529.4765593	-529.4643886	-529.5199306	-529.4765593	-529.4643886	-529.4753336	-529.4732543
2.53	-529.5270155	-529.4823815	-529.4769567	-529.4693884	-529.525833	-529.4774723	-529.4648635	-529.525833	-529.4774723	-529.4648635	-529.4770416	-529.4729832	-529.9508884	-529.52164	-529.4754768	-529.4703952	-529.4637068	-529.5198047	-529.4765655	-529.4643314	-529.5198047	-529.4765655	-529.4643314	-529.4752581	-529.4731789
2.52	-529.5269576	-529.4823046	-529.4768776	-529.4694145	-529.5256973	-529.4774753	-529.4648036	-529.5256973	-529.4774753	-529.4648036	-529.4769625	-529.4729039	-529.9507722	-529.5215867	-529.4753973	-529.4703361	-529.4637264	-529.5196749	-529.4765709	-529.4642713	-529.5196749	-529.4765709	-529.4642713	-529.4751786	-529.4730994
2.51	-529.5268987	-529.4822237	-529.4767943	-529.4694411	-529.5255574	-529.4774775	-529.4647408	-529.5255574	-529.4774775	-529.4647408	-529.4768792	-529.4728204	-529.9506512	-529.5215323	-529.4753136	-529.4702751	-529.4637442	-529.5195408	-529.4765754	-529.4642081	-529.5195408	-529.4765754	-529.4642081	-529.4750949	-529.4730157
2.5	-529.5268388	-529.4821389	-529.4767067	-529.4694681	-529.5254131	-529.4774787	-529.4646747	-529.5254131	-529.4774787	-529.4646747	-529.4767915	-529.4727325	-529.9505251	-529.5214767	-529.4752251	-529.4702119	-529.4637597	-529.5194025	-529.476579	-529.4641418	-529.5194025	-529.476579	-529.4641418	-529.4750067	-529.4729277
2.49	-529.5267779	-529.4820497	-529.4766144	-529.4694955	-529.5252642	-529.4774789	-529.4646053	-529.5252642	-529.4774789	-529.4646053	-529.4766993	-529.4726401	-529.9503939	-529.5214202	-529.4751325	-529.4701471	-529.4637732	-529.5192596	-529.4765816	-529.464072	-529.5192596	-529.4765816	-529.464072	-529.474914	-529.472835
2.48	-529.5267158	-529.4819562	-529.4765174	-529.4695233	-529.5251106	-529.477478	-529.4645323	-529.5251106	-529.477478	-529.4645323	-529.4765999	-529.4725413	-529.9502573	-529.5213625	-529.475035	-529.4700805	-529.4637841	-529.519112	-529.4765831	-529.4639986	-529.519112	-529.4765831	-529.4639986	-529.4748165	-529.4727376
2.47	-529.5266526	-529.481858	-529.4764155	-529.4695512	-529.5249521	-529.477476	-529.4644556	-529.5249521	-529.477476	-529.4644556	-529.4764979	-529.4724391	-529.950115	-529.5213035	-529.4749326	-529.4700121	-529.4637921	-529.5189595	-529.4765835	-529.4639215	-529.5189595	-529.4765835	-529.4639215	-529.4747139	-529.4726352
2.46	-529.5265881	-529.4817551	-529.4763083	-529.4695793	-529.5247884	-529.4774728	-529.4643749	-529.5247884	-529.4774728	-529.4643749	-529.4763909	-529.4723317	-529.949967	-529.5212433	-529.474825	-529.4699418	-529.463797	-529.5188019	-529.4765826	-529.4638403	-529.5188019	-529.4765826	-529.4638403	-529.4746062	-529.4725276
2.45	-529.5265224	-529.4816471	-529.4761957	-529.4696074	-529.5246193	-529.4774683	-529.4642901	-529.5246193	-529.4774683	-529.4642901	-529.4762783	-529.4722188	-529.9498129	-529.5211817	-529.4747119	-529.4698699	-529.4637984	-529.518639	-529.4765806	-529.4637549	-529.518639	-529.4765806	-529.4637549	-529.4744931	-529.4724145
2.44	-529.5264553	-529.481534	-529.4760775	-529.4696356	-529.5244447	-529.4774624	-529.4642008	-529.5244447	-529.4774624	-529.4642008	-529.47616	-529.4721003	-529.9496524	-529.5211187	-529.4745932	-529.4697964	-529.4637959	-529.5184706	-529.4765772	-529.4636651	-529.5184706	-529.4765772	-529.4636651	-529.4743742	-529.4722958
2.43	-529.5263868	-529.4814155	-529.4759533	-529.4696636	-529.5242643	-529.4774551	-529.4641069	-529.5242643	-529.4774551	-529.4641069	-529.4760358	-529.4719759	-529.9494855	-529.5210542	-529.4744685	-529.4697213	-529.463789	-529.5182963	-529.4765723	-529.4635706	-529.5182964	-529.4765723	-529.4635706	-529.4742495	-529.4721711
2.42	-529.5263168	-529.4812913	-529.475823	-529.4696914	-529.5240778	-529.4774462	-529.4640081	-529.5240778	-529.4774462	-529.4640081	-529.4759055	-529.4718454	-529.9493117	-529.5209872	-529.4743376	-529.4696447	-529.4637771	-529.5181161	-529.476566	-529.4634712	-529.5181161	-529.476566	-529.4634712	-529.4741186	-529.4720404
2.41	-529.5262452	-529.4811613	-529.4756863	-529.4697189	-529.523885	-529.4774358	-529.4639042	-529.523885	-529.4774358	-529.4639042	-529.4757687	-529.4717084	-529.949131	-529.5209194	-529.4742004	-529.469567	-529.4637603	-529.5179296	-529.4765581	-529.4633665	-529.5179296	-529.4765581	-529.4633665	-529.4739813	-529.4719032
2.4	-529.526172	-529.4810253	-529.4755429	-529.4697459	-529.5236857	-529.4774237	-529.4637948	-529.5236857	-529.4774237	-529.4637948	-529.4756253	-529.4715648	-529.9489429	-529.52085	-529.4740565	-529.4694882	-529.4637379	-529.5177366	-529.4765486	-529.4632564	-529.5177366	-529.4765486	-529.4632564	-529.4738373	-529.4717593
2.39	-529.5260971	-529.480883	-529.4753925	-529.4697724	-529.5234796	-529.4774098	-529.4636798	-529.5234796	-529.4774098	-529.4636798	-529.475475	-529.4714142	-529.9487471	-529.5207787	-529.4739057	-529.4694086	-529.4637092	-529.5175368	-529.4765373	-529.4631406	-529.5175368	-529.4765373	-529.4631406	-529.4736863	-529.4716084
2.38	-529.5260203	-529.4807342	-529.4752349	-529.4697981	-529.5232663	-529.4773941	-529.4635588	-529.5232663	-529.4773941	-529.4635588	-529.4753173	-529.4712563	-529.9485435	-529.5207055	-529.4737476	-529.4693282	-529.4636736	-529.5173299	-529.4765241	-529.4630187	-529.5173299	-529.4765241	-529.4630188	-529.4735281	-529.4714503
2.37	-529.5259416	-529.4805787	-529.4750698	-529.4698229	-529.5230457	-529.4773764	-529.4634315	-529.5230457	-529.4773764	-529.4634316	-529.4751521	-529.4710909	-529.9483317	-529.5206304	-529.4735819	-529.4692474	-529.4636306	-529.5171156	-529.476509	-529.4628906	-529.5171156	-529.476509	-529.4628906	-529.4733623	-529.4712847
2.36	-529.525861	-529.4804162	-529.4748967	-529.4698467	-529.5228174	-529.4773566	-529.4632977	-529.5228174	-529.4773566	-529.4632977	-529.4749791	-529.4709176	-529.9481114	-529.5205532	-529.4734082	-529.4691665	-529.4635793	-529.5168937	-529.4764918	-529.4627558	-529.5168937	-529.4764918	-529.4627558	-529.4731887	-529.4711111
2.35	-529.5257782	-529.4802464	-529.4747155	-529.4698693	-529.522581	-529.4773346	-529.463157	-529.5225811	-529.4773346	-529.463157	-529.4747978	-529.4707361	-529.9478823	-529.5204738	-529.4732264	-529.4690855	-529.4635195	-529.5166638	-529.4764725	-529.462614	-529.5166638	-529.4764725	-529.462614	-529.4730068	-529.4709293
2.34	-529.5256933	-529.4800692	-529.4745257	-529.4698904	-529.5223364	-529.4773104	-529.463009	-529.5223364	-529.4773104	-529.463009	-529.474608	-529.470546	-529.947644	-529.520392	-529.4730361	-529.4690048	-529.4634501	-529.5164255	-529.4764509	-529.4624649	-529.5164255	-529.4764509	-529.4624649	-529.4728163	-529.470739
2.33	-529.525606	-529.4798843	-529.4743271	-529.4699099	-529.5220831	-529.4772837	-529.4628534	-529.5220831	-529.4772837	-529.4628534	-529.4744093	-529.4703471	-529.9473961	-529.5203079	-529.4728368	-529.4689246	-529.4633705	-529.5161787	-529.4764269	-529.4623082	-529.5161787	-529.4764269	-529.4623082	-529.4726169	-529.4705398
2.32	-529.5255163	-529.4796914	-529.4741191	-529.4699276	-529.5218207	-529.4772545	-529.4626899	-529.5218207	-529.4772545	-529.4626899	-529.4742013	-529.4701388	-529.9471384	-529.5202212	-529.4726283	-529.4688454	-529.46328	-529.5159228	-529.4764004	-529.4621435	-529.5159228	-529.4764004	-529.4621435	-529.4724083	-529.4703312
2.31	-529.5254233	-529.4794902	-529.4739012	-529.4699421	-529.5215492	-529.4772226	-529.462518	-529.521549	-529.4772226	-529.462518	-529.4739837	-529.4699209	-529.9468703	-529.5201319	-529.4724101	-529.4687672	-529.4631777	-529.5156575	-529.4763712	-529.4619704	-529.5156575	-529.4763712	-529.4619704	-529.47219	-529.4701131
2.3	-529.5253285	-529.4792808	-529.4736736	-529.4699551	-529.5212677	-529.477188	-529.4623374	-529.5212675	-529.477188	-529.4623374	-529.473756	-529.469693	-529.9465917	-529.5200399	-529.4721819	-529.4686904	-529.4630629	-529.5153825	-529.4763393	-529.4617885	-529.5153825	-529.4763393	-529.4617885	-529.4719616	-529.4698848
2.29	-529.5252308	-529.4790627	-529.4734355	-529.4699654	-529.5209754	-529.4771504	-529.4621476	-529.5209754	-529.4771504	-529.4621476	-529.4735179	-529.4694546	-529.9463019	-529.519945	-529.4719432	-529.4686152	-529.4629349	-529.5150973	-529.4763044	-529.4615974	-529.5150973	-529.4763044	-529.4615974	-529.4717228	-529.4696461
2.28	-529.5251303	-529.4788359	-529.4731865	-529.4699725	-529.5206732	-529.4771097	-529.4619484	-529.5206732	-529.4771097	-529.4619484	-529.4732689	-529.4692053	-529.9460007	-529.519847	-529.4716936	-529.4685419	-529.4627928	-529.5148015	-529.4762665	-529.4613967	-529.5148016	-529.4762665	-529.4613967	-529.471473	-529.4693964
2.27	-529.5250266	-529.4786001	-529.4729262	-529.4699761	-529.52036	-529.4770658	-529.4617391	-529.52036	-529.4770658	-529.4617391	-529.4730086	-529.4689447	-529.9456876	-529.5197457	-529.4714326	-529.4684702	-529.4626358	-529.5144948	-529.4762253	-529.4611859	-529.5144948	-529.4762253	-529.4611859	-529.4712119	-529.4691355
2.26	-529.5249198	-529.4783551	-529.4726541	-529.4699757	-529.5200353	-529.4770185	-529.4615193	-529.5200353	-529.4770185	-529.4615193	-529.4727364	-529.4686723	-529.945362	-529.5196413	-529.4711599	-529.468401	-529.4624633	-529.5141766	-529.4761808	-529.4609646	-529.5141766	-529.4761808	-529.4609646	-529.470939	-529.4688628
2.25	-529.5248096	-529.478101	-529.4723698	-529.4699708	-529.5196988	-529.4769677	-529.4612886	-529.5196988	-529.4769677	-529.4612886	-529.472452	-529.4683876	-529.9450237	-529.5195334	-529.4708749	-529.4683339	-529.4622747	-529.5138465	-529.4761327	-529.4607323	-529.5138465	-529.4761327	-529.4607323	-529.4706539	-529.4685778
2.24	-529.5246959	-529.4778376	-529.4720726	-529.4699606	-529.5193498	-529.4769131	-529.4610465	-529.5193498	-529.4769131	-529.4610465	-529.4721549	-529.4680902	-529.944672	-529.5194219	-529.4705771	-529.4682691	-529.462069	-529.513504	-529.4760809	-529.4604886	-529.513504	-529.4760809	-529.4604886	-529.4703559	-529.46828
2.23	-529.5245785	-529.477565	-529.4717622	-529.4699446	-529.518988	-529.4768546	-529.4607924	-529.518988	-529.4768546	-529.4607924	-529.4718444	-529.4677795	-529.9443065	-529.5193066	-529.470266	-529.4682065	-529.4618458	-529.5131486	-529.4760252	-529.4602328	-529.5131486	-529.4760252	-529.4602328	-529.4700447	-529.4679689
2.22	-529.5244573	-529.4772834	-529.471438	-529.4699219	-529.5186128	-529.476792	-529.4605258	-529.5186128	-529.476792	-529.4605258	-529.4715202	-529.4674549	-529.9439266	-529.5191874	-529.4699411	-529.468146	-529.4616044	-529.5127798	-529.4759654	-529.4599644	-529.5127798	-529.4759654	-529.4599644	-529.4697196	-529.467644
2.21	-529.5243311	-529.4769928	-529.4710994	-529.4698916	-529.5182237	-529.4767251	-529.4602462	-529.5182237	-529.4767251	-529.4602462	-529.4711815	-529.467116	-529.9435319	-529.519064	-529.4696018	-529.4680875	-529.4613442	-529.5123971	-529.4759013	-529.459683	-529.5123971	-529.4759013	-529.459683	-529.4693802	-529.4673047
2.2	-529.5242016	-529.4766937	-529.4707459	-529.4698524	-529.5178201	-529.4766537	-529.459953	-529.5178201	-529.4766538	-529.459953	-529.4708279	-529.4667621	-529.9431217	-529.5189363	-529.4692476	-529.4680308	-529.4610645	-529.5119999	-529.4758327	-529.4593879	-529.5119999	-529.4758327	-529.4593879	-529.4690258	-529.4669505
2.19	-529.5240677	-529.4763867	-529.4703768	-529.469803	-529.5174014	-529.4765777	-529.4596457	-529.5174014	-529.4765777	-529.4596457	-529.4704588	-529.4663927	-529.9426955	-529.518804	-529.4688778	-529.4679758	-529.460765	-529.5115876	-529.4757594	-529.4590786	-529.5115876	-529.4757594	-529.4590786	-529.4686559	-529.4665807
2.18	-529.5239292	-529.4760725	-529.4699915	-529.4697419	-529.5169671	-529.4764966	-529.4593235	-529.5169671	-529.4764967	-529.4593235	-529.4700735	-529.4660071	-529.9422527	-529.5186683	-529.468492	-529.4679226	-529.4604451	-529.5111596	-529.4756811	-529.4587544	-529.5111596	-529.4756811	-529.4587544	-529.4682697	-529.4661948
2.17	-529.5237858	-529.4757521	-529.4695895	-529.4696672	-529.5165166	-529.4764105	-529.4589858	-529.5165166	-529.4764105	-529.4589858	-529.4696714	-529.4656048	-529.9417927	-529.5185264	-529.4680893	-529.4678698	-529.460104	-529.5107153	-529.4755977	-529.4584146	-529.5107153	-529.4755977	-529.4584146	-529.4678668	-529.465792
2.16	-529.5236374	-529.475427	-529.4691805	-529.4695658	-529.5160492	-529.4763189	-529.458632	-529.5160491	-529.4763189	-529.458632	-529.4692519	-529.4651849	-529.9413147	-529.5183793	-529.467669	-529.4678177	-529.4597414	-529.5102541	-529.4755089	-529.4580587	-529.5102541	-529.4755089	-529.4580587	-529.4674464	-529.4653717
2.15	-529.5234836	-529.4750988	-529.4687322	-529.4694674	-529.5155641	-529.4762216	-529.4582614	-529.5155641	-529.4762217	-529.4582614	-529.4688141	-529.4647469	-529.9408182	-529.5182268	-529.4672489	-529.4677467	-529.4593566	-529.5097753	-529.4754144	-529.4576859	-529.5097753	-529.4754144	-529.4576859	-529.4670078	-529.4649333
2.14	-529.5233244	-529.4747696	-529.4682757	-529.4693365	-529.5150609	-529.4761185	-529.4578733	-529.5150609	-529.4761185	-529.4578733	-529.4683575	-529.46429	-529.9403025	-529.5180687	-529.4667735	-529.4677129	-529.4589493	-529.5092781	-529.475314	-529.4572956	-529.5092781	-529.475314	-529.4572956	-529.4665503	-529.464476
2.13	-529.5231587	-529.4744396	-529.4677981	-529.4691799	-529.5145386	-529.4760091	-529.4574669	-529.5145386	-529.4760092	-529.4574669	-529.4678813	-529.4638136	-529.9397668	-529.5179048	-529.4662966	-529.4676602	-529.4585187	-529.508762	-529.4752073	-529.4568868	-529.508762	-529.4752073	-529.4568868	-529.4660733	-529.4639993
2.12	-529.5229877	-529.4741167	-529.4673015	-529.468993	-529.5139967	-529.4758933	-529.4570414	-529.5139967	-529.4758933	-529.4570414	-529.4673847	-529.4633167	-529.9392104	-529.5177347	-529.4657993	-529.4676064	-529.4580644	-529.5082261	-529.4750941	-529.456459	-529.5082261	-529.4750941	-529.456459	-529.4655758	-529.463502
2.11	-529.5228103	-529.4738015	-529.4667837	-529.4687741	-529.5134342	-529.4757707	-529.4565962	-529.5134342	-529.4757707	-529.4565962	-529.4668669	-529.4627986	-529.9386326	-529.5175582	-529.4652806	-529.4675511	-529.4575857	-529.5076696	-529.4749741	-529.4560113	-529.5076696	-529.4749742	-529.4560113	-529.4650571	-529.4629835
2.1	-529.5226262	-529.4734972	-529.466244	-529.4685175	-529.5128505	-529.475641	-529.4561303	-529.5128505	-529.475641	-529.4561303	-529.4663272	-529.4622585	-529.9380326	-529.5173749	-529.4647401	-529.4674937	-529.4570821	-529.5070918	-529.4748471	-529.455543	-529.5070918	-529.4748471	-529.455543	-529.4645165	-529.462443
2.09	-529.5224353	-529.4732065	-529.4656813	-529.4682193	-529.5122447	-529.4755038	-529.4556428	-529.5122447	-529.4755038	-529.4556428	-529.4657645	-529.4616956	-529.9374094	-529.5171847	-529.4641767	-529.4674338	-529.4565527	-529.5064918	-529.4747126	-529.455053	-529.5064918	-529.4747126	-529.455053	-529.4639529	-529.4618796
2.08	-529.5222372	-529.4729315	-529.465095	-529.4678762	-529.5116159	-529.4753589	-529.455133	-529.5116159	-529.4753589	-529.455133	-529.4651781	-529.4611089	-529.9367623	-529.5169871	-529.4635898	-529.4673707	-529.4559971	-529.5058688	-529.4745702	-529.4545406	-529.5058688	-529.4745702	-529.4545406	-529.4633656	-529.4612925
2.07	-529.5220315	-529.4726734	-529.464484	-529.4674856	-529.5109633	-529.4752059	-529.4545999	-529.5109633	-529.4752059	-529.4545999	-529.4645671	-529.4604976	-529.9360905	-529.5167819	-529.4629781	-529.4673041	-529.4554143	-529.5052219	-529.4744198	-529.4540049	-529.5052219	-529.4744198	-529.4540049	-529.4627536	-529.4606808
2.06	-529.521818	-529.4724321	-529.4638473	-529.467046	-529.5102859	-529.4750444	-529.4540425	-529.5102859	-529.4750444	-529.4540425	-529.4639304	-529.4598607	-529.9353929	-529.5165687	-529.4623407	-529.4672333	-529.4548037	-529.50455	-529.4742608	-529.4534448	-529.50455	-529.4742608	-529.4534448	-529.462116	-529.4600434
2.05	-529.5215962	-529.4722069	-529.4631841	-529.4665574	-529.5095829	-529.474874	-529.4534598	-529.5095829	-529.474874	-529.4534598	-529.4632671	-529.4591971	-529.9346687	-529.5163473	-529.4616766	-529.467158	-529.4541643	-529.5038524	-529.474093	-529.4528594	-529.5038525	-529.474093	-529.4528594	-529.4614518	-529.4593794
2.04	-529.5213659	-529.4719959	-529.4624932	-529.4660199	-529.5088531	-529.4746944	-529.4528509	-529.5088531	-529.4746944	-529.4528509	-529.4625762	-529.458506	-529.9339169	-529.5161171	-529.460985	-529.4670773	-529.4534954	-529.5031281	-529.4739157	-529.4522478	-529.5031281	-529.4739158	-529.4522478	-529.46076	-529.4586878
2.03	-529.5211266	-529.4717968	-529.4617737	-529.4654344	-529.5080956	-529.474505	-529.4522147	-529.5080956	-529.4745051	-529.4522147	-529.4618567	-529.4577862	-529.9331365	-529.515878	-529.4602647	-529.4669909	-529.4527961	-529.5023759	-529.4737288	-529.4516087	-529.5023759	-529.4737288	-529.4516087	-529.4600396	-529.4579675
2.02	-529.520878	-529.4716069	-529.4610244	-529.464802	-529.5073094	-529.4743056	-529.45155	-529.5073094	-529.4743056	-529.45155	-529.4611074	-529.4570366	-529.9323263	-529.5156293	-529.4595147	-529.4668982	-529.4520653	-529.5015949	-529.4735317	-529.4509412	-529.5015949	-529.4735317	-529.4509412	-529.4592893	-529.4572175
2.01	-529.5206196	-529.4714237	-529.4602443	-529.4641237	-529.5064933	-529.4740955	-529.4508559	-529.5064933	-529.4740955	-529.4508559	-529.4603272	-529.4562562	-529.9314856	-529.5153709	-529.458734	-529.4667987	-529.4513026	-529.5007839	-529.4733239	-529.4502441	-529.5007839	-529.4733239	-529.4502441	-529.4585082	-529.4564366
2	-529.520351	-529.4712446	-529.459432	-529.4634003	-529.5056462	-529.4738743	-529.450131	-529.5056462	-529.4738743	-529.450131	-529.459515	-529.4554437	-529.930613	-529.5151022	-529.457921	-529.4666914	-529.450506	-529.4999418	-529.473105	-529.4495163	-529.4999418	-529.473105	-529.4495163	-529.457695	-529.4556236
1.99	-529.5200718	-529.4710673	-529.4585866	-529.4626325	-529.5047669	-529.4736416	-529.4493742	-529.5047669	-529.4736416	-529.4493742	-529.4586694	-529.454598	-529.9297074	-529.5148228	-529.4570747	-529.4665759	-529.4496748	-529.4990674	-529.4728744	-529.4487564	-529.4990675	-529.4728744	-529.4487564	-529.4568486	-529.4547774
1.98	-529.5197814	-529.4708895	-529.4577066	-529.4618208	-529.5038543	-529.4733968	-529.4485842	-529.5038543	-529.4733968	-529.4485842	-529.4577894	-529.4537177	-529.9287676	-529.5145322	-529.4561939	-529.4664516	-529.448808	-529.4981596	-529.4726317	-529.4479634	-529.4981596	-529.4726317	-529.4479634	-529.4559676	-529.4538966
1.97	-529.5194795	-529.4707094	-529.4567908	-529.4609651	-529.5029071	-529.4731393	-529.4477597	-529.5029071	-529.4731393	-529.4477597	-529.4568736	-529.4528016	-529.9277925	-529.51423	-529.4552773	-529.4663179	-529.4479042	-529.4972169	-529.4723763	-529.4471358	-529.4972169	-529.4723763	-529.4471358	-529.4550508	-529.4529801
1.96	-529.5191654	-529.4705251	-529.4558378	-529.4600654	-529.501924	-529.4728686	-529.4468994	-529.5019239	-529.4728686	-529.4468994	-529.4559206	-529.4518484	-529.9267807	-529.5139156	-529.4543236	-529.466174	-529.4469624	-529.4962383	-529.4721077	-529.4462725	-529.4962383	-529.4721077	-529.4462725	-529.4540969	-529.4520264
1.95	-529.5188388	-529.4703351	-529.4548463	-529.4591212	-529.5009036	-529.4725842	-529.446002	-529.5009036	-529.4725842	-529.446002	-529.4549291	-529.4508567	-529.9257309	-529.5135885	-529.4533314	-529.4660192	-529.445981	-529.4952222	-529.4718252	-529.4453719	-529.4952222	-529.4718252	-529.4453719	-529.4531044	-529.4510342
1.94	-529.5184991	-529.4701382	-529.4538149	-529.4581322	-529.4998445	-529.4722853	-529.4450658	-529.4998445	-529.4722853	-529.4450658	-529.4538976	-529.449825	-529.9246417	-529.5132482	-529.4522991	-529.4658529	-529.4449589	-529.4941673	-529.4715281	-529.4444326	-529.4941673	-529.4715281	-529.4444326	-529.452072	-529.450002
1.93	-529.5181456	-529.4699324	-529.452742	-529.4570971	-529.4987454	-529.4719713	-529.4440896	-529.4987454	-529.4719713	-529.4440896	-529.4528246	-529.4487519	-529.9235119	-529.5128941	-529.4512254	-529.4656743	-529.4438946	-529.4930721	-529.4712159	-529.4434531	-529.4930722	-529.4712159	-529.4434531	-529.4509981	-529.4489283
1.92	-529.5177777	-529.4697167	-529.4516261	-529.4560153	-529.4976048	-529.4716416	-529.4430718	-529.4976048	-529.4716416	-529.4430718	-529.4517087	-529.4476358	-529.9223399	-529.5125258	-529.4501087	-529.4654828	-529.4427868	-529.4919353	-529.4708879	-529.4424319	-529.4919353	-529.4708879	-529.4424319	-529.4498813	-529.4478117
1.91	-529.517395	-529.4694913	-529.4504657	-529.4548859	-529.4964211	-529.4712954	-529.4420107	-529.4964211	-529.4712954	-529.4420107	-529.4505482	-529.4464751	-529.9211242	-529.5121422	-529.4489475	-529.4652773	-529.4416337	-529.4907552	-529.4705434	-529.4413675	-529.4907552	-529.4705434	-529.4413675	-529.4487199	-529.4466506
1.9	-529.5169966	-529.4692522	-529.449259	-529.4537072	-529.4951927	-529.470932	-529.4409047	-529.4951927	-529.470932	-529.4409047	-529.4493415	-529.4452683	-529.9198632	-529.511743	-529.4477402	-529.4650571	-529.4404339	-529.4895302	-529.4701816	-529.4402582	-529.4895302	-529.4701816	-529.4402582	-529.4475123	-529.4454432
1.895	-529.5167909	-529.4691275	-529.4486379	-529.4530993	-529.4945615	-529.4707436	-529.4403344	-529.4945615	-529.4707436	-529.4403344	-529.4487204	-529.4446472	-529.9192154	-529.5115374	-529.4471189	-529.4649412	-529.4398161	-529.4889004	-529.4699939	-529.4396861	-529.4889004	-529.4699939	-529.4396861	-529.4468909	-529.4448218
1.89	-529.5165815	-529.4689995	-529.4480046	-529.4524784	-529.4939182	-529.4705507	-529.4397522	-529.4939182	-529.4705507	-529.4397522	-529.448087	-529.4440138	-529.9185556	-529.5113276	-529.4464852	-529.4648213	-529.4391859	-529.4882588	-529.4698017	-529.4391022	-529.4882588	-529.4698017	-529.4391022	-529.446257	-529.444188
1.885	-529.5163679	-529.4688678	-529.4473588	-529.4518445	-529.493263	-529.470353	-529.4391579	-529.493263	-529.470353	-529.4391579	-529.4474412	-529.4433679	-529.9178836	-529.5111135	-529.445839	-529.4646973	-529.4385431	-529.487605	-529.4696047	-529.4385062	-529.4876051	-529.4696047	-529.4385062	-529.4456108	-529.4435419
1.88	-529.5161499	-529.4687324	-529.4467004	-529.4511974	-529.4925955	-529.4701506	-529.4385513	-529.4925955	-529.4701506	-529.4385513	-529.4467827	-529.4427094	-529.9171994	-529.510895	-529.4451803	-529.464569	-529.4378876	-529.4869391	-529.4694029	-529.4378979	-529.4869391	-529.4694029	-529.4378979	-529.4449519	-529.4428832
1.875	-529.5159275	-529.468593	-529.4460291	-529.450537	-529.4919156	-529.4699432	-529.4379322	-529.4919156	-529.4699432	-529.4379322	-529.4461114	-529.442038	-529.9165026	-529.5106721	-529.4445086	-529.4644364	-529.4372192	-529.4862606	-529.4691962	-529.4372771	-529.4862606	-529.4691962	-529.4372771	-529.4442802	-529.4422115
1.87	-529.5157006	-529.4684495	-529.4453447	-529.4498631	-529.491223	-529.4697309	-529.4373003	-529.491223	-529.4697309	-529.4373003	-529.445427	-529.4413536	-529.9157931	-529.5104447	-529.4438239	-529.4642994	-529.4365376	-529.4855694	-529.4689845	-529.4366435	-529.4855694	-529.4689845	-529.4366435	-529.4435953	-529.4415268
1.865	-529.5154691	-529.4683018	-529.4446471	-529.4491754	-529.4905176	-529.4695134	-529.4366554	-529.4905176	-529.4695134	-529.4366554	-529.4447293	-529.4406558	-529.9150706	-529.5102126	-529.4431258	-529.4641577	-529.4358425	-529.4848653	-529.4687676	-529.4359968	-529.4848653	-529.4687676	-529.4359968	-529.4428972	-529.4408288
1.86	-529.5152329	-529.4681498	-529.4439358	-529.4484737	-529.489799	-529.4692907	-529.4359972	-529.489799	-529.4692907	-529.4359972	-529.444018	-529.4399445	-529.9143348	-529.5099758	-529.4424142	-529.4640114	-529.4351339	-529.484148	-529.4685455	-529.435337	-529.484148	-529.4685455	-529.435337	-529.4421854	-529.4401172
1.855	-529.5149918	-529.4679932	-529.4432107	-529.4477579	-529.4890671	-529.4690626	-529.4353256	-529.4890671	-529.4690627	-529.4353256	-529.4432929	-529.4392193	-529.9135857	-529.5097342	-529.4416887	-529.4638602	-529.4344113	-529.4834173	-529.468318	-529.4346636	-529.4834173	-529.468318	-529.4346636	-529.4414599	-529.4393918
1.85	-529.5147458	-529.467832	-529.4424716	-529.4470276	-529.4883216	-529.4688291	-529.4346403	-529.4883216	-529.4688291	-529.4346403	-529.4425537	-529.4384801	-529.9128229	-529.5094876	-529.4409492	-529.463704	-529.4336747	-529.482673	-529.468085	-529.4339765	-529.482673	-529.468085	-529.4339765	-529.4407203	-529.4386523
1.845	-529.5144948	-529.467666	-529.4417182	-529.4462827	-529.487562	-529.46859	-529.433941	-529.4875622	-529.46859	-529.433941	-529.4418002	-529.4377266	-529.9120462	-529.509236	-529.4401954	-529.4635427	-529.4329236	-529.4819147	-529.4678463	-529.4332754	-529.4819147	-529.4678463	-529.4332754	-529.4399664	-529.4378986
1.84	-529.5142387	-529.4674951	-529.4409502	-529.4455228	-529.4867886	-529.4683452	-529.4332274	-529.4867888	-529.4683452	-529.4332274	-529.4410322	-529.4369585	-529.9112553	-529.5089793	-529.4394271	-529.4633762	-529.432158	-529.4811423	-529.467602	-529.4325601	-529.4811423	-529.467602	-529.4325601	-529.439198	-529.4371302
1.835	-529.5139773	-529.467319	-529.4401673	-529.4447479	-529.4860008	-529.4680945	-529.4324994	-529.4860008	-529.4680946	-529.4324994	-529.4402493	-529.4361756	-529.9104501	-529.5087173	-529.4386439	-529.4632044	-529.4313775	-529.4803556	-529.4673518	-529.4318302	-529.4803556	-529.4673518	-529.4318302	-529.4384147	-529.4363471
1.83	-529.5137106	-529.4671377	-529.4393694	-529.4439576	-529.4851985	-529.4678379	-529.4317565	-529.4851985	-529.4678379	-529.4317565	-529.4394513	-529.4353777	-529.9096303	-529.5084499	-529.4378456	-529.463027	-529.4305818	-529.4795542	-529.4670956	-529.4310856	-529.4795542	-529.4670956	-529.4310856	-529.4376164	-529.4355488
1.825	-529.5134384	-529.466951	-529.4385561	-529.4431516	-529.4843813	-529.4675752	-529.4309987	-529.4843813	-529.4675752	-529.4309987	-529.438638	-529.4345643	-529.9087956	-529.508177	-529.437032	-529.4628439	-529.4297708	-529.4787378	-529.4668332	-529.4303259	-529.4787378	-529.4668332	-529.4303259	-529.4368027	-529.4347353
1.82	-529.5131607	-529.4667587	-529.4377272	-529.4423298	-529.483549	-529.4673063	-529.4302256	-529.483549	-529.4673063	-529.4302256	-529.4378091	-529.4337354	-529.9079457	-529.5078985	-529.4362028	-529.4626551	-529.4289441	-529.4779063	-529.4665646	-529.429551	-529.4779063	-529.4665646	-529.429551	-529.4359733	-529.433906
1.815	-529.5128772	-529.4665607	-529.4368824	-529.4414918	-529.4827014	-529.467031	-529.4294369	-529.4827014	-529.467031	-529.4294369	-529.4369642	-529.4328905	-529.9070805	-529.5076143	-529.4353576	-529.4624603	-529.4281015	-529.4770594	-529.4662896	-529.4287605	-529.4770594	-529.4662896	-529.4287605	-529.4351281	-529.4330609
1.81	-529.5125879	-529.4663569	-529.4360215	-529.4406374	-529.4818381	-529.4667492	-529.4286323	-529.4818381	-529.4667492	-529.4286323	-529.4361032	-529.4320295	-529.9061995	-529.5073243	-529.4344963	-529.4622594	-529.4272427	-529.4761968	-529.466008	-529.4279541	-529.4761968	-529.466008	-529.4279541	-529.4342667	-529.4321996
1.805	-529.5122927	-529.466147	-529.435144	-529.4397663	-529.4809588	-529.4664607	-529.4278115	-529.4809588	-529.4664607	-529.4278115	-529.4352257	-529.431152	-529.9053027	-529.5070283	-529.4336185	-529.4620521	-529.4263675	-529.4753182	-529.4657198	-529.4271315	-529.4753182	-529.4657198	-529.4271315	-529.4333888	-529.4313219
1.8	-529.5119914	-529.4659309	-529.4342498	-529.4388782	-529.4800634	-529.4661654	-529.4269744	-529.4800634	-529.4661655	-529.4269744	-529.4343314	-529.4302577	-529.9043897	-529.5067262	-529.432724	-529.4618385	-529.4254754	-529.4744233	-529.4654248	-529.4262926	-529.4744233	-529.4654248	-529.4262926	-529.4324942	-529.4304274
1.795	-529.5116839	-529.4657084	-529.4333385	-529.4379729	-529.4791515	-529.4658632	-529.4261205	-529.4791515	-529.4658632	-529.4261205	-529.4334201	-529.4293464	-529.9034602	-529.5064178	-529.4318124	-529.4616184	-529.4245663	-529.4735118	-529.4651228	-529.4254368	-529.4735118	-529.4651228	-529.4254369	-529.4315825	-529.4295158
1.79	-529.5113701	-529.4654793	-529.4324099	-529.43705	-529.4782228	-529.4655539	-529.4252496	-529.4782228	-529.4655539	-529.4252495	-529.4324914	-529.4284178	-529.902514	-529.5061031	-529.4308835	-529.4613914	-529.4236398	-529.4725811	-529.4648097	-529.4245639	-529.4725811	-529.4648097	-529.4245639	-529.4306535	-529.4285869
1.785	-529.5110498	-529.4652422	-529.4314636	-529.4361094	-529.4772771	-529.4652373	-529.4243613	-529.4772771	-529.4652373	-529.4243613	-529.431545	-529.4274715	-529.9015507	-529.5057819	-529.4299369	-529.4611576	-529.4226957	-529.4716356	-529.4644935	-529.4236738	-529.4716356	-529.4644935	-529.4236738	-529.4297068	-529.4276404
1.78	-529.5107229	-529.4649996	-529.4304994	-529.4351505	-529.476314	-529.4649133	-529.4234554	-529.476314	-529.4649133	-529.4234554	-529.4305807	-529.4265072	-529.9005701	-529.505454	-529.4289723	-529.4609167	-529.4217336	-529.470674	-529.4641738	-529.4227653	-529.470674	-529.4641738	-529.4227653	-529.4287422	-529.4266758
