R	H01	H02	H03	H04	H05	H06	H07	H08	H09	H010	H011	H012	H013	H014	H015	H016	H017	H018	H019	H020	H021	H022	H023	H024	H025
11	-529.5544636	-529.5060957	-529.4991074	-529.4990145	-529.554525	-529.4992121	-529.4951252	-529.554525	-529.4992121	-529.4951252	-529.499095	-529.4949998	-529.9793547	-529.5487854	-529.4976853	-529.4976357	-529.4875012	-529.548508	-529.4975092	-529.4953885	-529.548508	-529.4975092	-529.4953885	-529.4973799	-529.4952534
10.8	-529.5544637	-529.5060958	-529.4991073	-529.4990146	-529.5545252	-529.4992121	-529.4951251	-529.5545252	-529.4992121	-529.4951251	-529.4990951	-529.4949999	-529.9793547	-529.5487855	-529.4976851	-529.4976357	-529.487501	-529.5485082	-529.4975091	-529.4953884	-529.5485082	-529.4975091	-529.4953884	-529.49738	-529.4952534
10.6	-529.5544638	-529.5060959	-529.4991072	-529.4990147	-529.5545254	-529.499212	-529.495125	-529.5545254	-529.499212	-529.495125	-529.4990952	-529.4949999	-529.9793547	-529.5487856	-529.497685	-529.4976359	-529.4875006	-529.5485083	-529.497509	-529.4953883	-529.5485083	-529.497509	-529.4953883	-529.4973801	-529.4952535
10.4	-529.5544639	-529.5060961	-529.499107	-529.4990149	-529.5545256	-529.499212	-529.4951247	-529.5545256	-529.4992119	-529.4951247	-529.4990954	-529.495	-529.9793548	-529.5487858	-529.4976855	-529.4976349	-529.4874999	-529.5485085	-529.4975088	-529.4953881	-529.5485085	-529.4975088	-529.4953881	-529.4973803	-529.4952537
10.2	-529.5544641	-529.5060963	-529.4991067	-529.499015	-529.5545258	-529.4992118	-529.4951244	-529.5545258	-529.4992118	-529.4951244	-529.4990973	-529.4950029	-529.9793548	-529.548786	-529.4976851	-529.497635	-529.4874993	-529.5485087	-529.4975086	-529.4953878	-529.5485087	-529.4975086	-529.4953878	-529.4973804	-529.4952538
10	-529.5544642	-529.5060965	-529.4991063	-529.4990152	-529.554526	-529.4992116	-529.495124	-529.554526	-529.4992116	-529.495124	-529.4990974	-529.495003	-529.9793549	-529.5487861	-529.4976845	-529.4976352	-529.4874986	-529.5485088	-529.4975082	-529.4953874	-529.5485088	-529.4975082	-529.4953874	-529.4973805	-529.4952539
9.9	-529.5544643	-529.5060966	-529.4991061	-529.4990153	-529.5545262	-529.4992115	-529.4951237	-529.5545262	-529.4992115	-529.4951237	-529.4990975	-529.495003	-529.9793549	-529.5487862	-529.4976841	-529.4976354	-529.4874982	-529.5485089	-529.497508	-529.4953871	-529.5485089	-529.497508	-529.4953871	-529.4973806	-529.4952539
9.8	-529.5544644	-529.5060966	-529.4991057	-529.4990155	-529.5545263	-529.4992113	-529.4951234	-529.5545263	-529.4992113	-529.4951234	-529.4990976	-529.4950031	-529.9793549	-529.5487863	-529.4976837	-529.4976355	-529.4874977	-529.5485081	-529.4975078	-529.4953868	-529.5485081	-529.4975078	-529.4953868	-529.4973806	-529.495254
9.7	-529.5544645	-529.5060967	-529.4991054	-529.4990156	-529.5545264	-529.4992111	-529.495123	-529.5545264	-529.4992111	-529.495123	-529.4990976	-529.4950032	-529.9793549	-529.5487864	-529.4976832	-529.4976356	-529.4874971	-529.5485082	-529.4975075	-529.4953865	-529.5485082	-529.4975075	-529.4953865	-529.4973807	-529.495254
9.6	-529.5544646	-529.5060968	-529.499105	-529.4990157	-529.5545265	-529.4992108	-529.4951226	-529.5545265	-529.4992108	-529.4951226	-529.4990977	-529.4950032	-529.9793549	-529.5487864	-529.4976826	-529.4976358	-529.4874965	-529.5485083	-529.4975071	-529.4953861	-529.5485083	-529.4975071	-529.4953861	-529.4973807	-529.4952541
9.5	-529.5544647	-529.5060969	-529.4991045	-529.4990159	-529.5545267	-529.4992105	-529.4951221	-529.5545267	-529.4992105	-529.4951221	-529.4990978	-529.4950033	-529.979355	-529.5487865	-529.497682	-529.497636	-529.4874958	-529.5485084	-529.4975067	-529.4953856	-529.5485084	-529.4975067	-529.4953856	-529.4973808	-529.4952541
9.4	-529.5544647	-529.5060969	-529.4991039	-529.4990161	-529.5545268	-529.4992102	-529.4951215	-529.5545268	-529.4992102	-529.4951215	-529.4990979	-529.4950034	-529.979355	-529.5487866	-529.4976812	-529.4976362	-529.487495	-529.5485085	-529.4975062	-529.4953851	-529.5485085	-529.4975062	-529.495385	-529.4973809	-529.4952542
9.3	-529.5544649	-529.506097	-529.4991032	-529.4990162	-529.5545269	-529.4992098	-529.4951208	-529.5545269	-529.4992098	-529.4951208	-529.499098	-529.4950035	-529.979355	-529.5487867	-529.4976803	-529.4976364	-529.487494	-529.5485087	-529.4975056	-529.4953844	-529.5485087	-529.4975056	-529.4953844	-529.497381	-529.4952543
9.2	-529.5544649	-529.506097	-529.4991024	-529.4990165	-529.554527	-529.4992092	-529.49512	-529.554527	-529.4992092	-529.49512	-529.4990981	-529.4950036	-529.9793551	-529.5487868	-529.4976793	-529.4976366	-529.4874929	-529.5485088	-529.497505	-529.4953837	-529.5485088	-529.497505	-529.4953837	-529.4973811	-529.4952542
9.1	-529.5544651	-529.506097	-529.4991014	-529.4990167	-529.5545272	-529.4992086	-529.4951191	-529.5545272	-529.4992086	-529.4951191	-529.4990982	-529.4950037	-529.9793551	-529.5487869	-529.4976781	-529.4976369	-529.4874918	-529.5485089	-529.4975043	-529.4953829	-529.5485089	-529.4975043	-529.4953829	-529.4973812	-529.4952544
9	-529.5544652	-529.506097	-529.4991003	-529.499017	-529.5545273	-529.499208	-529.495118	-529.5545273	-529.499208	-529.4951181	-529.4990984	-529.4950038	-529.9793551	-529.5487871	-529.4976767	-529.4976371	-529.4874904	-529.5485091	-529.4975034	-529.4953819	-529.5485091	-529.4975034	-529.4953819	-529.4973813	-529.4952545
8.9	-529.5544654	-529.506097	-529.4990991	-529.4990173	-529.5545275	-529.4992072	-529.4951169	-529.5545275	-529.4992072	-529.4951169	-529.4990985	-529.495004	-529.9793551	-529.5487873	-529.4976752	-529.4976374	-529.487489	-529.5485092	-529.4975024	-529.4953808	-529.5485092	-529.4975024	-529.4953808	-529.4973814	-529.4952546
8.8	-529.5544655	-529.5060969	-529.4990976	-529.4990176	-529.5545277	-529.4992063	-529.4951156	-529.5545277	-529.4992063	-529.4951156	-529.4990987	-529.4950041	-529.9793551	-529.5487874	-529.4976734	-529.4976378	-529.4874873	-529.5485094	-529.4975013	-529.4953796	-529.5485094	-529.4975013	-529.4953796	-529.4973816	-529.4952548
8.7	-529.5544657	-529.5060968	-529.4990959	-529.4990179	-529.5545279	-529.4992053	-529.4951141	-529.5545279	-529.4992053	-529.4951141	-529.4990988	-529.4950043	-529.9793551	-529.5487876	-529.4976714	-529.4976382	-529.4874854	-529.5485095	-529.4975	-529.4953781	-529.5485095	-529.4975	-529.4953781	-529.4973817	-529.4952549
8.6	-529.5544659	-529.5060967	-529.499094	-529.4990183	-529.5545281	-529.4992041	-529.4951124	-529.5545281	-529.4992041	-529.4951124	-529.499099	-529.4950045	-529.9793549	-529.5487877	-529.497669	-529.4976386	-529.487484	-529.5485097	-529.4974985	-529.4953765	-529.5485097	-529.4974985	-529.4953765	-529.4973813	-529.495255
8.5	-529.5544661	-529.5060964	-529.4990918	-529.4990188	-529.5545283	-529.4992027	-529.4951104	-529.5545283	-529.4992027	-529.4951104	-529.4990992	-529.4950047	-529.9793549	-529.5487879	-529.4976664	-529.4976391	-529.4874816	-529.5485098	-529.4974968	-529.4953746	-529.5485098	-529.4974968	-529.4953746	-529.4973815	-529.4952552
8.4	-529.5544663	-529.5060961	-529.4990892	-529.4990193	-529.5545287	-529.4992013	-529.4951081	-529.5545287	-529.4992013	-529.4951081	-529.4990994	-529.4950049	-529.9793549	-529.548788	-529.4976633	-529.4976397	-529.4874789	-529.54851	-529.4974951	-529.4953726	-529.54851	-529.4974951	-529.4953726	-529.4973817	-529.4952554
8.3	-529.5544665	-529.5060958	-529.4990863	-529.4990199	-529.5545289	-529.4991995	-529.4951056	-529.5545289	-529.4991995	-529.4951056	-529.4990997	-529.4950051	-529.979355	-529.548788	-529.4976592	-529.4976403	-529.487475	-529.5485102	-529.4974929	-529.4953702	-529.5485102	-529.4974929	-529.4953702	-529.4973819	-529.4952556
8.2	-529.5544668	-529.5060952	-529.4990829	-529.4990205	-529.5545292	-529.4991974	-529.4951027	-529.5545292	-529.4991974	-529.4951027	-529.4990999	-529.4950054	-529.979355	-529.5487882	-529.4976552	-529.497641	-529.4874716	-529.5485103	-529.4974904	-529.4953674	-529.5485104	-529.4974904	-529.4953674	-529.4973822	-529.4952559
8.1	-529.5544714	-529.5061034	-529.4990912	-529.4990259	-529.5545295	-529.4991952	-529.4951	-529.5545295	-529.4991952	-529.4951	-529.4991031	-529.4950093	-529.979355	-529.5487894	-529.4976391	-529.497657	-529.4874689	-529.5485135	-529.4974901	-529.4953687	-529.5485136	-529.49749	-529.4953687	-529.4973842	-529.4952582
8	-529.5544716	-529.5061027	-529.4990868	-529.4990268	-529.5545298	-529.4991924	-529.4950963	-529.5545298	-529.4991924	-529.4950963	-529.4991034	-529.4950096	-529.979355	-529.5487895	-529.4976395	-529.4976524	-529.4874646	-529.5485138	-529.4974868	-529.495365	-529.5485137	-529.4974868	-529.495365	-529.4973846	-529.4952585
7.9	-529.5544719	-529.5061018	-529.4990817	-529.4990277	-529.5545301	-529.4991893	-529.4950921	-529.5545301	-529.4991893	-529.4950921	-529.4991038	-529.49501	-529.9793551	-529.5487896	-529.4976399	-529.4976472	-529.4874599	-529.5485139	-529.4974832	-529.4953609	-529.5485138	-529.4974831	-529.4953609	-529.4973849	-529.4952589
7.8	-529.5544721	-529.5061007	-529.4990759	-529.4990287	-529.5545304	-529.4991857	-529.4950873	-529.5545304	-529.4991857	-529.4950873	-529.4991042	-529.4950104	-529.9793553	-529.5487894	-529.49764	-529.4976411	-529.4874545	-529.548514	-529.497479	-529.4953562	-529.5485139	-529.497479	-529.4953562	-529.4973853	-529.4952593
7.7	-529.5544723	-529.5060994	-529.4990693	-529.4990299	-529.5545307	-529.4991817	-529.495082	-529.5545307	-529.4991817	-529.495082	-529.4991046	-529.4950109	-529.9793553	-529.5487893	-529.4976405	-529.4976344	-529.4874486	-529.548514	-529.4974744	-529.4953509	-529.548514	-529.4974744	-529.4953509	-529.4973858	-529.4952597
7.6	-529.5544724	-529.5060979	-529.4990618	-529.4990312	-529.5545309	-529.499177	-529.4950759	-529.5545309	-529.499177	-529.4950759	-529.4991051	-529.4950114	-529.9793554	-529.5487893	-529.497641	-529.4976267	-529.487442	-529.548514	-529.4974691	-529.4953449	-529.548514	-529.4974691	-529.4953449	-529.4973863	-529.4952602
7.5	-529.5544725	-529.506096	-529.4990251	-529.4990608	-529.5545311	-529.4991718	-529.495069	-529.5545311	-529.4991718	-529.495069	-529.4991056	-529.495012	-529.9793555	-529.5487892	-529.4976416	-529.4976181	-529.4874347	-529.5485139	-529.4974632	-529.495338	-529.5485139	-529.4974632	-529.495338	-529.4973869	-529.4952608
7.4	-529.5544726	-529.5060937	-529.4990257	-529.499052	-529.5545312	-529.4991659	-529.4950612	-529.5545312	-529.4991659	-529.4950612	-529.4991062	-529.4950126	-529.9793556	-529.548789	-529.4976422	-529.4976083	-529.4874265	-529.5485138	-529.4974565	-529.4953302	-529.5485137	-529.4974565	-529.4953302	-529.4973875	-529.4952614
7.3	-529.5544725	-529.5060911	-529.4990264	-529.499042	-529.5545314	-529.4991592	-529.4950524	-529.5545314	-529.4991592	-529.4950524	-529.4991069	-529.4950134	-529.9793557	-529.5487887	-529.497643	-529.4975973	-529.4874174	-529.5485135	-529.4974491	-529.4953214	-529.5485135	-529.4974491	-529.4953214	-529.4973882	-529.4952621
7.2	-529.5544725	-529.5060881	-529.4990273	-529.4990307	-529.5545314	-529.4991516	-529.4950425	-529.5545314	-529.4991516	-529.4950425	-529.4991076	-529.4950142	-529.9793557	-529.5487882	-529.4976438	-529.4975849	-529.4874073	-529.5485131	-529.4974408	-529.4953113	-529.5485131	-529.4974408	-529.4953113	-529.497389	-529.4952629
7.1	-529.5544723	-529.5060846	-529.4990282	-529.4990177	-529.5545314	-529.499143	-529.4950313	-529.5545314	-529.499143	-529.4950313	-529.4991085	-529.4950152	-529.9793558	-529.5487876	-529.4976447	-529.4975709	-529.4873961	-529.5485126	-529.4974316	-529.4952999	-529.5485126	-529.4974316	-529.4952999	-529.4973899	-529.4952638
7	-529.5544719	-529.5060804	-529.4990291	-529.4990031	-529.5545313	-529.4991334	-529.4950187	-529.5545313	-529.4991334	-529.4950187	-529.4991095	-529.4950162	-529.9793559	-529.5487868	-529.4976457	-529.4975551	-529.4873836	-529.5485119	-529.4974213	-529.495287	-529.5485119	-529.4974213	-529.495287	-529.4973909	-529.4952648
6.9	-529.5544714	-529.5060757	-529.4990303	-529.4989865	-529.554531	-529.4991227	-529.4950045	-529.554531	-529.4991227	-529.4950045	-529.4991105	-529.4950174	-529.9793561	-529.5487857	-529.4976468	-529.4975373	-529.4873697	-529.548511	-529.49741	-529.4952724	-529.548511	-529.49741	-529.4952724	-529.4973921	-529.4952662
6.8	-529.5544706	-529.50607	-529.4990316	-529.4989677	-529.5545306	-529.4991106	-529.4949885	-529.5545306	-529.4991106	-529.4949885	-529.4991117	-529.4950187	-529.9793563	-529.5487843	-529.4976481	-529.4975174	-529.4873544	-529.5485098	-529.4973975	-529.4952557	-529.5485098	-529.4973975	-529.4952557	-529.4973934	-529.4952675
6.7	-529.5544695	-529.5060636	-529.499033	-529.4989464	-529.5545299	-529.4990971	-529.4949704	-529.5545299	-529.4990971	-529.4949704	-529.4991131	-529.4950201	-529.9793565	-529.5487828	-529.4976499	-529.4974953	-529.4873376	-529.5485084	-529.4973837	-529.4952369	-529.5485084	-529.4973837	-529.4952369	-529.4973948	-529.495269
6.6	-529.5544682	-529.5060562	-529.4990347	-529.4989224	-529.554529	-529.4990821	-529.4949501	-529.554529	-529.4990821	-529.4949501	-529.4991146	-529.4950217	-529.9793567	-529.5487805	-529.4976515	-529.4974704	-529.4873189	-529.5485066	-529.4973686	-529.4952155	-529.5485065	-529.4973686	-529.4952155	-529.4973964	-529.4952707
6.5	-529.5544664	-529.5060477	-529.4990364	-529.4988952	-529.5545308	-529.4990658	-529.494928	-529.5545308	-529.4990658	-529.494928	-529.4991163	-529.4950236	-529.9793573	-529.5487778	-529.4976532	-529.4974426	-529.4872985	-529.5485042	-529.497352	-529.4951911	-529.5485042	-529.497352	-529.4951911	-529.4973982	-529.4952719
6.4	-529.5544641	-529.506038	-529.4990384	-529.4988645	-529.5545291	-529.4990474	-529.4949023	-529.5545291	-529.4990474	-529.4949023	-529.4991181	-529.4950256	-529.9793576	-529.5487745	-529.4976553	-529.4974115	-529.4872756	-529.5485012	-529.497334	-529.4951633	-529.5485012	-529.497334	-529.4951633	-529.4974003	-529.495274
6.3	-529.5544611	-529.5060271	-529.4990406	-529.4988299	-529.5545271	-529.4990269	-529.4948733	-529.5545271	-529.4990269	-529.4948733	-529.4991203	-529.4950279	-529.9793577	-529.5487703	-529.4976576	-529.497377	-529.48725	-529.5484976	-529.4973146	-529.4951317	-529.5484976	-529.4973146	-529.4951317	-529.4974025	-529.4952764
6.2	-529.5544574	-529.5060146	-529.4990431	-529.4987909	-529.5545244	-529.4990044	-529.4948407	-529.5545244	-529.4990044	-529.4948407	-529.4991228	-529.4950308	-529.9793582	-529.5487654	-529.4976601	-529.4973386	-529.4872222	-529.5484935	-529.4972939	-529.4950961	-529.5484936	-529.4972939	-529.4950961	-529.497405	-529.495279
6.1	-529.5544528	-529.5060006	-529.4990459	-529.498747	-529.5545209	-529.4989798	-529.494804	-529.5545209	-529.4989798	-529.494804	-529.499125	-529.4950338	-529.9793588	-529.5487594	-529.4976629	-529.497296	-529.4871915	-529.5484882	-529.4972716	-529.4950553	-529.5484882	-529.4972716	-529.4950553	-529.4974079	-529.495282
6	-529.554447	-529.5059849	-529.499049	-529.4986976	-529.5545167	-529.4989528	-529.4947627	-529.5545167	-529.4989528	-529.4947627	-529.4991281	-529.495037	-529.9793593	-529.5487521	-529.4976661	-529.4972489	-529.4871576	-529.5484818	-529.4972479	-529.4950088	-529.5484819	-529.4972479	-529.4950088	-529.4974106	-529.4952847
5.95	-529.5544437	-529.5059763	-529.4990507	-529.4986706	-529.5545142	-529.4989384	-529.4947402	-529.5545142	-529.4989384	-529.4947402	-529.4991298	-529.4950388	-529.9793597	-529.5487479	-529.4976679	-529.4972235	-529.4871394	-529.5484781	-529.4972356	-529.4949832	-529.5484782	-529.4972356	-529.4949832	-529.4974123	-529.4952865
5.9	-529.55444	-529.5059673	-529.4990525	-529.4986421	-529.5545114	-529.4989234	-529.4947162	-529.5545114	-529.4989234	-529.4947162	-529.4991315	-529.4950407	-529.97936	-529.5487433	-529.4976696	-529.4971965	-529.4871202	-529.5484739	-529.497223	-529.4949559	-529.5484741	-529.497223	-529.4949559	-529.4974142	-529.4952884
5.85	-529.5544346	-529.5059565	-529.4990537	-529.498611	-529.5545085	-529.498908	-529.4946911	-529.5545085	-529.498908	-529.4946911	-529.4991353	-529.4950444	-529.9793601	-529.54874	-529.4976715	-529.4971675	-529.4871005	-529.5484699	-529.4972106	-529.494927	-529.5484699	-529.4972106	-529.494927	-529.4974207	-529.4952935
5.8	-529.5544301	-529.5059463	-529.4990556	-529.4985788	-529.554505	-529.4988918	-529.4946642	-529.554505	-529.4988918	-529.4946642	-529.4991373	-529.4950465	-529.9793605	-529.5487345	-529.4976735	-529.4971381	-529.4870795	-529.5484651	-529.4971975	-529.4948959	-529.5484651	-529.4971975	-529.4948959	-529.4974228	-529.4952957
5.75	-529.5544251	-529.5059355	-529.4990577	-529.4985447	-529.5545011	-529.4988749	-529.4946356	-529.5545011	-529.498875	-529.4946356	-529.4991395	-529.4950488	-529.9793609	-529.5487286	-529.4976757	-529.4971072	-529.4870576	-529.5484599	-529.4971842	-529.4948628	-529.5484599	-529.4971842	-529.4948628	-529.4974251	-529.4952981
5.7	-529.5544196	-529.5059242	-529.4990599	-529.4985085	-529.5544969	-529.4988575	-529.4946052	-529.5544969	-529.4988575	-529.4946053	-529.4991417	-529.4950512	-529.9793632	-529.5487219	-529.4976775	-529.4970746	-529.4870359	-529.5484541	-529.4971707	-529.4948274	-529.5484541	-529.4971707	-529.4948274	-529.4974275	-529.4953006
5.65	-529.5544135	-529.5059122	-529.4990623	-529.4984702	-529.5544922	-529.4988394	-529.4945731	-529.5544922	-529.4988394	-529.4945731	-529.4991441	-529.4950538	-529.9793637	-529.5487148	-529.4976799	-529.4970407	-529.4870118	-529.5484477	-529.497157	-529.4947897	-529.5484477	-529.497157	-529.4947897	-529.4974301	-529.4953032
5.6	-529.5544075	-529.5059019	-529.499066	-529.498431	-529.5544871	-529.4988207	-529.494539	-529.5544871	-529.4988207	-529.494539	-529.4991467	-529.4950565	-529.9793642	-529.5487068	-529.4976822	-529.497005	-529.4869865	-529.5484408	-529.4971433	-529.4947495	-529.5484408	-529.4971433	-529.4947495	-529.4974328	-529.495306
5.55	-529.5544002	-529.5058889	-529.4990687	-529.4983881	-529.5544814	-529.4988015	-529.4945028	-529.5544814	-529.4988015	-529.4945028	-529.4991494	-529.4950594	-529.9793647	-529.5486984	-529.4976849	-529.4969678	-529.48696	-529.5484333	-529.4971294	-529.4947067	-529.5484333	-529.4971294	-529.4947067	-529.4974356	-529.495309
5.5	-529.5543922	-529.5058754	-529.4990716	-529.4983428	-529.5544752	-529.4987816	-529.4944644	-529.5544752	-529.4987816	-529.4944644	-529.4991523	-529.4950624	-529.9793653	-529.5486893	-529.4976878	-529.496929	-529.4869323	-529.5484251	-529.4971156	-529.4946611	-529.5484251	-529.4971156	-529.4946611	-529.4974387	-529.4953122
5.45	-529.5543835	-529.5058613	-529.4990747	-529.4982948	-529.5544683	-529.4987611	-529.4944237	-529.5544683	-529.4987611	-529.4944237	-529.4991554	-529.4950657	-529.979366	-529.5486794	-529.4976908	-529.4968884	-529.4869033	-529.5484162	-529.4971018	-529.4946126	-529.5484162	-529.4971018	-529.4946126	-529.4974419	-529.4953155
5.4	-529.554374	-529.5058466	-529.499078	-529.498244	-529.5544608	-529.4987401	-529.4943805	-529.5544608	-529.4987402	-529.4943805	-529.4991586	-529.4950691	-529.9793665	-529.548669	-529.4976947	-529.4968466	-529.4868725	-529.5484065	-529.4970881	-529.494561	-529.5484065	-529.4970881	-529.494561	-529.4974453	-529.4953191
5.35	-529.5543635	-529.5058312	-529.4990814	-529.4981904	-529.5544525	-529.4987186	-529.4943347	-529.5544525	-529.4987187	-529.4943347	-529.499162	-529.4950728	-529.9793673	-529.5486574	-529.4976995	-529.4968027	-529.4868411	-529.548396	-529.4970745	-529.4945061	-529.548396	-529.4970745	-529.4945061	-529.4974491	-529.4953228
5.3	-529.5543521	-529.5058152	-529.4990851	-529.4981336	-529.5544435	-529.4986967	-529.4942862	-529.5544435	-529.4986967	-529.4942862	-529.4991657	-529.4950767	-529.9793681	-529.5486447	-529.4977032	-529.4967566	-529.4868079	-529.5483846	-529.4970611	-529.4944478	-529.5483846	-529.4970611	-529.4944478	-529.4974529	-529.4953268
5.25	-529.5543397	-529.5057986	-529.499089	-529.4980735	-529.5544336	-529.4986742	-529.4942348	-529.5544336	-529.4986742	-529.4942348	-529.4991695	-529.4950808	-529.979369	-529.5486309	-529.4977072	-529.4967087	-529.4867732	-529.5483722	-529.497048	-529.4943858	-529.5483722	-529.497048	-529.4943858	-529.4974569	-529.4953309
5.2	-529.5543261	-529.5057814	-529.4990932	-529.4980101	-529.5544227	-529.4986514	-529.4941803	-529.5544227	-529.4986514	-529.4941803	-529.4991736	-529.4950851	-529.97937	-529.548616	-529.4977115	-529.4966589	-529.4867369	-529.5483587	-529.4970351	-529.49432	-529.5483587	-529.4970351	-529.49432	-529.4974612	-529.4953354
5.15	-529.5543113	-529.5057636	-529.4990976	-529.497943	-529.5544109	-529.4986282	-529.4941225	-529.5544109	-529.4986282	-529.4941225	-529.499178	-529.4950897	-529.9793709	-529.5485983	-529.4977155	-529.4966066	-529.4866991	-529.5483441	-529.4970226	-529.4942503	-529.5483442	-529.4970227	-529.4942503	-529.4974658	-529.49534
5.1	-529.5542951	-529.5057452	-529.4991023	-529.4978722	-529.554398	-529.4986048	-529.4940614	-529.554398	-529.4986048	-529.4940614	-529.4991826	-529.4950946	-529.979372	-529.5485809	-529.4977204	-529.4965544	-529.4866598	-529.5483284	-529.4970106	-529.4941764	-529.5483284	-529.4970106	-529.4941764	-529.4974706	-529.495345
5.05	-529.5542776	-529.5057262	-529.4991073	-529.4977975	-529.554384	-529.4985811	-529.4939968	-529.554384	-529.4985811	-529.4939968	-529.4991875	-529.4950998	-529.9793732	-529.5485626	-529.4977259	-529.4964988	-529.4866182	-529.5483113	-529.496999	-529.4940982	-529.5483113	-529.496999	-529.4940982	-529.4974757	-529.4953503
5	-529.5542585	-529.5057067	-529.4991126	-529.4977185	-529.5543687	-529.4985573	-529.4939284	-529.5543687	-529.4985573	-529.4939284	-529.4991927	-529.4951053	-529.9793747	-529.5485423	-529.4977312	-529.4964407	-529.4865756	-529.5482928	-529.496988	-529.4940156	-529.5482928	-529.496988	-529.4940156	-529.4974812	-529.4953559
4.95	-529.5542378	-529.5056866	-529.4991182	-529.4976353	-529.5543522	-529.4985333	-529.493856	-529.5543522	-529.4985333	-529.493856	-529.4991983	-529.4951111	-529.9793761	-529.5485215	-529.4977369	-529.4963796	-529.4865305	-529.5482729	-529.4969775	-529.4939284	-529.5482729	-529.4969775	-529.4939284	-529.497487	-529.4953619
4.9	-529.5542153	-529.5056659	-529.4991241	-529.4975474	-529.5543341	-529.4985093	-529.4937795	-529.5543341	-529.4985093	-529.4937795	-529.4992042	-529.4951172	-529.9793773	-529.5484966	-529.497743	-529.4963192	-529.4864831	-529.5482515	-529.4969678	-529.4938363	-529.5482515	-529.4969678	-529.4938363	-529.497493	-529.4953681
4.85	-529.5541909	-529.5056448	-529.4991303	-529.4974549	-529.5543145	-529.4984853	-529.4936988	-529.5543145	-529.4984853	-529.4936988	-529.4992104	-529.4951238	-529.9793789	-529.5484709	-529.4977494	-529.4962552	-529.4864343	-529.5482283	-529.4969588	-529.4937393	-529.5482284	-529.4969588	-529.4937393	-529.4974994	-529.4953747
4.8	-529.5541645	-529.5056233	-529.499137	-529.4973573	-529.5542932	-529.4984615	-529.4936137	-529.5542932	-529.4984616	-529.4936137	-529.4992171	-529.4951307	-529.9793805	-529.5484433	-529.4977562	-529.4961892	-529.4863834	-529.5482034	-529.4969505	-529.4936373	-529.5482034	-529.4969505	-529.4936373	-529.4975063	-529.4953817
4.75	-529.554137	-529.5056017	-529.4991442	-529.4972548	-529.5542702	-529.498438	-529.4935239	-529.5542702	-529.498438	-529.4935239	-529.4992242	-529.4951383	-529.9793825	-529.5484141	-529.4977634	-529.4961197	-529.4863305	-529.5481766	-529.496943	-529.4935301	-529.5481766	-529.496943	-529.4935301	-529.4975136	-529.4953892
4.7	-529.5541061	-529.5055795	-529.4991517	-529.4971469	-529.5542453	-529.4984149	-529.4934294	-529.554246	-529.4984149	-529.4934294	-529.4992318	-529.4951461	-529.9793844	-529.5483823	-529.4977711	-529.4960497	-529.4862753	-529.5481477	-529.4969364	-529.4934176	-529.5481477	-529.4969365	-529.4934176	-529.4975213	-529.4953971
4.65	-529.554072	-529.5055559	-529.4991587	-529.4970323	-529.5542183	-529.4983921	-529.49333	-529.5542183	-529.4983921	-529.49333	-529.4992386	-529.4951512	-529.9793865	-529.5483492	-529.4977792	-529.4959778	-529.4862185	-529.5481164	-529.4969304	-529.4932992	-529.5481164	-529.4969304	-529.4932992	-529.4975294	-529.4954056
4.6	-529.554036	-529.5055333	-529.4991672	-529.4969131	-529.5541892	-529.49837	-529.4932255	-529.5541892	-529.49837	-529.4932255	-529.499247	-529.4951599	-529.9793886	-529.5483125	-529.4977878	-529.495904	-529.4861592	-529.5480831	-529.4969257	-529.4931758	-529.5480831	-529.4969257	-529.4931758	-529.4975381	-529.4954145
4.55	-529.5539966	-529.5055105	-529.4991757	-529.4967867	-529.5541578	-529.4983485	-529.4931159	-529.5541578	-529.4983485	-529.4931159	-529.4992573	-529.4951725	-529.9793908	-529.5482735	-529.4977972	-529.4958285	-529.4860979	-529.5480474	-529.4969221	-529.4930469	-529.5480474	-529.4969221	-529.4930469	-529.4975474	-529.4954239
4.5	-529.5539551	-529.5054889	-529.4991857	-529.4966562	-529.554124	-529.4983278	-529.493001	-529.554124	-529.4983278	-529.493001	-529.4992668	-529.4951824	-529.9793932	-529.5482316	-529.497807	-529.4957514	-529.4860343	-529.5480098	-529.4969196	-529.4929124	-529.5480099	-529.4969197	-529.4929124	-529.4975572	-529.495434
4.45	-529.5539103	-529.5054663	-529.499196	-529.4965191	-529.5540875	-529.498308	-529.4928807	-529.5540875	-529.4983081	-529.4928807	-529.4992771	-529.495193	-529.9793959	-529.5481866	-529.4978174	-529.4956727	-529.4859686	-529.5479688	-529.4969183	-529.4927724	-529.5479689	-529.4969183	-529.4927724	-529.4975677	-529.4954447
4.4	-529.5538621	-529.5054439	-529.4992068	-529.4963755	-529.5540488	-529.4982893	-529.4927555	-529.5540488	-529.4982893	-529.4927555	-529.4992879	-529.4952043	-529.9793986	-529.5481373	-529.4978284	-529.4955927	-529.4859003	-529.547925	-529.4969181	-529.4926267	-529.547925	-529.4969181	-529.4926267	-529.4975788	-529.4954561
4.35	-529.5538103	-529.5054218	-529.4992186	-529.4962255	-529.5540066	-529.4982716	-529.4926244	-529.5540066	-529.4982716	-529.4926244	-529.4992995	-529.4952163	-529.9794015	-529.5480863	-529.4978404	-529.4955112	-529.4858305	-529.5478782	-529.4969191	-529.4924755	-529.5478782	-529.4969192	-529.4924755	-529.4975907	-529.4954682
4.3	-529.5537548	-529.5054	-529.4992309	-529.4960692	-529.5539613	-529.4982552	-529.4924878	-529.5539613	-529.4982552	-529.4924878	-529.4993119	-529.495229	-529.9794046	-529.5480319	-529.497853	-529.4954286	-529.4857587	-529.5478282	-529.4969215	-529.4923188	-529.5478282	-529.4969215	-529.4923188	-529.4976033	-529.4954811
4.25	-529.5536955	-529.5053788	-529.499244	-529.4959063	-529.5539127	-529.4982402	-529.4923459	-529.5539127	-529.4982402	-529.4923459	-529.499325	-529.4952426	-529.9794079	-529.5479739	-529.4978664	-529.495345	-529.485685	-529.5477749	-529.4969253	-529.4921568	-529.5477749	-529.4969253	-529.4921568	-529.4976168	-529.4954948
4.2	-529.5536326	-529.5053582	-529.4992584	-529.4957383	-529.5538605	-529.4982266	-529.4921985	-529.5538605	-529.4982267	-529.4921985	-529.4993391	-529.495257	-529.9794114	-529.5479122	-529.4978807	-529.4952607	-529.4856096	-529.5477181	-529.4969304	-529.4919895	-529.5477181	-529.4969304	-529.4919896	-529.4976311	-529.4955093
4.15	-529.5535648	-529.5053384	-529.4992733	-529.4955624	-529.5538046	-529.4982149	-529.4920454	-529.5538046	-529.4982149	-529.4920454	-529.499354	-529.4952723	-529.9794152	-529.5478467	-529.4978959	-529.4951755	-529.4855328	-529.5476578	-529.4969371	-529.4918173	-529.5476578	-529.4969371	-529.4918173	-529.4976463	-529.4955248
4.1	-529.5534928	-529.5053195	-529.4992893	-529.495381	-529.5537448	-529.4982045	-529.4918884	-529.5537448	-529.4982047	-529.4918879	-529.4993699	-529.4952887	-529.979419	-529.5477772	-529.497912	-529.4950901	-529.4854545	-529.5475936	-529.4969453	-529.4916402	-529.5475936	-529.4969453	-529.4916402	-529.4976625	-529.4955413
4.05	-529.5534159	-529.5053016	-529.4993062	-529.4951928	-529.5536811	-529.4981962	-529.4917261	-529.5536811	-529.4981962	-529.4917261	-529.4993868	-529.495306	-529.9794231	-529.5477036	-529.4979292	-529.4950046	-529.485375	-529.5475255	-529.4969552	-529.4914585	-529.5475255	-529.4969552	-529.4914585	-529.4976797	-529.4955588
4	-529.5533341	-529.5052848	-529.4993241	-529.4949987	-529.5536129	-529.4981898	-529.4915591	-529.5536129	-529.4981899	-529.4915591	-529.4994048	-529.4953244	-529.9794274	-529.5476259	-529.4979474	-529.4949193	-529.4852946	-529.5474533	-529.4969668	-529.4912727	-529.5474533	-529.4969668	-529.4912727	-529.497698	-529.4955774
3.95	-529.5532473	-529.5052692	-529.4993431	-529.494799	-529.5535401	-529.4981857	-529.4913874	-529.5535401	-529.4981857	-529.4913874	-529.499424	-529.495344	-529.9794318	-529.5475439	-529.4979664	-529.4948346	-529.4852135	-529.5473768	-529.4969802	-529.491083	-529.5473768	-529.4969802	-529.4910831	-529.4977174	-529.4955972
3.9	-529.5531553	-529.505255	-529.4993633	-529.4945942	-529.5534627	-529.4981836	-529.4912128	-529.5534627	-529.4981836	-529.4912128	-529.4994443	-529.4953647	-529.9794363	-529.5474571	-529.4979869	-529.4947503	-529.4851325	-529.5472959	-529.4969957	-529.4908904	-529.5472959	-529.4969957	-529.4908904	-529.497738	-529.4956181
3.85	-529.5530571	-529.5052422	-529.4993841	-529.4943827	-529.5533803	-529.4981842	-529.4910338	-529.5533803	-529.4981842	-529.4910338	-529.4994659	-529.4953867	-529.9794408	-529.5473647	-529.4980079	-529.4946672	-529.485052	-529.5472103	-529.4970131	-529.4906945	-529.5472103	-529.4970131	-529.4906945	-529.4977598	-529.4956403
3.8	-529.5529543	-529.5052312	-529.4994067	-529.4941692	-529.5532926	-529.4981871	-529.4908525	-529.5532926	-529.4981871	-529.4908525	-529.4994887	-529.4954099	-529.9794454	-529.5472697	-529.4980317	-529.4945857	-529.4849722	-529.5471199	-529.4970326	-529.4904963	-529.547119	-529.4970326	-529.4904963	-529.4977829	-529.4956637
3.75	-529.5528459	-529.5052218	-529.4994306	-529.4939524	-529.5531996	-529.4981926	-529.4906689	-529.5531996	-529.4981926	-529.4906689	-529.4995128	-529.4954344	-529.9794499	-529.5471689	-529.498056	-529.4945049	-529.4848938	-529.5470237	-529.4970544	-529.4902965	-529.5470237	-529.4970544	-529.4902965	-529.4978073	-529.4956884
3.7	-529.5527318	-529.5052143	-529.4994558	-529.4937332	-529.5531009	-529.498201	-529.4904837	-529.5531009	-529.498201	-529.4904837	-529.4995382	-529.4954603	-529.9794541	-529.5470631	-529.4980815	-529.4944255	-529.4848166	-529.5469232	-529.4970786	-529.4900971	-529.5469232	-529.4970786	-529.4900971	-529.4978325	-529.4957136
3.65	-529.5526123	-529.5052097	-529.4994831	-529.4935127	-529.5529963	-529.4982124	-529.4902977	-529.5529962	-529.4982124	-529.4902977	-529.499565	-529.4954874	-529.9794579	-529.5469526	-529.4981081	-529.4943483	-529.4847432	-529.5468174	-529.4971054	-529.4898962	-529.5468174	-529.4971054	-529.4898962	-529.4978595	-529.4957409
3.6	-529.5524865	-529.505206	-529.4995109	-529.4932915	-529.5528855	-529.4982267	-529.4901121	-529.5528855	-529.4982269	-529.4901115	-529.499593	-529.4955158	-529.9794611	-529.5468373	-529.4981362	-529.4942735	-529.4846734	-529.5467061	-529.4971348	-529.489696	-529.5467062	-529.4971348	-529.489696	-529.4978877	-529.4957696
3.55	-529.552355	-529.5052043	-529.4995399	-529.4930713	-529.5527683	-529.4982445	-529.4899268	-529.5527683	-529.4982447	-529.4899262	-529.4996223	-529.4955454	-529.9794635	-529.5467173	-529.4981655	-529.4942011	-529.484608	-529.5465892	-529.4971671	-529.4894974	-529.5465892	-529.4971671	-529.4894974	-529.4979172	-529.4957995
3.5	-529.5522176	-529.5052045	-529.4995701	-529.4928533	-529.5526444	-529.4982658	-529.4897432	-529.5526444	-529.498266	-529.4897426	-529.4996527	-529.4955761	-529.9794647	-529.5465924	-529.4981959	-529.4941314	-529.4845481	-529.5464664	-529.4972024	-529.4893013	-529.5464664	-529.4972024	-529.4893013	-529.4979478	-529.4958304
3.45	-529.5520753	-529.5052069	-529.4996021	-529.4926412	-529.5525126	-529.4982907	-529.4895622	-529.5525126	-529.498291	-529.4895622	-529.4996841	-529.4956079	-529.9794644	-529.5464629	-529.4982293	-529.494065	-529.4844958	-529.5463375	-529.4972409	-529.4891086	-529.5463375	-529.497241	-529.4891086	-529.4979799	-529.4958633
3.4	-529.5519264	-529.5052106	-529.4996341	-529.4924322	-529.5523741	-529.4983197	-529.4893848	-529.552374	-529.4983197	-529.4893848	-529.4997164	-529.4956404	-529.979462	-529.5463291	-529.498261	-529.4940007	-529.4844497	-529.5462022	-529.4972828	-529.4889205	-529.5462022	-529.4972829	-529.4889205	-529.4980122	-529.4958961
3.35	-529.5517719	-529.5052158	-529.4996666	-529.4922301	-529.552228	-529.4983524	-529.4892121	-529.552228	-529.4983524	-529.4892121	-529.4997491	-529.4956734	-529.9794568	-529.5461903	-529.4982938	-529.4939393	-529.4844124	-529.5460602	-529.4973283	-529.488738	-529.5460601	-529.4973282	-529.4887379	-529.4980451	-529.4959293
3.3	-529.5516119	-529.5052222	-529.4996991	-529.492037	-529.5520747	-529.4983893	-529.4890443	-529.5520746	-529.4983893	-529.4890443	-529.499782	-529.4957064	-529.979448	-529.5460474	-529.4983266	-529.4938807	-529.4843848	-529.5459122	-529.4973774	-529.4885618	-529.5459121	-529.4973774	-529.4885617	-529.498078	-529.4959625
3.25	-529.5514466	-529.5052291	-529.4997313	-529.4918546	-529.5519116	-529.4984304	-529.4888836	-529.5519115	-529.4984304	-529.4888836	-529.4998143	-529.495739	-529.9794349	-529.5459001	-529.4983584	-529.493824	-529.484368	-529.5457545	-529.4974304	-529.4883929	-529.5457544	-529.4974303	-529.4883928	-529.4981104	-529.4959953
3.2	-529.5512762	-529.505236	-529.4997622	-529.491685	-529.551739	-529.4984759	-529.4887299	-529.5517389	-529.4984759	-529.4887299	-529.4998455	-529.4957703	-529.9794162	-529.545749	-529.4983895	-529.4937696	-529.4843634	-529.5455895	-529.4974873	-529.488232	-529.5455895	-529.4974873	-529.4882319	-529.4981416	-529.4960268
3.15	-529.5511014	-529.5052421	-529.4997913	-529.491531	-529.5515559	-529.4985257	-529.488584	-529.5515559	-529.4985257	-529.488584	-529.4998745	-529.4957994	-529.9793904	-529.545594	-529.4984186	-529.4937168	-529.4843721	-529.5454156	-529.4975483	-529.4880796	-529.5454156	-529.4975483	-529.4880796	-529.4981705	-529.496056
3.1	-529.5509215	-529.505246	-529.4998167	-529.4913931	-529.5513613	-529.4985798	-529.488446	-529.5513612	-529.4985798	-529.488446	-529.4999002	-529.4958251	-529.9793558	-529.5454353	-529.4984441	-529.4936643	-529.484395	-529.5452315	-529.4976134	-529.4879363	-529.5452315	-529.4976134	-529.4879362	-529.4981959	-529.4960818
3.05	-529.550737	-529.5052462	-529.4998372	-529.4912741	-529.5511536	-529.4986384	-529.4883161	-529.5511536	-529.4986384	-529.4883161	-529.4999208	-529.4958457	-529.97931	-529.545273	-529.498465	-529.4936106	-529.484433	-529.5450359	-529.4976825	-529.4878016	-529.5450359	-529.4976825	-529.4878016	-529.4982163	-529.4961025
3	-529.5505482	-529.505241	-529.4998506	-529.491176	-529.5509314	-529.4987011	-529.4881937	-529.5509313	-529.4987015	-529.4881937	-529.4999343	-529.4958592	-529.9792505	-529.5451074	-529.4984776	-529.4935557	-529.4844871	-529.5448271	-529.4977556	-529.4876752	-529.5448271	-529.4977556	-529.4876752	-529.4982295	-529.4961161
2.99	-529.5505099	-529.5052391	-529.4998522	-529.491159	-529.5508849	-529.4987141	-529.48817	-529.5508849	-529.4987141	-529.48817	-529.499936	-529.4958608	-529.9792367	-529.5450738	-529.4984792	-529.4935442	-529.4844999	-529.5447835	-529.4977706	-529.4876508	-529.5447835	-529.4977707	-529.4876508	-529.4982311	-529.4961177
2.98	-529.5504714	-529.5052368	-529.4998535	-529.4911429	-529.5508378	-529.4987273	-529.4881467	-529.5508378	-529.4987273	-529.4881467	-529.4999372	-529.495862	-529.9792221	-529.5450401	-529.4984803	-529.4935325	-529.4845134	-529.5447394	-529.4977858	-529.4876267	-529.5447394	-529.4977858	-529.4876268	-529.4982322	-529.4961189
2.97	-529.5504327	-529.5052341	-529.4998542	-529.4911278	-529.5507899	-529.4987406	-529.4881235	-529.5507899	-529.4987406	-529.4881235	-529.4999381	-529.4958628	-529.9792068	-529.5450062	-529.498481	-529.4935207	-529.4845275	-529.5446945	-529.4978012	-529.4876029	-529.5446945	-529.4978012	-529.4876029	-529.4982329	-529.4961197
2.96	-529.5503939	-529.505231	-529.4998546	-529.4911136	-529.5507413	-529.4987541	-529.4881006	-529.5507413	-529.4987541	-529.4881006	-529.4999384	-529.4958631	-529.9791908	-529.5449721	-529.4984813	-529.4935086	-529.4845423	-529.544649	-529.4978167	-529.4875794	-529.544649	-529.4978167	-529.4875794	-529.4982332	-529.49612
2.95	-529.550355	-529.5052276	-529.4998544	-529.4911004	-529.5506911	-529.4987677	-529.4880779	-529.5506911	-529.4987677	-529.4880779	-529.4999382	-529.4958629	-529.9791739	-529.5449379	-529.4984811	-529.4934962	-529.4845578	-529.5446028	-529.4978323	-529.4875561	-529.5446028	-529.4978323	-529.4875561	-529.4982329	-529.4961198
2.94	-529.5503158	-529.5052237	-529.4998538	-529.4910882	-529.550641	-529.4987813	-529.4880554	-529.550641	-529.4987813	-529.4880554	-529.4999376	-529.4958622	-529.9791562	-529.5449034	-529.4984804	-529.4934837	-529.484574	-529.5445558	-529.497848	-529.487533	-529.5445558	-529.497848	-529.487533	-529.4982321	-529.4961191
2.93	-529.5502765	-529.5052193	-529.4998525	-529.491077	-529.55059	-529.4987952	-529.488033	-529.55059	-529.4987952	-529.488033	-529.4999364	-529.4958609	-529.9791376	-529.5448691	-529.4984791	-529.4934707	-529.4845908	-529.5445081	-529.4978639	-529.4875101	-529.5445081	-529.4978639	-529.4875101	-529.4982308	-529.4961178
2.92	-529.550237	-529.5052144	-529.4998508	-529.4910667	-529.5505382	-529.4988092	-529.4880109	-529.5505381	-529.4988092	-529.4880109	-529.4999346	-529.4958591	-529.9791181	-529.5448344	-529.4984772	-529.4934575	-529.4846082	-529.5444596	-529.4978799	-529.4874873	-529.5444596	-529.4978799	-529.4874874	-529.4982289	-529.496116
2.91	-529.5501973	-529.505209	-529.4998484	-529.4910574	-529.5504855	-529.4988233	-529.4879889	-529.5504854	-529.4988233	-529.4879889	-529.4999323	-529.4958567	-529.9790977	-529.5447995	-529.4984747	-529.4934439	-529.4846264	-529.5444102	-529.497896	-529.4874648	-529.5444103	-529.497896	-529.4874648	-529.4982264	-529.4961136
2.9	-529.5501574	-529.505203	-529.4998453	-529.4910492	-529.5504326	-529.4988375	-529.4879669	-529.5504326	-529.4988375	-529.4879669	-529.4999292	-529.4958536	-529.9790762	-529.5447645	-529.4984716	-529.49343	-529.4846452	-529.5443601	-529.4979122	-529.4874424	-529.5443601	-529.4979122	-529.4874424	-529.4982233	-529.4961105
2.89	-529.5501173	-529.5051964	-529.4998416	-529.491042	-529.550378	-529.4988518	-529.4879451	-529.550378	-529.4988518	-529.4879451	-529.4999256	-529.4958499	-529.9790537	-529.5447294	-529.4984678	-529.4934157	-529.4846647	-529.544309	-529.4979285	-529.4874201	-529.544309	-529.4979285	-529.4874201	-529.4982186	-529.4961046
2.88	-529.5500771	-529.5051892	-529.4998372	-529.4910358	-529.5503225	-529.4988662	-529.4879234	-529.5503225	-529.4988662	-529.4879234	-529.4999212	-529.4958454	-529.9790301	-529.544694	-529.4984632	-529.4934009	-529.4846848	-529.5442571	-529.4979449	-529.4873979	-529.5442571	-529.4979449	-529.4873979	-529.4982141	-529.4961001
2.87	-529.5500366	-529.5051813	-529.499832	-529.4910306	-529.5502659	-529.4988807	-529.4879017	-529.5502659	-529.4988809	-529.4879017	-529.499916	-529.4958402	-529.9790054	-529.5446585	-529.4984579	-529.4933858	-529.4847056	-529.5442041	-529.4979614	-529.4873757	-529.5442042	-529.4979614	-529.4873757	-529.4982088	-529.4960949
2.86	-529.549996	-529.5051726	-529.499826	-529.4910265	-529.5502084	-529.4988955	-529.48788	-529.5502083	-529.4988955	-529.48788	-529.49991	-529.4958341	-529.9789795	-529.5446229	-529.4984519	-529.4933702	-529.484727	-529.5441503	-529.4979779	-529.4873536	-529.5441503	-529.497978	-529.4873536	-529.4982026	-529.4960888
2.85	-529.5499552	-529.5051633	-529.4998192	-529.4910235	-529.5501489	-529.4989099	-529.4878584	-529.5501489	-529.4989099	-529.4878584	-529.4999033	-529.4958273	-529.9789524	-529.544587	-529.4984449	-529.493354	-529.4847491	-529.5440953	-529.4979945	-529.4873314	-529.5440953	-529.4979945	-529.4873315	-529.4981957	-529.496082
2.84	-529.5499141	-529.5051531	-529.4998115	-529.4910216	-529.5500891	-529.4989246	-529.4878366	-529.5500891	-529.4989246	-529.4878366	-529.4998956	-529.4958195	-529.978924	-529.544551	-529.4984371	-529.4933374	-529.4847718	-529.5440394	-529.4980112	-529.4873093	-529.5440394	-529.4980113	-529.4873093	-529.4981878	-529.4960742
2.83	-529.5498729	-529.5051421	-529.4998029	-529.4910207	-529.5500281	-529.4989394	-529.4878148	-529.5500281	-529.4989394	-529.4878148	-529.499887	-529.4958108	-529.9788943	-529.5445147	-529.4984283	-529.4933201	-529.4847951	-529.5439823	-529.498028	-529.4872871	-529.5439823	-529.498028	-529.4872871	-529.4981791	-529.4960655
2.82	-529.5498314	-529.5051302	-529.4997933	-529.4910208	-529.549966	-529.4989542	-529.4877929	-529.5499659	-529.4989542	-529.4877929	-529.4998774	-529.4958012	-529.9788632	-529.5444783	-529.4984186	-529.4933023	-529.484819	-529.5439241	-529.4980448	-529.4872648	-529.5439241	-529.4980448	-529.4872648	-529.4981693	-529.4960558
2.81	-529.5497898	-529.5051174	-529.4997827	-529.4910221	-529.5499025	-529.498969	-529.4877708	-529.5499025	-529.498969	-529.4877708	-529.4998668	-529.4957905	-529.9788306	-529.5444416	-529.4984078	-529.4932839	-529.4848436	-529.5438647	-529.4980617	-529.4872423	-529.5438647	-529.4980617	-529.4872424	-529.4981579	-529.496044
2.8	-529.5497479	-529.5051036	-529.499771	-529.4910245	-529.5498378	-529.4989839	-529.4877485	-529.5498378	-529.4989839	-529.4877485	-529.4998551	-529.4957787	-529.9787965	-529.5444047	-529.498396	-529.4932647	-529.4848686	-529.5438041	-529.4980785	-529.4872196	-529.5438041	-529.4980786	-529.4872197	-529.498146	-529.4960322
2.79	-529.5497057	-529.5050887	-529.4997582	-529.4910279	-529.5497717	-529.4989987	-529.487726	-529.5497717	-529.4989987	-529.487726	-529.4998427	-529.4957658	-529.9787609	-529.5443675	-529.498383	-529.4932449	-529.4848943	-529.5437421	-529.4980954	-529.4871968	-529.5437421	-529.4980954	-529.4871968	-529.498133	-529.4960192
2.78	-529.5496634	-529.5050727	-529.4997442	-529.4910324	-529.5497042	-529.4990136	-529.4877032	-529.5497042	-529.4990136	-529.4877032	-529.4998287	-529.4957517	-529.9787236	-529.5443302	-529.4983688	-529.4932243	-529.4849205	-529.5436789	-529.4981123	-529.4871736	-529.5436789	-529.4981123	-529.4871736	-529.4981188	-529.4960051
2.77	-529.5496208	-529.5050556	-529.4997289	-529.4910381	-529.5496353	-529.4990284	-529.48768	-529.5496353	-529.4990284	-529.48768	-529.4998134	-529.4957363	-529.9786846	-529.5442925	-529.4983533	-529.4932029	-529.4849472	-529.5436142	-529.4981292	-529.4871501	-529.5436142	-529.4981292	-529.4871502	-529.4981033	-529.4959897
2.76	-529.5495779	-529.5050373	-529.4997124	-529.4910448	-529.5495648	-529.4990432	-529.4876565	-529.5495648	-529.4990432	-529.4876565	-529.4997969	-529.4957196	-529.9786439	-529.5442547	-529.4983366	-529.4931807	-529.4849744	-529.5435481	-529.498146	-529.4871263	-529.5435481	-529.498146	-529.4871263	-529.4980865	-529.4959729
2.75	-529.5495347	-529.5050177	-529.4996944	-529.4910526	-529.5494928	-529.499058	-529.4876326	-529.5494928	-529.499058	-529.4876325	-529.4997789	-529.4957016	-529.9786013	-529.5442165	-529.4983184	-529.4931576	-529.485002	-529.5434805	-529.4981628	-529.487102	-529.5434813	-529.4981628	-529.487102	-529.4980683	-529.4959548
2.74	-529.5494913	-529.5049968	-529.499675	-529.4910615	-529.5494191	-529.4990727	-529.4876081	-529.5494191	-529.4990727	-529.4876081	-529.4997595	-529.4956821	-529.9785568	-529.5441781	-529.4982988	-529.4931336	-529.4850301	-529.5434113	-529.4981795	-529.4870772	-529.5434121	-529.4981795	-529.4870772	-529.4980487	-529.4959352
2.73	-529.5494476	-529.5049745	-529.4996541	-529.4910714	-529.5493437	-529.4990873	-529.4875831	-529.5493437	-529.4990879	-529.4875831	-529.4997386	-529.495661	-529.9785102	-529.5441393	-529.4982777	-529.4931087	-529.4850586	-529.5433413	-529.4981962	-529.4870518	-529.5433413	-529.4981962	-529.4870519	-529.4980275	-529.4959141
2.72	-529.5494036	-529.5049507	-529.4996316	-529.4910825	-529.5492666	-529.4991024	-529.4875574	-529.5492666	-529.4991024	-529.4875574	-529.4997161	-529.4956384	-529.9784616	-529.5441002	-529.4982549	-529.4930827	-529.4850875	-529.5432687	-529.4982127	-529.4870259	-529.5432687	-529.4982127	-529.4870259	-529.4980047	-529.4958914
2.71	-529.5493591	-529.5049253	-529.4996074	-529.4910948	-529.5491876	-529.4991168	-529.4875311	-529.5491876	-529.4991168	-529.4875311	-529.4996919	-529.495614	-529.9784109	-529.5440608	-529.4982305	-529.4930557	-529.4851167	-529.5431944	-529.4982292	-529.4869992	-529.5431944	-529.4982292	-529.4869992	-529.4979803	-529.495867
2.7	-529.5493144	-529.5048984	-529.4995815	-529.4911079	-529.5491067	-529.499131	-529.487504	-529.5491067	-529.499131	-529.487504	-529.4996659	-529.495588	-529.9783578	-529.5440211	-529.4982043	-529.4930276	-529.4851462	-529.5431174	-529.4982455	-529.4869718	-529.5431174	-529.4982455	-529.4869719	-529.4979541	-529.4958409
2.69	-529.5492694	-529.5048697	-529.4995537	-529.4911221	-529.5490238	-529.4991451	-529.4874761	-529.5490238	-529.4991451	-529.4874761	-529.4996381	-529.4955601	-529.9783025	-529.5439809	-529.4981754	-529.492998	-529.4851758	-529.5430392	-529.4982616	-529.4869436	-529.5430393	-529.4982616	-529.4869436	-529.497926	-529.4958129
2.68	-529.549224	-529.5048392	-529.499524	-529.4911374	-529.5489388	-529.499159	-529.4874472	-529.5489388	-529.499159	-529.4874472	-529.4996084	-529.4955302	-529.9782446	-529.5439404	-529.4981455	-529.4929676	-529.4852058	-529.5429591	-529.4982776	-529.4869144	-529.5429591	-529.4982776	-529.4869144	-529.497896	-529.4957829
2.67	-529.5491783	-529.5048068	-529.4994923	-529.4911537	-529.5488517	-529.4991727	-529.4874174	-529.5488517	-529.4991727	-529.4874174	-529.4995767	-529.4954983	-529.9781843	-529.5438995	-529.4981135	-529.4929359	-529.4852359	-529.5428769	-529.4982934	-529.4868842	-529.5428769	-529.4982934	-529.4868843	-529.497864	-529.495751
2.66	-529.5491321	-529.5047725	-529.4994584	-529.4911711	-529.5487623	-529.4991861	-529.4873865	-529.5487623	-529.4991861	-529.4873865	-529.4995429	-529.4954643	-529.9781212	-529.5438582	-529.4980794	-529.4929029	-529.4852661	-529.5427924	-529.4983089	-529.486853	-529.5427925	-529.498309	-529.486853	-529.4978298	-529.4957169
2.65	-529.5490855	-529.5047361	-529.4994224	-529.4911894	-529.5486706	-529.4991993	-529.4873544	-529.5486706	-529.4991993	-529.4873544	-529.4995068	-529.4954281	-529.9780555	-529.5438164	-529.498043	-529.4928686	-529.4852963	-529.5427057	-529.4983242	-529.4868206	-529.5427058	-529.4983243	-529.4868206	-529.4977934	-529.4956806
2.64	-529.5490385	-529.5046975	-529.4993841	-529.4912087	-529.5485764	-529.4992122	-529.4873211	-529.5485764	-529.4992122	-529.4873211	-529.4994685	-529.4953896	-529.9779868	-529.5437741	-529.4980044	-529.492833	-529.4853264	-529.5426167	-529.4983393	-529.4867869	-529.5426167	-529.4983393	-529.4867869	-529.4977547	-529.4956419
2.63	-529.548991	-529.5046567	-529.4993433	-529.491229	-529.5484798	-529.4992247	-529.4872864	-529.5484797	-529.4992247	-529.4872864	-529.4994277	-529.4953487	-529.9779152	-529.5437314	-529.4979633	-529.4927958	-529.4853564	-529.5425251	-529.498354	-529.4867518	-529.5425251	-529.498354	-529.4867518	-529.4977136	-529.4956009
2.62	-529.548943	-529.5046135	-529.4993	-529.4912502	-529.5483804	-529.4992369	-529.4872502	-529.5483804	-529.499237	-529.4872502	-529.4993843	-529.4953052	-529.9778405	-529.5436881	-529.4979197	-529.4927572	-529.4853863	-529.5424309	-529.4983684	-529.4867153	-529.542431	-529.4983684	-529.4867153	-529.4976699	-529.4955573
2.61	-529.5488945	-529.5045678	-529.499254	-529.4912724	-529.5482783	-529.4992488	-529.4872125	-529.5482783	-529.4992488	-529.4872125	-529.4993383	-529.495259	-529.9777625	-529.5436443	-529.4978734	-529.4927171	-529.4854158	-529.5423341	-529.4983824	-529.4866771	-529.5423341	-529.4983824	-529.4866771	-529.4976236	-529.495511
2.6	-529.5488454	-529.5045196	-529.4992052	-529.4912954	-529.5481734	-529.4992602	-529.487173	-529.5481734	-529.4992602	-529.487173	-529.4992896	-529.49521	-529.9776812	-529.5435999	-529.4978243	-529.4926754	-529.4854449	-529.5422344	-529.498396	-529.4866373	-529.5422344	-529.498396	-529.4866373	-529.4975744	-529.4954619
2.59	-529.5487958	-529.5044686	-529.4991536	-529.4913193	-529.5480654	-529.4992712	-529.4871318	-529.5480654	-529.4992712	-529.4871318	-529.4992379	-529.4951582	-529.9775964	-529.5435548	-529.4977723	-529.4926321	-529.4854736	-529.5421318	-529.4984092	-529.4865956	-529.5421319	-529.4984092	-529.4865956	-529.4975224	-529.4954099
2.58	-529.5487456	-529.5044148	-529.4990989	-529.491344	-529.5479544	-529.4992816	-529.4870887	-529.5479544	-529.4992816	-529.4870887	-529.4991832	-529.4951033	-529.9775079	-529.5435092	-529.4977172	-529.4925872	-529.4855016	-529.5420262	-529.4984218	-529.486552	-529.5420262	-529.4984218	-529.486552	-529.4974673	-529.4953549
2.57	-529.5486948	-529.504358	-529.499041	-529.4913696	-529.5478401	-529.4992916	-529.4870435	-529.5478401	-529.4992916	-529.4870435	-529.4991253	-529.4950452	-529.9774157	-529.5434628	-529.497659	-529.4925406	-529.4855289	-529.5419174	-529.498434	-529.4865064	-529.5419174	-529.498434	-529.4865064	-529.497409	-529.4952967
2.56	-529.5486432	-529.5042982	-529.49898	-529.4913958	-529.5477224	-529.4993009	-529.486996	-529.5477224	-529.4993009	-529.4869961	-529.4990641	-529.4949838	-529.9773195	-529.5434158	-529.4975974	-529.4924922	-529.4855553	-529.5418052	-529.4984456	-529.4864585	-529.5418052	-529.4984456	-529.4864585	-529.4973474	-529.4952351
2.55	-529.548591	-529.5042351	-529.4989153	-529.4914228	-529.5476013	-529.4993097	-529.4869463	-529.5476013	-529.4993097	-529.4869463	-529.4989994	-529.4949189	-529.9772193	-529.5433679	-529.4975324	-529.4924421	-529.4855807	-529.5416896	-529.4984567	-529.4864082	-529.5416896	-529.4984567	-529.4864082	-529.4972822	-529.4951701
2.54	-529.548538	-529.5041686	-529.498847	-529.4914505	-529.5474764	-529.4993172	-529.4868941	-529.5474764	-529.4993178	-529.4868941	-529.4989311	-529.4948504	-529.9771148	-529.5433193	-529.4974638	-529.4923904	-529.485605	-529.5415704	-529.498467	-529.4863555	-529.5415704	-529.498467	-529.4863555	-529.4972135	-529.4951014
2.53	-529.5484842	-529.5040986	-529.498775	-529.4914788	-529.5473478	-529.4993246	-529.4868392	-529.5473478	-529.4993251	-529.4868392	-529.498859	-529.4947781	-529.9770059	-529.5432698	-529.4973913	-529.4923367	-529.4856279	-529.5414474	-529.4984767	-529.4863001	-529.5414474	-529.4984767	-529.4863001	-529.4971409	-529.4950289
2.52	-529.5484296	-529.5040249	-529.4986989	-529.4915078	-529.5472152	-529.4993312	-529.4867816	-529.5472151	-529.4993312	-529.4867816	-529.4987829	-529.4947018	-529.9768924	-529.5432195	-529.4973148	-529.4922812	-529.4856492	-529.5413204	-529.4984857	-529.4862418	-529.5413204	-529.4984857	-529.4862418	-529.4970644	-529.4949525
2.51	-529.5483742	-529.5039474	-529.4986187	-529.4915372	-529.5470784	-529.499337	-529.4867209	-529.5470784	-529.499337	-529.4867209	-529.4987027	-529.4946214	-529.9767741	-529.5431682	-529.4972342	-529.4922239	-529.4856687	-529.5411894	-529.4984938	-529.4861806	-529.5411894	-529.4984938	-529.4861806	-529.4969837	-529.4948719
2.5	-529.5483178	-529.5038659	-529.4985343	-529.4915671	-529.5469373	-529.499342	-529.4866572	-529.5469373	-529.499342	-529.4866572	-529.4986182	-529.4945366	-529.9766508	-529.5431156	-529.4971488	-529.4921641	-529.485686	-529.5410541	-529.4985011	-529.4861162	-529.5410541	-529.4985011	-529.4861162	-529.4968987	-529.4947869
2.49	-529.5482604	-529.5037802	-529.4984453	-529.4915974	-529.5467917	-529.499346	-529.4865901	-529.5467917	-529.499346	-529.4865901	-529.4985292	-529.4944474	-529.9765224	-529.5430623	-529.4970594	-529.4921032	-529.4857014	-529.5409144	-529.4985075	-529.4860485	-529.5409144	-529.4985075	-529.4860484	-529.4968092	-529.4946975
2.48	-529.5482021	-529.5036902	-529.4983515	-529.4916281	-529.5466415	-529.499349	-529.4865195	-529.5466415	-529.499349	-529.4865195	-529.4984355	-529.4943534	-529.9763886	-529.543008	-529.4969652	-529.4920406	-529.4857142	-529.54077	-529.498513	-529.4859772	-529.54077	-529.4985129	-529.4859771	-529.4967149	-529.4946033
2.47	-529.5481426	-529.5035956	-529.4982529	-529.491659	-529.5464864	-529.499351	-529.4864451	-529.5464864	-529.499351	-529.4864451	-529.4983368	-529.4942545	-529.9762493	-529.5429524	-529.4968661	-529.4919762	-529.4857241	-529.5406208	-529.4985174	-529.4859021	-529.5406208	-529.4985173	-529.4859021	-529.4966158	-529.4945042
2.46	-529.548082	-529.5034963	-529.4981492	-529.4916902	-529.5463262	-529.4993519	-529.4863669	-529.5463262	-529.4993519	-529.4863669	-529.498233	-529.4941505	-529.9761041	-529.5428957	-529.4967619	-529.4919102	-529.485731	-529.5404665	-529.4985207	-529.4858231	-529.5404666	-529.4985207	-529.4858231	-529.4965114	-529.4944
2.45	-529.5480203	-529.5033921	-529.4980401	-529.4917214	-529.5461607	-529.4993516	-529.4862845	-529.5461607	-529.4993516	-529.4862845	-529.4981218	-529.4940391	-529.975953	-529.5428377	-529.4966523	-529.4918426	-529.4857344	-529.540307	-529.4985228	-529.4857399	-529.540307	-529.4985229	-529.4857399	-529.4964017	-529.4942903
2.44	-529.5479572	-529.5032828	-529.4979254	-529.4917527	-529.5459897	-529.49935	-529.4861977	-529.5459897	-529.4993501	-529.4861978	-529.4980071	-529.4939241	-529.9757956	-529.5427784	-529.4965372	-529.4917734	-529.485734	-529.540142	-529.4985238	-529.4856523	-529.5401421	-529.4985238	-529.4856523	-529.4962865	-529.4941751
2.43	-529.5478929	-529.5031682	-529.4978049	-529.4917838	-529.545813	-529.4993472	-529.4861064	-529.545813	-529.4993472	-529.4861064	-529.4978865	-529.4938033	-529.9756317	-529.5427177	-529.4964162	-529.4917029	-529.4857293	-529.5399714	-529.4985234	-529.4855601	-529.5399714	-529.4985234	-529.4855601	-529.4961653	-529.4940541
2.42	-529.5478271	-529.5030481	-529.4976783	-529.4918149	-529.5456303	-529.4993429	-529.4860102	-529.5456303	-529.4993429	-529.4860102	-529.4977599	-529.4936764	-529.975461	-529.5426542	-529.4962889	-529.4916308	-529.4857194	-529.5397947	-529.4985216	-529.485463	-529.5397947	-529.4985216	-529.485463	-529.4960381	-529.493927
2.41	-529.5477599	-529.5029222	-529.4975453	-529.4918456	-529.5454414	-529.4993371	-529.4859089	-529.5454414	-529.4993371	-529.4859089	-529.4976269	-529.4935432	-529.9752834	-529.5425905	-529.4961555	-529.4915578	-529.4857049	-529.5396119	-529.4985184	-529.4853608	-529.5396119	-529.4985184	-529.4853608	-529.4959045	-529.4937935
2.4	-529.5476912	-529.5027903	-529.4974058	-529.4918759	-529.545246	-529.4993298	-529.4858022	-529.545246	-529.4993298	-529.4858022	-529.4974873	-529.4934033	-529.9750984	-529.5425251	-529.4960154	-529.4914838	-529.4856847	-529.5394226	-529.4985136	-529.4852531	-529.5394226	-529.4985137	-529.4852531	-529.4957644	-529.4936534
2.39	-529.5476208	-529.5026523	-529.4972594	-529.4919057	-529.5450438	-529.4993208	-529.4856899	-529.5450438	-529.4993208	-529.4856899	-529.4973409	-529.4932566	-529.9749059	-529.542458	-529.4958684	-529.4914091	-529.4856584	-529.5392266	-529.4985072	-529.4851398	-529.5392266	-529.4985072	-529.4851398	-529.4956173	-529.4935064
2.38	-529.5475487	-529.5025079	-529.4971058	-529.4919347	-529.5448346	-529.49931	-529.4855717	-529.5448346	-529.4993101	-529.4855717	-529.4971872	-529.4931027	-529.9747056	-529.5423892	-529.4957142	-529.4913337	-529.4856252	-529.5390236	-529.4984991	-529.4850205	-529.5390236	-529.4984991	-529.4850205	-529.495463	-529.4933522
2.37	-529.5474748	-529.5023568	-529.4969447	-529.491963	-529.5446181	-529.4992975	-529.4854472	-529.5446181	-529.4992975	-529.4854473	-529.4970261	-529.4929413	-529.974497	-529.5423184	-529.4955526	-529.4912581	-529.4855848	-529.5388141	-529.4984891	-529.4848949	-529.5388141	-529.4984891	-529.4848949	-529.4953012	-529.4931906
2.36	-529.547399	-529.5021989	-529.4967758	-529.4919902	-529.544394	-529.4992829	-529.4853162	-529.544394	-529.4992829	-529.4853163	-529.4968572	-529.4927721	-529.97428	-529.5422457	-529.4953832	-529.4911823	-529.4855362	-529.5385962	-529.4984772	-529.4847627	-529.5385962	-529.4984772	-529.4847627	-529.4951316	-529.4930211
2.35	-529.5473213	-529.5020338	-529.4965988	-529.4920163	-529.5441619	-529.4992663	-529.4851784	-529.5441619	-529.4992663	-529.4851784	-529.4966801	-529.4925947	-529.9740542	-529.5421709	-529.4952055	-529.4911066	-529.485479	-529.5383704	-529.4984633	-529.4846237	-529.5383704	-529.4984633	-529.4846237	-529.4949539	-529.4928435
2.34	-529.5472414	-529.5018614	-529.4964133	-529.4920409	-529.5439216	-529.4992476	-529.4850334	-529.5439216	-529.4992476	-529.4850334	-529.4964946	-529.4924089	-529.9738193	-529.5420939	-529.4950195	-529.4910313	-529.4854124	-529.5381363	-529.4984472	-529.4844774	-529.5381363	-529.4984472	-529.4844774	-529.4947677	-529.4926574
2.33	-529.5471594	-529.5016815	-529.496219	-529.492064	-529.543673	-529.4992265	-529.4848808	-529.5436727	-529.4992265	-529.4848808	-529.4963002	-529.4922142	-529.9735749	-529.5420146	-529.4948245	-529.4909567	-529.4853357	-529.5378937	-529.4984289	-529.4843236	-529.5378937	-529.4984289	-529.4843236	-529.4945726	-529.4924624
2.32	-529.5470743	-529.5014934	-529.4960151	-529.4920842	-529.5434151	-529.4992031	-529.4847203	-529.5434149	-529.4992031	-529.4847203	-529.4960967	-529.4920104	-529.9733206	-529.541933	-529.4946203	-529.4908834	-529.4852479	-529.5376421	-529.4984082	-529.4841617	-529.5376421	-529.4984082	-529.4841617	-529.4943683	-529.4922583
2.31	-529.5469875	-529.5012977	-529.4958021	-529.4921032	-529.543148	-529.4991771	-529.4845516	-529.5431478	-529.4991771	-529.4845515	-529.4958836	-529.4917969	-529.9730561	-529.5418488	-529.4944066	-529.4908109	-529.4851487	-529.5373812	-529.4983849	-529.4839916	-529.5373812	-529.4983849	-529.4839916	-529.4941545	-529.4920445
2.3	-529.5468983	-529.5010937	-529.495579	-529.4921198	-529.5428712	-529.4991485	-529.4843741	-529.5428712	-529.4991485	-529.4843741	-529.4956605	-529.4915736	-529.972781	-529.5417619	-529.4941829	-529.4907399	-529.4850372	-529.5371107	-529.4983591	-529.4838127	-529.5371107	-529.4983591	-529.4838127	-529.4939306	-529.4918208
2.29	-529.5468064	-529.5008812	-529.4953456	-529.4921336	-529.5425843	-529.4991171	-529.4841876	-529.5425843	-529.4991171	-529.4841876	-529.4954271	-529.4913398	-529.9724948	-529.5416723	-529.4939488	-529.4906705	-529.4849125	-529.5368301	-529.4983304	-529.4836247	-529.5368301	-529.4983304	-529.4836247	-529.4936964	-529.4915866
2.28	-529.5467117	-529.5006602	-529.4951014	-529.4921443	-529.5422869	-529.4990828	-529.4839916	-529.5422869	-529.4990828	-529.4839916	-529.4951828	-529.4910952	-529.9721972	-529.5415798	-529.493704	-529.4906031	-529.4847738	-529.5365389	-529.4982989	-529.4834271	-529.5365389	-529.4982989	-529.4834272	-529.4934513	-529.4913417
2.27	-529.5466141	-529.5004305	-529.494846	-529.4921513	-529.5419786	-529.4990454	-529.4837856	-529.5419786	-529.4990454	-529.4837856	-529.4949273	-529.4908394	-529.9718877	-529.5414842	-529.4934477	-529.4905374	-529.4846205	-529.5362369	-529.4982642	-529.4832196	-529.5362369	-529.4982642	-529.4832196	-529.493195	-529.4910855
2.26	-529.5465134	-529.5001919	-529.4945788	-529.4921543	-529.5416589	-529.4990048	-529.4835692	-529.5416589	-529.4990048	-529.4835692	-529.4946601	-529.4905718	-529.9715659	-529.5413855	-529.4931799	-529.4904742	-529.4844519	-529.5359235	-529.4982264	-529.4830016	-529.5359235	-529.4982264	-529.4830016	-529.492927	-529.4908176
2.25	-529.5464096	-529.4999445	-529.4942995	-529.4921526	-529.5413275	-529.4989607	-529.483342	-529.5413275	-529.4989607	-529.483342	-529.4943807	-529.4902921	-529.9712313	-529.5412835	-529.4928999	-529.4904133	-529.4842672	-529.5355983	-529.4981852	-529.4827727	-529.5355983	-529.4981852	-529.4827727	-529.4926468	-529.4905376
2.24	-529.5463023	-529.4996881	-529.4940075	-529.4921456	-529.5409837	-529.4989131	-529.4831034	-529.5409837	-529.4989132	-529.4831034	-529.4940887	-529.4899997	-529.9708834	-529.5411781	-529.4926071	-529.4903547	-529.4840657	-529.5352608	-529.4981404	-529.4825324	-529.5352608	-529.4981404	-529.4825324	-529.4923539	-529.4902448
2.23	-529.5461916	-529.4994229	-529.4937023	-529.4921325	-529.5406272	-529.4988619	-529.4828529	-529.5406272	-529.4988619	-529.4828529	-529.4937835	-529.4896942	-529.9705218	-529.5410705	-529.4923015	-529.4902991	-529.4838472	-529.5349105	-529.4980919	-529.4822801	-529.5349105	-529.4980919	-529.4822801	-529.4920478	-529.4899389
2.22	-529.5460771	-529.4991492	-529.4933834	-529.4921125	-529.5402574	-529.4988066	-529.48259	-529.5402574	-529.4988066	-529.48259	-529.4934645	-529.4893749	-529.9701459	-529.5409576	-529.4919819	-529.490245	-529.4836103	-529.5345469	-529.4980395	-529.4820154	-529.5345469	-529.4980395	-529.4820154	-529.491728	-529.4896192
2.21	-529.5459588	-529.4988671	-529.4930502	-529.4920844	-529.5398738	-529.4987473	-529.4823141	-529.5398738	-529.4987473	-529.4823141	-529.4931313	-529.4890413	-529.9697551	-529.5408408	-529.4916479	-529.490193	-529.4833547	-529.5341695	-529.4979829	-529.4817377	-529.5341695	-529.4979829	-529.4817377	-529.4913939	-529.4892852
2.2	-529.5458365	-529.4985772	-529.4927022	-529.4920471	-529.5394758	-529.4986836	-529.4820248	-529.5394758	-529.4986836	-529.4820248	-529.4927832	-529.4886929	-529.969349	-529.5407198	-529.4912992	-529.4901429	-529.4830799	-529.5337777	-529.4979221	-529.4814464	-529.5337777	-529.4979221	-529.4814464	-529.491045	-529.4889364
2.19	-529.5457099	-529.4982801	-529.4923388	-529.4919991	-529.5390629	-529.4986155	-529.4817213	-529.5390629	-529.4986155	-529.4817213	-529.4924198	-529.4883291	-529.9689268	-529.5405945	-529.490935	-529.4900946	-529.4827854	-529.5333709	-529.4978568	-529.481141	-529.5333709	-529.4978568	-529.481141	-529.4906806	-529.4885722
2.18	-529.5455788	-529.4979769	-529.4919593	-529.4919387	-529.5386344	-529.4985426	-529.4814031	-529.5386344	-529.4985426	-529.4814031	-529.4920402	-529.4879492	-529.9684882	-529.5404646	-529.4905548	-529.4900476	-529.4824706	-529.5329485	-529.4977867	-529.4808208	-529.5329485	-529.4977867	-529.4808208	-529.4903001	-529.4881919
2.17	-529.5454431	-529.4976686	-529.4915632	-529.4918637	-529.5381898	-529.4984647	-529.4810696	-529.5381898	-529.4984647	-529.4810696	-529.491644	-529.4875526	-529.9680323	-529.5403299	-529.4901578	-529.4900018	-529.4821349	-529.53251	-529.4977117	-529.4804852	-529.53251	-529.4977117	-529.4804852	-529.489903	-529.4877949
2.16	-529.5453025	-529.4973569	-529.4911497	-529.4917717	-529.5377285	-529.4983817	-529.48072	-529.5377285	-529.4983817	-529.48072	-529.4912305	-529.4871387	-529.9675587	-529.5401903	-529.4897435	-529.4899567	-529.4817778	-529.5320546	-529.4976314	-529.4801335	-529.5320546	-529.4976314	-529.4801335	-529.4894884	-529.4873806
2.15	-529.5451569	-529.4970437	-529.4907181	-529.49166	-529.5372497	-529.4982932	-529.4803537	-529.5372497	-529.4982932	-529.4803537	-529.4907989	-529.4867067	-529.9670666	-529.5400454	-529.4893241	-529.4898979	-529.4813989	-529.5315818	-529.4975458	-529.4797651	-529.5315818	-529.4975458	-529.4797651	-529.4890559	-529.4869482
2.14	-529.5450059	-529.4967314	-529.4902679	-529.491525	-529.5367527	-529.4981991	-529.47997	-529.5367527	-529.4981991	-529.47997	-529.4903485	-529.486256	-529.9665553	-529.5398951	-529.4888601	-529.4898663	-529.4809975	-529.5310908	-529.4974544	-529.4793792	-529.5310908	-529.4974544	-529.4793792	-529.4886046	-529.486497
2.13	-529.5448487	-529.4964191	-529.4897959	-529.4913603	-529.536237	-529.498099	-529.4795682	-529.536237	-529.498099	-529.4795682	-529.4898788	-529.485786	-529.9660241	-529.5397392	-529.4883895	-529.4898211	-529.480573	-529.5305809	-529.497357	-529.4789749	-529.5305809	-529.497357	-529.4789749	-529.4881339	-529.4860266
2.12	-529.5446863	-529.4961173	-529.4893059	-529.4911671	-529.5357017	-529.4979927	-529.4791474	-529.5357017	-529.4979927	-529.4791474	-529.4893887	-529.4852956	-529.9654724	-529.5395774	-529.4878987	-529.4897751	-529.480125	-529.5300514	-529.4972534	-529.4785519	-529.5300514	-529.4972534	-529.4785519	-529.4876429	-529.4855358
2.11	-529.5445179	-529.4958253	-529.4887948	-529.4909388	-529.535146	-529.4978798	-529.4787069	-529.535146	-529.4978798	-529.4787069	-529.4888777	-529.4847841	-529.9648993	-529.5394094	-529.4873869	-529.4897278	-529.4796528	-529.5295015	-529.4971432	-529.4781091	-529.5295015	-529.4971433	-529.4781091	-529.4871308	-529.4850239
2.1	-529.544343	-529.495546	-529.488262	-529.4906713	-529.5345693	-529.4977601	-529.4782459	-529.5345693	-529.4977601	-529.4782459	-529.4883448	-529.4842509	-529.9643041	-529.539235	-529.4868532	-529.4896786	-529.4791557	-529.5289304	-529.4970263	-529.4776458	-529.5289305	-529.4970263	-529.4776458	-529.4865969	-529.4844902
2.09	-529.5441616	-529.4952818	-529.4877064	-529.4903612	-529.5339706	-529.4976333	-529.4777636	-529.5339706	-529.4976333	-529.4777636	-529.4877892	-529.4836949	-529.9636858	-529.5390538	-529.4862968	-529.4896271	-529.4786333	-529.5283374	-529.4969021	-529.477161	-529.5283374	-529.4969021	-529.477161	-529.4860403	-529.4839337
2.08	-529.5439732	-529.4950341	-529.4871273	-529.4900056	-529.5333491	-529.497499	-529.477259	-529.5333491	-529.497499	-529.477259	-529.48721	-529.4831154	-529.9630438	-529.5388655	-529.4857168	-529.4895727	-529.4780846	-529.5277214	-529.4967704	-529.4766539	-529.5277214	-529.4967704	-529.476654	-529.4854601	-529.4833537
2.07	-529.5437775	-529.4948034	-529.4865237	-529.4896028	-529.5327039	-529.4973568	-529.4767312	-529.5327039	-529.4973568	-529.4767312	-529.4866064	-529.4825113	-529.9623771	-529.5386699	-529.4851124	-529.4895151	-529.477509	-529.5270817	-529.496631	-529.4761237	-529.5270817	-529.496631	-529.4761237	-529.4848554	-529.4827492
2.06	-529.5435743	-529.4945889	-529.4858946	-529.4891521	-529.5320342	-529.4972065	-529.4761794	-529.5320342	-529.4972065	-529.4761794	-529.4859773	-529.4818819	-529.9616848	-529.5384667	-529.4844825	-529.4894535	-529.4769057	-529.5264173	-529.4964832	-529.4755693	-529.5264173	-529.4964832	-529.4755693	-529.4842252	-529.4821193
2.05	-529.5433631	-529.4943895	-529.4852392	-529.4886538	-529.531339	-529.4970476	-529.4756024	-529.531339	-529.4970476	-529.4756024	-529.4853218	-529.4812261	-529.960966	-529.5382554	-529.4838262	-529.4893876	-529.4762739	-529.5257273	-529.4963269	-529.4749898	-529.5257273	-529.4963269	-529.4749898	-529.4835687	-529.481463
2.04	-529.5431437	-529.4942029	-529.4845563	-529.4881085	-529.5306173	-529.4968798	-529.4749994	-529.5306173	-529.4968798	-529.4749994	-529.484639	-529.4805428	-529.9602198	-529.5380357	-529.4831425	-529.4893168	-529.4756127	-529.5250108	-529.4961616	-529.4743842	-529.5250108	-529.4961616	-529.4743842	-529.4828847	-529.4807792
2.03	-529.5429156	-529.4940267	-529.483845	-529.4875172	-529.5298681	-529.4967026	-529.4743693	-529.5298681	-529.4967026	-529.4743693	-529.4839276	-529.4798311	-529.9594449	-529.5378075	-529.4824307	-529.4892405	-529.4749213	-529.5242666	-529.4959869	-529.4737514	-529.5242667	-529.4959869	-529.4737514	-529.4821723	-529.480067
2.02	-529.5426785	-529.4938582	-529.4831042	-529.4868809	-529.5290903	-529.4965157	-529.4737109	-529.5290903	-529.4965157	-529.4737109	-529.4831867	-529.4790899	-529.9586407	-529.5375701	-529.4816892	-529.4891585	-529.4741993	-529.5234938	-529.4958023	-529.4730904	-529.5234938	-529.4958023	-529.4730904	-529.4814303	-529.4793252
2.01	-529.542432	-529.493695	-529.4823327	-529.4862007	-529.5282829	-529.4963185	-529.4730232	-529.5282829	-529.4963185	-529.4730232	-529.4824152	-529.478318	-529.9578059	-529.5373231	-529.4809168	-529.4890695	-529.4734444	-529.5226913	-529.4956075	-529.4723999	-529.5226913	-529.4956075	-529.4724	-529.4806577	-529.4785528
2	-529.5421757	-529.4935347	-529.4815294	-529.4854771	-529.5274448	-529.4961106	-529.4723049	-529.5274448	-529.4961106	-529.4723049	-529.4816118	-529.4775142	-529.9569394	-529.5370662	-529.4801126	-529.4889732	-529.4726564	-529.5218579	-529.4954019	-529.471679	-529.5218579	-529.4954019	-529.471679	-529.4798532	-529.4777485
1.99	-529.541909	-529.4933752	-529.480693	-529.4847107	-529.5265747	-529.4958915	-529.471555	-529.5265747	-529.4958915	-529.471555	-529.4807754	-529.4766775	-529.9560401	-529.536799	-529.4792753	-529.4888692	-529.4718339	-529.5209925	-529.495185	-529.4709263	-529.5209925	-529.4951851	-529.4709263	-529.4790157	-529.4769113
1.98	-529.5416317	-529.4932144	-529.4798224	-529.4839016	-529.5256715	-529.4956607	-529.4707721	-529.5256715	-529.4956607	-529.4707721	-529.4799048	-529.4758065	-529.9551068	-529.536521	-529.4784038	-529.4887567	-529.4709761	-529.5200938	-529.4949565	-529.4701407	-529.5200938	-529.4949566	-529.4701407	-529.4781439	-529.4760397
1.97	-529.5413431	-529.4930506	-529.4789163	-529.4830499	-529.5247339	-529.4954177	-529.469955	-529.5247339	-529.4954177	-529.469955	-529.4789986	-529.4748999	-529.9541383	-529.5362317	-529.4774967	-529.4886351	-529.4700815	-529.5191606	-529.4947157	-529.4693208	-529.5191606	-529.4947157	-529.4693208	-529.4772365	-529.4751326
1.96	-529.5410429	-529.4928823	-529.4779732	-529.4821552	-529.5237607	-529.4951619	-529.4691024	-529.5237607	-529.4951619	-529.4691024	-529.4780555	-529.4739565	-529.9531333	-529.5359307	-529.4765528	-529.4885038	-529.4691491	-529.5181916	-529.494462	-529.4684652	-529.5181916	-529.494462	-529.4684652	-529.4762923	-529.4741886
1.95	-529.5407305	-529.4927079	-529.4769919	-529.481217	-529.5227505	-529.4948927	-529.4682128	-529.5227505	-529.4948927	-529.4682128	-529.4770741	-529.4729747	-529.9520905	-529.5356174	-529.4755705	-529.488362	-529.4681775	-529.5171854	-529.4941948	-529.4675727	-529.5171854	-529.4941948	-529.4675727	-529.4753098	-529.4732064
1.94	-529.5404054	-529.4925263	-529.475971	-529.4802347	-529.521702	-529.4946096	-529.4672848	-529.521702	-529.4946097	-529.4672847	-529.4760531	-529.4719534	-529.9510085	-529.5352913	-529.4745486	-529.4882091	-529.4671653	-529.5161408	-529.4939136	-529.4666418	-529.5161408	-529.4939136	-529.4666418	-529.4742876	-529.4721844
1.93	-529.540067	-529.4923358	-529.4749088	-529.4792073	-529.5206137	-529.4943119	-529.4663169	-529.5206137	-529.4943119	-529.4663169	-529.4749909	-529.4708908	-529.9498861	-529.534952	-529.4734855	-529.4880445	-529.4661113	-529.5150562	-529.4936177	-529.465671	-529.5150562	-529.4936177	-529.465671	-529.4732243	-529.4711213
1.92	-529.5397148	-529.4921351	-529.473804	-529.478134	-529.5194842	-529.4939989	-529.4653077	-529.5194842	-529.493999	-529.4653077	-529.473886	-529.4697856	-529.9487216	-529.5345987	-529.4723799	-529.4878671	-529.4650139	-529.5139301	-529.4933065	-529.4646588	-529.5139301	-529.4933065	-529.4646588	-529.4721182	-529.4700156
1.91	-529.5393481	-529.4919236	-529.4726549	-529.4770134	-529.5183118	-529.49367	-529.4642555	-529.5183118	-529.49367	-529.4642555	-529.4727368	-529.4686361	-529.9475137	-529.5342308	-529.4712299	-529.4876763	-529.4638716	-529.5127611	-529.4929793	-529.4636036	-529.5127611	-529.4929793	-529.4636036	-529.4709679	-529.4688655
1.9	-529.5389664	-529.4917	-529.47146	-529.4758443	-529.5170951	-529.4933244	-529.4631588	-529.5170951	-529.4933244	-529.4631588	-529.4715418	-529.4674408	-529.9462608	-529.5338478	-529.470034	-529.4874712	-529.4626828	-529.5115476	-529.4926353	-529.4625038	-529.5115476	-529.4926353	-529.4625038	-529.4697718	-529.4676696
1.895	-529.5387691	-529.4915849	-529.4708451	-529.4752418	-529.5164696	-529.493145	-529.4625931	-529.5164696	-529.493145	-529.4625931	-529.4709267	-529.4668257	-529.945617	-529.5336506	-529.4694188	-529.4873631	-529.4620706	-529.5109237	-529.4924567	-529.4619367	-529.5109237	-529.4924567	-529.4619367	-529.4691562	-529.4670542
1.89	-529.5385683	-529.4914647	-529.4702178	-529.474626	-529.5158324	-529.4929613	-529.4620157	-529.5158324	-529.4929613	-529.4620157	-529.4702993	-529.4661982	-529.9449613	-529.5334492	-529.468791	-529.4872511	-529.4614461	-529.510288	-529.4922737	-529.4613578	-529.510288	-529.4922737	-529.4613578	-529.4685282	-529.4664264
1.885	-529.5383634	-529.4913409	-529.4695782	-529.4739974	-529.5151833	-529.492773	-529.4614263	-529.5151833	-529.492773	-529.4614263	-529.4696597	-529.4655583	-529.9442936	-529.5332436	-529.4681509	-529.4871352	-529.4608091	-529.5096403	-529.4920861	-529.4607669	-529.5096403	-529.4920861	-529.4607669	-529.467888	-529.4657863
1.88	-529.5381543	-529.4912134	-529.468926	-529.4733558	-529.5145221	-529.49258	-529.4608247	-529.5145221	-529.49258	-529.4608247	-529.4690074	-529.464906	-529.9436136	-529.5330339	-529.4674982	-529.4870151	-529.4601594	-529.5089804	-529.4918939	-529.4601637	-529.5089805	-529.4918939	-529.4601637	-529.4672352	-529.4651336
1.875	-529.537941	-529.491082	-529.468261	-529.472701	-529.5138485	-529.4923823	-529.4602106	-529.5138485	-529.4923823	-529.4602106	-529.4683424	-529.4642408	-529.9429211	-529.5328198	-529.4668328	-529.4868908	-529.4594969	-529.5083082	-529.4916968	-529.4595481	-529.5083082	-529.4916968	-529.4595481	-529.4665696	-529.4644682
1.87	-529.5377232	-529.4909467	-529.4675831	-529.4720328	-529.5131623	-529.4921797	-529.4595839	-529.5131623	-529.4921797	-529.4595839	-529.4676644	-529.4635627	-529.9422159	-529.5326013	-529.4661544	-529.4867621	-529.4588213	-529.5076233	-529.4914949	-529.4589198	-529.5076233	-529.4914949	-529.4589198	-529.4658911	-529.4637898
1.865	-529.537501	-529.4908071	-529.4668919	-529.4713509	-529.5124634	-529.4919721	-529.4589442	-529.5124634	-529.4919721	-529.4589442	-529.4669732	-529.4628713	-529.9414978	-529.5323784	-529.4654627	-529.486629	-529.4581323	-529.5069256	-529.491288	-529.4582786	-529.5069256	-529.491288	-529.4582786	-529.4651993	-529.4630981
1.86	-529.5372742	-529.4906634	-529.4661873	-529.4706552	-529.5117514	-529.4917595	-529.4582914	-529.5117514	-529.4917595	-529.4582914	-529.4662685	-529.4621664	-529.9407666	-529.5321508	-529.4647576	-529.4864913	-529.4574298	-529.5062148	-529.4910759	-529.4576243	-529.5062148	-529.4910759	-529.4576243	-529.464494	-529.462393
1.855	-529.5370428	-529.4905151	-529.4654689	-529.4699455	-529.5110262	-529.4915417	-529.4576252	-529.5110262	-529.4915417	-529.4576252	-529.46555	-529.4614479	-529.940022	-529.5319186	-529.4640388	-529.486349	-529.4567135	-529.5054906	-529.4908587	-529.4569565	-529.5054907	-529.4908587	-529.4569565	-529.463775	-529.4616741
1.85	-529.5368066	-529.4903624	-529.4647365	-529.4692214	-529.5102875	-529.4913185	-529.4569454	-529.5102875	-529.4913185	-529.4569454	-529.4648176	-529.4607153	-529.9392638	-529.5316816	-529.4633059	-529.4862017	-529.4559832	-529.5047529	-529.490636	-529.456275	-529.5047529	-529.490636	-529.456275	-529.463042	-529.4609413
1.845	-529.5365655	-529.4902049	-529.46399	-529.4684828	-529.509535	-529.4910899	-529.4562516	-529.509535	-529.4910899	-529.4562516	-529.464071	-529.4599686	-529.9384917	-529.5314397	-529.4625589	-529.4860496	-529.4552386	-529.5040015	-529.4904079	-529.4555797	-529.5040015	-529.4904079	-529.4555797	-529.4622949	-529.4601943
1.84	-529.5363195	-529.4900426	-529.463229	-529.4677295	-529.5087686	-529.4908559	-529.4555438	-529.5087686	-529.4908559	-529.4555438	-529.4633099	-529.4592074	-529.9377056	-529.5311928	-529.4617974	-529.4858923	-529.4544794	-529.503236	-529.4901742	-529.4548703	-529.503236	-529.4901742	-529.4548703	-529.4615332	-529.4594328
1.835	-529.5360683	-529.4898753	-529.4624532	-529.4669612	-529.507988	-529.4906161	-529.4548215	-529.507988	-529.4906161	-529.4548215	-529.4625341	-529.4584314	-529.9369052	-529.5309408	-529.4610212	-529.4857298	-529.4537055	-529.5024562	-529.4899349	-529.4541464	-529.5024562	-529.4899349	-529.4541464	-529.4607569	-529.4586565
1.83	-529.535812	-529.4897028	-529.4616625	-529.4661776	-529.5071928	-529.4903705	-529.4540845	-529.5071928	-529.4903705	-529.4540845	-529.4617433	-529.4576405	-529.9360902	-529.5306836	-529.46023	-529.485562	-529.4529165	-529.5016618	-529.4896897	-529.4534079	-529.5016619	-529.4896897	-529.4534079	-529.4599655	-529.4578653
1.825	-529.5355504	-529.4895251	-529.4608565	-529.4653785	-529.5063829	-529.4901189	-529.4533326	-529.5063829	-529.4901189	-529.4533327	-529.4609373	-529.4568343	-529.9352605	-529.5304211	-529.4594236	-529.4853886	-529.4521123	-529.5008527	-529.4894384	-529.4526543	-529.5008527	-529.4894384	-529.4526543	-529.4591589	-529.4570589
1.82	-529.5352834	-529.4893419	-529.460035	-529.4645637	-529.505558	-529.4898613	-529.4525655	-529.505558	-529.4898613	-529.4525655	-529.4601157	-529.4560126	-529.9344156	-529.5301532	-529.4586016	-529.4852096	-529.4512925	-529.5000285	-529.4891811	-529.4518856	-529.5000285	-529.4891811	-529.4518856	-529.4583368	-529.4562369
1.815	-529.5350108	-529.4891531	-529.4591978	-529.4637329	-529.5047178	-529.4895975	-529.451783	-529.5047178	-529.4895975	-529.451783	-529.4592783	-529.4551752	-529.9335554	-529.5298796	-529.4577639	-529.4850248	-529.4504568	-529.499189	-529.4889176	-529.4511015	-529.499189	-529.4889176	-529.4511015	-529.4574989	-529.4553992
1.81	-529.5347326	-529.4889585	-529.4583444	-529.4628857	-529.5038621	-529.4893273	-529.4509847	-529.5038621	-529.4893273	-529.4509847	-529.4584249	-529.4543216	-529.9326796	-529.5296005	-529.4569101	-529.484834	-529.4496051	-529.4983339	-529.4886477	-529.4503016	-529.4983339	-529.4886477	-529.4503016	-529.456645	-529.4545453
1.805	-529.5344486	-529.488758	-529.4574747	-529.462022	-529.5029906	-529.4890507	-529.4501703	-529.5029906	-529.4890507	-529.4501703	-529.4575551	-529.4534517	-529.9317879	-529.5293154	-529.4560399	-529.4846371	-529.4487369	-529.497463	-529.4883713	-529.4494856	-529.497463	-529.4883713	-529.4494856	-529.4557746	-529.4536751
1.8	-529.5341587	-529.4885515	-529.4565883	-529.4611415	-529.502103	-529.4887675	-529.4493396	-529.502103	-529.4887675	-529.4493396	-529.4566686	-529.4525651	-529.9308802	-529.5290245	-529.4551531	-529.4844339	-529.4478521	-529.4965759	-529.4880883	-529.4486534	-529.4965759	-529.4880883	-529.4486534	-529.4548876	-529.4527883
1.795	-529.5338628	-529.4883387	-529.455685	-529.4602438	-529.501199	-529.4884774	-529.4484923	-529.501199	-529.4884774	-529.4484923	-529.4557652	-529.4516616	-529.9299561	-529.5287275	-529.4542493	-529.4842244	-529.4469503	-529.4956723	-529.4877984	-529.4478044	-529.4956723	-529.4877984	-529.4478044	-529.4539837	-529.4518845
1.79	-529.5335608	-529.4881195	-529.4547644	-529.4593287	-529.5002783	-529.4881805	-529.4476281	-529.5002783	-529.4881805	-529.4476281	-529.4548446	-529.4507409	-529.9290153	-529.5284244	-529.4533283	-529.4840082	-529.4460313	-529.4947498	-529.4874972	-529.4469384	-529.4947498	-529.4874972	-529.4469384	-529.4530626	-529.4509635
1.785	-529.5332525	-529.4878921	-529.4538264	-529.4583959	-529.4993407	-529.4878765	-529.4467466	-529.4993407	-529.4878765	-529.4467466	-529.4539064	-529.4498026	-529.9280575	-529.5281149	-529.4523898	-529.4837853	-529.4450947	-529.4938124	-529.4871935	-529.4460553	-529.4938124	-529.4871935	-529.4460553	-529.4521239	-529.450025
1.78	-529.5329377	-529.4876595	-529.4528704	-529.4574451	-529.4983859	-529.4875653	-529.4458476	-529.4983859	-529.4875653	-529.4458476	-529.4529504	-529.4488465	-529.9270825	-529.527799	-529.4514334	-529.4835554	-529.4441403	-529.4928591	-529.4868866	-529.4451538	-529.4928591	-529.4868866	-529.4451538	-529.4511674	-529.4490686
