R	H01	H02	H03	H04	H05	H06	H07	H08	H09	H010	H011	H012	H013	H014	H015	H016	H017	H018	H019	H020	H021	H022	H023	H024	H025
11	-529.5604771	-529.5120805	-529.5050499	-529.5051447	-529.5605398	-529.5052484	-529.5011451	-529.5605398	-529.5052484	-529.5011451	-529.5051299	-529.5010175	-529.9866377	-529.554851	-529.5037404	-529.5036904	-529.4935283	-529.5545706	-529.5035612	-529.5014177	-529.5545706	-529.5035612	-529.5014177	-529.5034297	-529.50128
10.8	-529.5604772	-529.5120807	-529.50505	-529.5051447	-529.56054	-529.5052484	-529.501145	-529.5605399	-529.5052485	-529.501145	-529.50513	-529.5010176	-529.9866377	-529.5548511	-529.5037403	-529.5036904	-529.493528	-529.5545708	-529.5035611	-529.5014176	-529.5545708	-529.5035611	-529.5014176	-529.5034298	-529.50128
10.6	-529.5604773	-529.5120808	-529.5050501	-529.5051446	-529.5605401	-529.5052484	-529.5011448	-529.5605401	-529.5052484	-529.5011448	-529.5051301	-529.5010177	-529.9866377	-529.5548512	-529.5037401	-529.5036906	-529.4935277	-529.5545709	-529.503561	-529.5014175	-529.5545709	-529.503561	-529.5014175	-529.5034299	-529.5012801
10.4	-529.5604774	-529.512081	-529.5050502	-529.5051444	-529.5605403	-529.5052484	-529.5011446	-529.5605403	-529.5052484	-529.5011446	-529.5051303	-529.5010178	-529.9866378	-529.5548515	-529.5037407	-529.5036894	-529.4935269	-529.5545711	-529.5035609	-529.5014173	-529.5545711	-529.5035609	-529.5014173	-529.5034301	-529.5012803
10.2	-529.5604775	-529.5120812	-529.5050504	-529.5051442	-529.5605405	-529.5052483	-529.5011443	-529.5605405	-529.5052483	-529.5011443	-529.5051322	-529.5010206	-529.9866378	-529.5548516	-529.5037403	-529.5036896	-529.4935264	-529.5545712	-529.5035606	-529.501417	-529.5545712	-529.5035606	-529.501417	-529.5034302	-529.5012803
10	-529.5604777	-529.5120814	-529.5050506	-529.5051438	-529.5605407	-529.5052481	-529.5011439	-529.5605407	-529.5052481	-529.5011439	-529.5051323	-529.5010207	-529.9866379	-529.5548517	-529.5037397	-529.5036898	-529.4935257	-529.5545714	-529.5035603	-529.5014166	-529.5545714	-529.5035603	-529.5014166	-529.5034303	-529.5012804
9.9	-529.5604778	-529.5120814	-529.5050507	-529.5051436	-529.5605409	-529.5052479	-529.5011436	-529.5605409	-529.5052479	-529.5011436	-529.5051324	-529.5010208	-529.9866379	-529.5548518	-529.5037394	-529.50369	-529.4935252	-529.5545715	-529.5035601	-529.5014164	-529.5545715	-529.5035601	-529.5014164	-529.5034303	-529.5012805
9.8	-529.5604779	-529.5120815	-529.5050508	-529.5051433	-529.560541	-529.5052478	-529.5011433	-529.560541	-529.5052478	-529.5011433	-529.5051325	-529.5010208	-529.9866379	-529.5548519	-529.503739	-529.5036901	-529.4935248	-529.5545716	-529.5035599	-529.5014161	-529.5545716	-529.5035599	-529.5014161	-529.5034304	-529.5012805
9.7	-529.5604779	-529.5120816	-529.5050509	-529.5051429	-529.5605411	-529.5052476	-529.5011429	-529.5605411	-529.5052476	-529.5011429	-529.5051326	-529.5010209	-529.9866379	-529.554852	-529.5037385	-529.5036902	-529.4935242	-529.5545717	-529.5035596	-529.5014157	-529.5545717	-529.5035596	-529.5014157	-529.5034304	-529.5012806
9.6	-529.560478	-529.5120817	-529.5050511	-529.5051425	-529.5605412	-529.5052473	-529.5011425	-529.5605412	-529.5052473	-529.5011425	-529.5051326	-529.501021	-529.9866379	-529.5548521	-529.503738	-529.5036904	-529.4935236	-529.5545708	-529.5035592	-529.5014153	-529.5545708	-529.5035592	-529.5014153	-529.5034305	-529.5012806
9.5	-529.5604781	-529.5120818	-529.5050512	-529.505142	-529.5605414	-529.5052471	-529.501142	-529.5605414	-529.5052471	-529.501142	-529.5051327	-529.501021	-529.986638	-529.5548522	-529.5037373	-529.5036906	-529.4935229	-529.5545709	-529.5035589	-529.5014149	-529.5545709	-529.5035588	-529.5014149	-529.5034306	-529.5012807
9.4	-529.5604782	-529.5120819	-529.5050514	-529.5051415	-529.5605415	-529.5052467	-529.5011415	-529.5605415	-529.5052467	-529.5011415	-529.5051328	-529.5010211	-529.986638	-529.5548523	-529.5037366	-529.5036907	-529.4935221	-529.5545711	-529.5035584	-529.5014144	-529.5545711	-529.5035584	-529.5014144	-529.5034307	-529.5012808
9.3	-529.5604784	-529.5120819	-529.5050516	-529.5051408	-529.5605417	-529.5052464	-529.5011408	-529.5605417	-529.5052464	-529.5011408	-529.5051329	-529.5010212	-529.986638	-529.5548524	-529.5037357	-529.503691	-529.4935212	-529.5545712	-529.5035579	-529.5014138	-529.5545712	-529.5035579	-529.5014138	-529.5034308	-529.5012809
9.2	-529.5604785	-529.512082	-529.5050518	-529.5051401	-529.5605417	-529.5052458	-529.50114	-529.5605417	-529.5052458	-529.50114	-529.505133	-529.5010213	-529.9866381	-529.5548525	-529.5037348	-529.5036912	-529.4935201	-529.5545713	-529.5035573	-529.5014131	-529.5545713	-529.5035572	-529.5014131	-529.5034308	-529.501281
9.1	-529.5604786	-529.512082	-529.505052	-529.5051392	-529.5605419	-529.5052453	-529.5011392	-529.5605419	-529.5052453	-529.5011392	-529.5051332	-529.5010214	-529.9866381	-529.5548526	-529.5037336	-529.5036915	-529.493519	-529.5545715	-529.5035565	-529.5014123	-529.5545715	-529.5035566	-529.5014123	-529.5034309	-529.5012811
9	-529.5604787	-529.512082	-529.5050523	-529.5051381	-529.560542	-529.5052447	-529.5011382	-529.5605421	-529.5052447	-529.5011382	-529.5051333	-529.5010216	-529.9866382	-529.5548527	-529.5037323	-529.5036917	-529.4935177	-529.5545716	-529.5035557	-529.5014114	-529.5545716	-529.5035557	-529.5014114	-529.5034311	-529.5012812
8.9	-529.5604789	-529.512082	-529.5050526	-529.5051369	-529.5605422	-529.505244	-529.5011371	-529.5605422	-529.505244	-529.5011371	-529.5051334	-529.5010217	-529.9866381	-529.5548529	-529.5037308	-529.503692	-529.4935163	-529.5545717	-529.5035548	-529.5014103	-529.5545717	-529.5035548	-529.5014103	-529.5034312	-529.5012813
8.8	-529.560479	-529.512082	-529.5050529	-529.5051355	-529.5605424	-529.5052431	-529.5011358	-529.5605424	-529.5052431	-529.5011358	-529.5051336	-529.5010219	-529.9866381	-529.5548531	-529.5037291	-529.5036924	-529.4935146	-529.5545719	-529.5035537	-529.5014091	-529.5545719	-529.5035537	-529.5014091	-529.5034314	-529.5012815
8.7	-529.5604792	-529.5120819	-529.5050533	-529.5051339	-529.5605426	-529.5052421	-529.5011344	-529.5605426	-529.5052422	-529.5011344	-529.5051338	-529.501022	-529.9866381	-529.5548532	-529.5037271	-529.5036928	-529.4935128	-529.554572	-529.5035525	-529.5014077	-529.5545721	-529.5035525	-529.5014077	-529.5034311	-529.5012816
8.6	-529.5604794	-529.5120818	-529.5050537	-529.5051321	-529.5605428	-529.505241	-529.5011327	-529.5605428	-529.5052411	-529.5011328	-529.5051339	-529.5010222	-529.9866379	-529.5548534	-529.5037249	-529.5036932	-529.4935115	-529.5545722	-529.5035511	-529.5014062	-529.5545722	-529.5035511	-529.5014062	-529.5034313	-529.5012818
8.5	-529.5604796	-529.5120816	-529.5050542	-529.5051299	-529.560543	-529.5052397	-529.5011308	-529.560543	-529.5052397	-529.5011308	-529.5051341	-529.5010224	-529.9866379	-529.5548535	-529.5037223	-529.5036937	-529.4935092	-529.5545724	-529.5035495	-529.5014044	-529.5545724	-529.5035495	-529.5014044	-529.5034315	-529.501282
8.4	-529.5604798	-529.5120814	-529.5050547	-529.5051275	-529.5605435	-529.5052384	-529.5011287	-529.5605435	-529.5052384	-529.5011287	-529.5051344	-529.5010227	-529.986638	-529.5548537	-529.5037194	-529.5036943	-529.4935065	-529.5545726	-529.5035478	-529.5014024	-529.5545726	-529.5035478	-529.5014024	-529.5034317	-529.5012822
8.3	-529.56048	-529.512081	-529.5050553	-529.5051246	-529.5605438	-529.5052366	-529.5011262	-529.5605438	-529.5052366	-529.5011262	-529.5051346	-529.5010229	-529.986638	-529.5548538	-529.503716	-529.5036949	-529.4935036	-529.5545728	-529.5035457	-529.5014001	-529.5545728	-529.5035457	-529.5014001	-529.5034319	-529.5012824
8.2	-529.5604804	-529.5120806	-529.5050559	-529.5051214	-529.560544	-529.5052346	-529.5011235	-529.560544	-529.5052346	-529.5011235	-529.5051349	-529.5010232	-529.986638	-529.5548538	-529.5037115	-529.5036956	-529.4934993	-529.5545729	-529.5035433	-529.5013974	-529.5545729	-529.5035433	-529.5013974	-529.5034322	-529.5012826
8.1	-529.560485	-529.512089	-529.5050614	-529.5051298	-529.5605444	-529.5052326	-529.5011208	-529.5605444	-529.5052326	-529.5011208	-529.505138	-529.5010271	-529.986638	-529.5548551	-529.5036939	-529.5037134	-529.4934967	-529.5545762	-529.5035431	-529.5013987	-529.5545762	-529.503543	-529.5013987	-529.5034344	-529.501285
8	-529.5604853	-529.5120883	-529.5050622	-529.5051255	-529.5605447	-529.5052299	-529.5011172	-529.5605447	-529.50523	-529.5011172	-529.5051384	-529.5010274	-529.9866381	-529.5548552	-529.5036942	-529.503709	-529.4934926	-529.5545764	-529.5035399	-529.5013952	-529.5545764	-529.5035399	-529.5013952	-529.5034347	-529.5012853
7.9	-529.5604855	-529.5120875	-529.5050631	-529.5051206	-529.560545	-529.5052269	-529.5011131	-529.560545	-529.5052269	-529.5011131	-529.5051387	-529.5010278	-529.9866382	-529.5548553	-529.5036946	-529.503704	-529.493488	-529.5545766	-529.5035364	-529.5013913	-529.5545765	-529.5035364	-529.5013913	-529.5034351	-529.5012857
7.8	-529.5604857	-529.5120865	-529.5050642	-529.505115	-529.5605453	-529.5052235	-529.5011085	-529.5605453	-529.5052235	-529.5011085	-529.5051391	-529.5010283	-529.9866383	-529.5548552	-529.5036947	-529.503698	-529.4934827	-529.5545766	-529.5035324	-529.5013867	-529.5545766	-529.5035324	-529.5013867	-529.5034355	-529.5012861
7.7	-529.5604859	-529.5120853	-529.5050653	-529.5051086	-529.5605456	-529.5052196	-529.5011033	-529.5605456	-529.5052196	-529.5011033	-529.5051396	-529.5010288	-529.9866384	-529.5548551	-529.5036951	-529.5036915	-529.4934769	-529.5545767	-529.5035279	-529.5013816	-529.5545766	-529.5035279	-529.5013816	-529.503436	-529.5012865
7.6	-529.5604861	-529.5120838	-529.5050666	-529.5051013	-529.5605458	-529.5052152	-529.5010974	-529.5605458	-529.5052152	-529.5010974	-529.5051401	-529.5010293	-529.9866384	-529.5548551	-529.5036957	-529.5036841	-529.4934705	-529.5545767	-529.5035228	-529.5013757	-529.5545767	-529.5035228	-529.5013757	-529.5034365	-529.5012871
7.5	-529.5604862	-529.512082	-529.5050606	-529.5051005	-529.560546	-529.5052101	-529.5010907	-529.560546	-529.5052101	-529.5010907	-529.5051406	-529.5010299	-529.9866385	-529.554855	-529.5036963	-529.5036757	-529.4934634	-529.5545767	-529.5035171	-529.5013691	-529.5545766	-529.5035171	-529.5013691	-529.5034371	-529.5012876
7.4	-529.5604863	-529.5120799	-529.5050612	-529.505092	-529.5605462	-529.5052044	-529.5010832	-529.5605462	-529.5052044	-529.5010832	-529.5051412	-529.5010306	-529.9866386	-529.5548548	-529.503697	-529.5036662	-529.4934554	-529.5545765	-529.5035107	-529.5013616	-529.5545765	-529.5035107	-529.5013616	-529.5034377	-529.5012883
7.3	-529.5604863	-529.5120774	-529.505062	-529.5050823	-529.5605463	-529.5051979	-529.5010747	-529.5605463	-529.5051979	-529.5010747	-529.5051419	-529.5010314	-529.9866387	-529.5548545	-529.5036977	-529.5036555	-529.4934465	-529.5545763	-529.5035035	-529.501353	-529.5545763	-529.5035035	-529.501353	-529.5034384	-529.501289
7.2	-529.5604862	-529.5120747	-529.5050628	-529.5050713	-529.5605465	-529.5051907	-529.5010652	-529.5605465	-529.5051907	-529.5010652	-529.5051434	-529.5010329	-529.9866388	-529.5548537	-529.5036985	-529.5036431	-529.4934371	-529.5545762	-529.5034957	-529.5013434	-529.5545762	-529.5034957	-529.5013434	-529.50344	-529.5012914
7.1	-529.5604861	-529.5120713	-529.5050638	-529.5050587	-529.5605465	-529.5051824	-529.5010543	-529.5605465	-529.5051824	-529.5010543	-529.5051444	-529.5010339	-529.9866389	-529.5548533	-529.5036994	-529.5036295	-529.4934261	-529.5545757	-529.5034867	-529.5013324	-529.5545757	-529.5034867	-529.5013324	-529.5034409	-529.5012916
7	-529.5604858	-529.5120673	-529.5050648	-529.5050445	-529.5605464	-529.5051731	-529.5010421	-529.5605464	-529.5051731	-529.5010421	-529.5051455	-529.501035	-529.9866391	-529.5548525	-529.5037005	-529.5036141	-529.4934139	-529.5545751	-529.5034767	-529.5013199	-529.5545751	-529.5034767	-529.5013199	-529.5034419	-529.5012927
6.9	-529.5604853	-529.5120626	-529.505066	-529.5050283	-529.5605462	-529.5051627	-529.5010282	-529.5605462	-529.5051627	-529.5010282	-529.5051467	-529.5010362	-529.9866393	-529.5548514	-529.5037016	-529.5035968	-529.4934005	-529.5545742	-529.5034657	-529.5013057	-529.5545742	-529.5034657	-529.5013057	-529.5034431	-529.5012939
6.8	-529.5604846	-529.5120573	-529.5050673	-529.50501	-529.5605458	-529.505151	-529.5010127	-529.5605458	-529.505151	-529.5010127	-529.5051479	-529.5010375	-529.9866395	-529.5548501	-529.503703	-529.5035774	-529.4933855	-529.5545731	-529.5034535	-529.5012896	-529.5545731	-529.5034535	-529.5012896	-529.5034445	-529.5012953
6.7	-529.5604836	-529.512051	-529.5050688	-529.5049893	-529.5605452	-529.5051379	-529.5009951	-529.5605452	-529.5051379	-529.5009951	-529.5051501	-529.5010398	-529.9866397	-529.5548485	-529.5037045	-529.5035557	-529.493369	-529.5545717	-529.50344	-529.5012713	-529.5545717	-529.50344	-529.5012713	-529.503446	-529.5012968
6.6	-529.5604823	-529.5120439	-529.5050704	-529.5049658	-529.5605444	-529.5051234	-529.5009753	-529.5605444	-529.5051234	-529.5009753	-529.5051517	-529.5010415	-529.98664	-529.5548464	-529.5037061	-529.5035313	-529.4933506	-529.5545699	-529.5034252	-529.5012505	-529.5545699	-529.5034252	-529.5012505	-529.5034477	-529.5012985
6.5	-529.5604807	-529.5120357	-529.5050723	-529.5049393	-529.5605432	-529.5051071	-529.5009531	-529.5605432	-529.5051071	-529.5009531	-529.5051535	-529.5010435	-529.9866402	-529.5548437	-529.503708	-529.503504	-529.4933306	-529.5545677	-529.503409	-529.5012269	-529.5545676	-529.503409	-529.5012269	-529.5034496	-529.5013005
6.4	-529.5604785	-529.5120264	-529.5050744	-529.5049093	-529.5605448	-529.5050895	-529.5009289	-529.5605448	-529.5050896	-529.5009289	-529.5051555	-529.5010457	-529.9866405	-529.5548405	-529.5037101	-529.5034737	-529.4933082	-529.5545648	-529.5033914	-529.5011999	-529.5545648	-529.5033914	-529.5011999	-529.5034517	-529.5013027
6.3	-529.5604753	-529.5120157	-529.5050765	-529.5048749	-529.5605428	-529.5050697	-529.5009007	-529.5605428	-529.5050697	-529.5009007	-529.5051577	-529.5010481	-529.9866407	-529.5548369	-529.5037129	-529.5034401	-529.4932837	-529.5545614	-529.5033723	-529.5011693	-529.5545614	-529.5033723	-529.5011693	-529.5034541	-529.5013055
6.2	-529.5604718	-529.5120036	-529.5050791	-529.5048367	-529.5605403	-529.5050477	-529.5008689	-529.5605403	-529.5050477	-529.5008689	-529.5051601	-529.5010502	-529.9866412	-529.5548321	-529.5037154	-529.5034024	-529.4932563	-529.5545572	-529.5033518	-529.5011345	-529.5545572	-529.5033518	-529.5011345	-529.5034568	-529.5013082
6.1	-529.5604673	-529.51199	-529.505082	-529.5047936	-529.560537	-529.5050236	-529.5008331	-529.560537	-529.5050236	-529.5008331	-529.505163	-529.5010532	-529.9866418	-529.5548262	-529.5037185	-529.5033605	-529.4932264	-529.5545521	-529.5033298	-529.5010949	-529.5545521	-529.5033298	-529.5010949	-529.5034599	-529.5013114
6	-529.5604618	-529.5119747	-529.5050853	-529.5047451	-529.5605329	-529.5049972	-529.5007928	-529.5605329	-529.5049972	-529.5007928	-529.5051662	-529.5010567	-529.9866424	-529.5548191	-529.5037218	-529.5033142	-529.4931933	-529.5545462	-529.5033066	-529.5010499	-529.5545462	-529.5033066	-529.50105	-529.5034635	-529.5013151
5.95	-529.5604586	-529.5119663	-529.5050871	-529.5047186	-529.5605305	-529.5049831	-529.5007708	-529.5605305	-529.5049831	-529.5007708	-529.5051679	-529.5010586	-529.9866428	-529.5548151	-529.5037236	-529.5032891	-529.4931756	-529.5545426	-529.5032944	-529.5010251	-529.5545426	-529.5032944	-529.5010251	-529.5034653	-529.501317
5.9	-529.560455	-529.5119575	-529.505089	-529.5046905	-529.5605278	-529.5049684	-529.5007474	-529.5605278	-529.5049684	-529.5007474	-529.5051698	-529.5010607	-529.9866431	-529.5548106	-529.5037255	-529.5032629	-529.493157	-529.5545386	-529.5032819	-529.5009985	-529.5545386	-529.5032819	-529.5009985	-529.5034667	-529.5013185
5.85	-529.560451	-529.5119481	-529.505091	-529.5046606	-529.5605248	-529.504953	-529.5007227	-529.5605248	-529.504953	-529.5007227	-529.5051718	-529.5010629	-529.9866445	-529.554806	-529.5037276	-529.5032354	-529.4931377	-529.5545343	-529.5032692	-529.5009701	-529.5545343	-529.5032692	-529.5009701	-529.5034688	-529.5013205
5.8	-529.5604466	-529.5119382	-529.5050931	-529.5046289	-529.5605215	-529.5049371	-529.5006963	-529.5605215	-529.5049371	-529.5006963	-529.5051739	-529.5010651	-529.9866449	-529.5548007	-529.5037298	-529.5032064	-529.4931172	-529.5545296	-529.5032561	-529.5009399	-529.5545296	-529.5032561	-529.5009399	-529.503471	-529.5013228
5.75	-529.5604418	-529.5119277	-529.5050952	-529.5045954	-529.5605178	-529.5049205	-529.5006684	-529.5605178	-529.5049205	-529.5006684	-529.5051761	-529.5010675	-529.9866454	-529.5547948	-529.5037321	-529.5031759	-529.4930957	-529.5545244	-529.5032429	-529.5009076	-529.5545244	-529.5032429	-529.5009076	-529.5034733	-529.5013252
5.7	-529.5604365	-529.5119168	-529.5050976	-529.5045598	-529.5605137	-529.5049033	-529.5006388	-529.5605137	-529.5049033	-529.5006388	-529.5051785	-529.50107	-529.9866458	-529.5547885	-529.5037344	-529.503144	-529.4930732	-529.5545188	-529.5032294	-529.5008731	-529.5545188	-529.5032294	-529.5008732	-529.5034757	-529.5013277
5.65	-529.5604306	-529.5119052	-529.5051001	-529.5045222	-529.5605092	-529.5048855	-529.5006073	-529.5605091	-529.5048855	-529.5006073	-529.505181	-529.5010727	-529.9866464	-529.5547816	-529.503737	-529.5031105	-529.4930496	-529.5545126	-529.5032158	-529.5008364	-529.5545127	-529.5032158	-529.5008364	-529.5034783	-529.5013304
5.6	-529.5604241	-529.5118931	-529.5051028	-529.5044823	-529.5605041	-529.504867	-529.5005739	-529.5605041	-529.504867	-529.5005739	-529.5051836	-529.5010756	-529.9866469	-529.554774	-529.5037398	-529.5030754	-529.4930249	-529.5545058	-529.503202	-529.5007972	-529.5545059	-529.5032021	-529.5007972	-529.5034811	-529.5013333
5.55	-529.5604171	-529.5118805	-529.5051056	-529.50444	-529.5604986	-529.504848	-529.5005384	-529.5604986	-529.504848	-529.5005384	-529.5051864	-529.5010786	-529.9866475	-529.5547658	-529.5037427	-529.5030387	-529.492999	-529.5544985	-529.5031882	-529.5007554	-529.5544985	-529.5031882	-529.5007554	-529.503484	-529.5013363
5.5	-529.5604093	-529.5118672	-529.5051086	-529.5043952	-529.5604925	-529.5048284	-529.5005008	-529.5604925	-529.5048284	-529.5005008	-529.5051894	-529.5010817	-529.9866481	-529.5547569	-529.5037457	-529.5030004	-529.4929718	-529.5544904	-529.5031743	-529.5007109	-529.5544905	-529.5031744	-529.5007109	-529.5034872	-529.5013395
5.45	-529.5604007	-529.5118533	-529.5051118	-529.5043478	-529.5604857	-529.5048081	-529.5004609	-529.5604857	-529.5048081	-529.5004609	-529.5051926	-529.5010851	-529.9866488	-529.5547472	-529.503749	-529.5029602	-529.4929434	-529.5544817	-529.5031605	-529.5006634	-529.5544817	-529.5031605	-529.5006635	-529.5034905	-529.5013429
5.4	-529.5603914	-529.5118387	-529.5051151	-529.5042976	-529.5604783	-529.5047874	-529.5004186	-529.5604783	-529.5047874	-529.5004186	-529.5051959	-529.5010886	-529.9866495	-529.5547366	-529.5037524	-529.5029183	-529.4929136	-529.5544722	-529.5031467	-529.500613	-529.5544722	-529.5031467	-529.500613	-529.503494	-529.5013466
5.35	-529.5603811	-529.5118236	-529.5051187	-529.5042445	-529.5604702	-529.5047661	-529.5003737	-529.5604702	-529.5047661	-529.5003737	-529.5051995	-529.5010924	-529.9866503	-529.5547254	-529.5037561	-529.5028747	-529.4928824	-529.5544618	-529.503133	-529.5005592	-529.5544619	-529.5031331	-529.5005593	-529.5034977	-529.5013504
5.3	-529.5603699	-529.5118078	-529.5051225	-529.5041883	-529.5604613	-529.5047443	-529.5003261	-529.5604613	-529.5047443	-529.5003261	-529.5052032	-529.5010964	-529.9866512	-529.5547129	-529.50376	-529.5028291	-529.4928508	-529.5544506	-529.5031195	-529.5005021	-529.5544506	-529.5031195	-529.5005021	-529.5035016	-529.5013544
5.25	-529.5603577	-529.5117915	-529.5051265	-529.5041289	-529.5604516	-529.5047221	-529.5002756	-529.5604516	-529.5047221	-529.5002756	-529.5052073	-529.5011006	-529.986652	-529.5546995	-529.5037641	-529.5027817	-529.4928159	-529.5544384	-529.5031063	-529.5004414	-529.5544384	-529.5031063	-529.5004414	-529.5035058	-529.5013588
5.2	-529.5603443	-529.5117745	-529.5051308	-529.504066	-529.5604409	-529.5046994	-529.5002221	-529.5604409	-529.5046994	-529.5002221	-529.5052115	-529.5011051	-529.9866529	-529.5546849	-529.5037685	-529.5027322	-529.4927802	-529.5544251	-529.5030933	-529.5003769	-529.5544252	-529.5030933	-529.5003769	-529.5035102	-529.5013633
5.15	-529.5603297	-529.5117569	-529.5051353	-529.5039996	-529.5604293	-529.5046764	-529.5001654	-529.5604293	-529.5046764	-529.5001654	-529.505216	-529.5011098	-529.9866539	-529.554669	-529.5037731	-529.5026808	-529.492743	-529.5544108	-529.5030807	-529.5003085	-529.5544108	-529.5030807	-529.5003085	-529.5035149	-529.5013681
5.1	-529.5603138	-529.5117387	-529.5051401	-529.5039294	-529.5604166	-529.5046531	-529.5001053	-529.5604166	-529.5046531	-529.5001053	-529.5052208	-529.5011149	-529.9866549	-529.5546518	-529.5037788	-529.5026266	-529.4927041	-529.5543953	-529.5030685	-529.500236	-529.5543953	-529.5030685	-529.500236	-529.5035199	-529.5013733
5.05	-529.5602966	-529.5117199	-529.5051452	-529.5038552	-529.5604028	-529.5046295	-529.5000417	-529.5604028	-529.5046295	-529.5000417	-529.5052258	-529.5011202	-529.9866561	-529.5546331	-529.5037834	-529.5025718	-529.4926635	-529.5543785	-529.5030568	-529.5001593	-529.5543785	-529.5030568	-529.5001593	-529.5035252	-529.5013787
5	-529.5602778	-529.5117005	-529.5051506	-529.5037769	-529.5603877	-529.5046058	-529.4999745	-529.5603877	-529.5046058	-529.4999745	-529.5052312	-529.5011259	-529.9866573	-529.5546131	-529.5037889	-529.5025142	-529.4926212	-529.5543603	-529.5030456	-529.5000781	-529.5543603	-529.5030457	-529.5000781	-529.5035308	-529.5013844
4.95	-529.5602573	-529.5116807	-529.5051563	-529.5036942	-529.5603713	-529.5045819	-529.4999033	-529.5603713	-529.5045819	-529.4999033	-529.5052369	-529.5011319	-529.9866586	-529.5545914	-529.5037948	-529.5024547	-529.4925769	-529.5543406	-529.5030351	-529.4999923	-529.5543407	-529.5030351	-529.4999923	-529.5035386	-529.5013918
4.9	-529.5602351	-529.5116603	-529.5051624	-529.5036071	-529.5603535	-529.504558	-529.4998281	-529.5603535	-529.504558	-529.4998281	-529.505243	-529.5011383	-529.98666	-529.5545682	-529.5038013	-529.5023931	-529.4925308	-529.5543194	-529.5030252	-529.4999017	-529.5543195	-529.5030252	-529.4999017	-529.5035473	-529.5013993
4.85	-529.560211	-529.5116395	-529.5051689	-529.5035151	-529.5603344	-529.5045344	-529.4997488	-529.5603344	-529.5045344	-529.4997488	-529.5052494	-529.501145	-529.9866615	-529.554543	-529.5038082	-529.5023296	-529.4924829	-529.5542966	-529.503016	-529.4998062	-529.5542966	-529.503016	-529.4998062	-529.503554	-529.5014062
4.8	-529.5601849	-529.5116183	-529.5051758	-529.5034183	-529.5603135	-529.5045107	-529.4996651	-529.5603135	-529.5045107	-529.4996651	-529.5052563	-529.5011522	-529.9866631	-529.5545159	-529.5038153	-529.5022639	-529.4924329	-529.5542719	-529.5030076	-529.4997057	-529.5542719	-529.5030076	-529.4997057	-529.5035611	-529.5014135
4.75	-529.5601567	-529.5115967	-529.505183	-529.5033163	-529.5602908	-529.5044873	-529.4995767	-529.5602908	-529.5044873	-529.4995767	-529.5052636	-529.5011598	-529.9866649	-529.5544866	-529.5038228	-529.5021961	-529.4923809	-529.5542454	-529.503	-529.4996001	-529.5542454	-529.503	-529.4996001	-529.5035686	-529.5014212
4.7	-529.5601261	-529.5115748	-529.5051908	-529.503209	-529.5602662	-529.5044642	-529.4994836	-529.5602662	-529.5044642	-529.4994836	-529.5052713	-529.5011679	-529.9866668	-529.5544552	-529.5038307	-529.5021249	-529.4923268	-529.5542168	-529.5029934	-529.4994891	-529.5542168	-529.5029934	-529.4994891	-529.5035766	-529.5014295
4.65	-529.5600934	-529.5115523	-529.5051991	-529.5030969	-529.5602396	-529.5044414	-529.4993855	-529.5602396	-529.5044415	-529.4993855	-529.5052787	-529.5011747	-529.9866689	-529.5544228	-529.5038389	-529.5020533	-529.4922709	-529.5541865	-529.5029878	-529.4993728	-529.5541865	-529.5029878	-529.4993728	-529.5035851	-529.5014382
4.6	-529.5600577	-529.51153	-529.5052078	-529.5029784	-529.5602108	-529.5044193	-529.4992824	-529.5602108	-529.5044194	-529.4992824	-529.5052874	-529.5011837	-529.986671	-529.5543864	-529.5038478	-529.5019796	-529.4922128	-529.5541535	-529.502983	-529.499251	-529.5541535	-529.502983	-529.499251	-529.5035941	-529.5014475
4.55	-529.5600187	-529.5115075	-529.5052167	-529.5028527	-529.5601798	-529.5043979	-529.4991742	-529.5601798	-529.5043979	-529.4991742	-529.505298	-529.5011966	-529.9866733	-529.5543477	-529.5038575	-529.5019044	-529.4921523	-529.5541182	-529.5029794	-529.4991236	-529.5541182	-529.5029794	-529.4991237	-529.5036037	-529.5014573
4.5	-529.5599775	-529.5114863	-529.505227	-529.5027229	-529.5601463	-529.5043773	-529.4990608	-529.5601463	-529.5043773	-529.4990608	-529.5053079	-529.5012069	-529.9866757	-529.5543061	-529.5038677	-529.5018274	-529.4920898	-529.5540803	-529.5029768	-529.4989907	-529.5540813	-529.5029769	-529.4989907	-529.5036139	-529.5014677
4.45	-529.559933	-529.511464	-529.5052375	-529.5025864	-529.5601101	-529.5043575	-529.498942	-529.5601101	-529.5043575	-529.498942	-529.5053184	-529.5012179	-529.9866784	-529.5542614	-529.5038784	-529.5017489	-529.4920251	-529.5540407	-529.5029754	-529.4988522	-529.5540407	-529.5029755	-529.4988522	-529.5036247	-529.5014788
4.4	-529.5598852	-529.511442	-529.5052488	-529.5024437	-529.5600712	-529.5043387	-529.4988177	-529.5600712	-529.5043388	-529.4988177	-529.5053296	-529.5012295	-529.9866812	-529.5542124	-529.5038898	-529.5016689	-529.4919578	-529.5539973	-529.5029752	-529.498708	-529.5539973	-529.5029753	-529.498708	-529.5036361	-529.5014905
4.35	-529.5598338	-529.5114203	-529.5052609	-529.5022944	-529.5600294	-529.5043211	-529.498688	-529.5600294	-529.5043211	-529.498688	-529.5053415	-529.5012418	-529.9866842	-529.5541617	-529.5039022	-529.5015875	-529.4918891	-529.5539508	-529.5029763	-529.4985583	-529.5539508	-529.5029763	-529.4985583	-529.5036483	-529.501503
4.3	-529.5597787	-529.511399	-529.5052736	-529.5021388	-529.5599844	-529.5043047	-529.4985529	-529.5599844	-529.5043047	-529.4985529	-529.5053542	-529.5012549	-529.9866874	-529.5541076	-529.5039151	-529.5015049	-529.4918184	-529.5539013	-529.5029787	-529.498403	-529.5539013	-529.5029787	-529.498403	-529.5036613	-529.5015163
4.25	-529.5597196	-529.5113782	-529.5052871	-529.5019767	-529.5599361	-529.5042897	-529.4984123	-529.5599361	-529.5042897	-529.4984123	-529.5053677	-529.5012689	-529.9866908	-529.5540499	-529.5039289	-529.5014214	-529.4917458	-529.5538483	-529.5029825	-529.4982423	-529.5538483	-529.5029825	-529.4982423	-529.5036751	-529.5015304
4.2	-529.5596572	-529.511358	-529.5053019	-529.5018094	-529.5598842	-529.5042761	-529.4982663	-529.5598842	-529.5042762	-529.4982663	-529.5053821	-529.5012837	-529.9866945	-529.5539884	-529.5039436	-529.501337	-529.4916716	-529.553792	-529.5029878	-529.4980764	-529.553792	-529.5029878	-529.4980764	-529.5036897	-529.5015453
4.15	-529.5595898	-529.5113386	-529.5053171	-529.5016344	-529.5598295	-529.5042642	-529.4981151	-529.5598295	-529.5042642	-529.4981151	-529.5053974	-529.5012994	-529.9866984	-529.5539232	-529.5039591	-529.5012518	-529.491596	-529.5537319	-529.5029945	-529.4979053	-529.5537319	-529.5029946	-529.4979053	-529.5037053	-529.5015612
4.1	-529.5595181	-529.5113202	-529.5053335	-529.5014538	-529.55977	-529.504254	-529.4979588	-529.55977	-529.5042541	-529.4979588	-529.5054137	-529.5013161	-529.9867024	-529.553854	-529.5039756	-529.5011663	-529.4915188	-529.5536681	-529.5030029	-529.4977294	-529.5536681	-529.5030029	-529.4977294	-529.5037219	-529.5015781
4.05	-529.5594416	-529.5113026	-529.5053507	-529.5012664	-529.5597056	-529.5042458	-529.4977977	-529.5597056	-529.5042458	-529.4977977	-529.505431	-529.5013338	-529.9867066	-529.5537806	-529.5039931	-529.5010807	-529.4914405	-529.5536002	-529.503013	-529.4975489	-529.5536002	-529.503013	-529.4975489	-529.5037394	-529.501596
4	-529.5593602	-529.5112862	-529.505369	-529.5010732	-529.5596385	-529.5042395	-529.497632	-529.5596385	-529.5042396	-529.497632	-529.5054493	-529.5013527	-529.986711	-529.5537032	-529.5040117	-529.5009953	-529.4913613	-529.5535283	-529.5030248	-529.4973641	-529.5535283	-529.5030248	-529.4973642	-529.5037581	-529.501615
3.95	-529.5592737	-529.5112711	-529.5053884	-529.5008744	-529.559566	-529.5042354	-529.497462	-529.559566	-529.5042354	-529.497462	-529.5054688	-529.5013726	-529.9867156	-529.5536214	-529.5040311	-529.5009105	-529.4912814	-529.553452	-529.5030385	-529.4971755	-529.553452	-529.5030385	-529.4971755	-529.5037779	-529.5016352
3.9	-529.5591821	-529.5112574	-529.5054089	-529.5006706	-529.5594887	-529.5042334	-529.4972881	-529.5594887	-529.5042334	-529.4972881	-529.5054895	-529.5013938	-529.9867202	-529.5535348	-529.504052	-529.5008261	-529.4912017	-529.5533702	-529.5030542	-529.4969839	-529.5533702	-529.5030542	-529.4969839	-529.5037989	-529.5016566
3.85	-529.5590842	-529.511245	-529.5054301	-529.5004601	-529.5594064	-529.5042339	-529.4971113	-529.5594064	-529.5042339	-529.4971113	-529.5055115	-529.5014162	-529.9867247	-529.5534426	-529.5040733	-529.500743	-529.4911224	-529.5532848	-529.5030719	-529.4967889	-529.5532848	-529.5030719	-529.4967889	-529.5038211	-529.5016792
3.8	-529.5589817	-529.5112345	-529.5054531	-529.5002476	-529.5593188	-529.504237	-529.4969311	-529.5593188	-529.504237	-529.4969311	-529.5055347	-529.5014398	-529.9867294	-529.5533477	-529.5040976	-529.5006614	-529.4910439	-529.5531945	-529.5030917	-529.4965917	-529.5531945	-529.5030917	-529.4965917	-529.5038446	-529.5017031
3.75	-529.5588735	-529.5112256	-529.5054775	-529.5000319	-529.5592258	-529.5042428	-529.4967487	-529.5592258	-529.5042428	-529.4967487	-529.5055593	-529.5014648	-529.986734	-529.5532469	-529.5041222	-529.50058	-529.4909659	-529.5530993	-529.5031139	-529.4963928	-529.5530993	-529.5031139	-529.4963928	-529.5038689	-529.5017274
3.7	-529.5587596	-529.5112186	-529.5055031	-529.4998137	-529.5591272	-529.5042514	-529.4965641	-529.5591272	-529.5042514	-529.4965647	-529.5055852	-529.5014911	-529.9867383	-529.5531414	-529.5041483	-529.5005008	-529.490891	-529.5529989	-529.5031385	-529.496193	-529.5529989	-529.5031385	-529.496193	-529.5038951	-529.501754
3.65	-529.5586404	-529.5112146	-529.505531	-529.4995943	-529.5590226	-529.504263	-529.4963793	-529.5590226	-529.504263	-529.4963793	-529.5056124	-529.5015188	-529.9867423	-529.5530309	-529.5041755	-529.5004234	-529.4908189	-529.5528932	-529.5031656	-529.4959946	-529.5528932	-529.5031656	-529.4959946	-529.5039226	-529.5017819
3.6	-529.5585148	-529.5112115	-529.5055593	-529.4993743	-529.5589119	-529.5042778	-529.4961945	-529.5589119	-529.5042778	-529.4961945	-529.505641	-529.5015478	-529.9867455	-529.5529156	-529.5042041	-529.5003485	-529.4907505	-529.5527821	-529.5031955	-529.4957954	-529.5527821	-529.5031955	-529.4957954	-529.5039514	-529.5018111
3.55	-529.5583834	-529.5112105	-529.5055889	-529.4991552	-529.5587948	-529.504296	-529.4960105	-529.5587948	-529.504296	-529.4960105	-529.5056709	-529.501578	-529.9867481	-529.5527955	-529.504234	-529.500276	-529.4906865	-529.5526652	-529.5032283	-529.4955978	-529.5526652	-529.5032283	-529.4955978	-529.5039815	-529.5018416
3.5	-529.5582461	-529.5112114	-529.5056198	-529.4989385	-529.5586699	-529.5043177	-529.4958283	-529.5586699	-529.5043177	-529.4958283	-529.5057019	-529.5016094	-529.9867494	-529.5526706	-529.504265	-529.5002061	-529.490628	-529.5525425	-529.503264	-529.4954028	-529.5525425	-529.503264	-529.4954028	-529.5040127	-529.5018733
3.45	-529.5581039	-529.5112145	-529.5056524	-529.4987276	-529.558539	-529.504343	-529.4956488	-529.558539	-529.504343	-529.4956488	-529.505734	-529.5016418	-529.9867494	-529.552541	-529.504299	-529.5001397	-529.4905771	-529.5524137	-529.5033031	-529.4952113	-529.5524137	-529.5033031	-529.4952113	-529.5040454	-529.5019069
3.4	-529.5579551	-529.511219	-529.505685	-529.4985198	-529.5584005	-529.5043722	-529.4954729	-529.5584005	-529.5043722	-529.4954729	-529.5057669	-529.501675	-529.9867472	-529.552407	-529.5043315	-529.5000754	-529.4905324	-529.5522785	-529.5033455	-529.4950244	-529.5522785	-529.5033455	-529.4950244	-529.5040784	-529.5019404
3.35	-529.5578006	-529.5112251	-529.5057182	-529.4983192	-529.5582545	-529.5044054	-529.4953017	-529.5582545	-529.5044054	-529.4953018	-529.5058003	-529.5017087	-529.9867424	-529.552268	-529.5043649	-529.500014	-529.4904964	-529.5521366	-529.5033914	-529.4948431	-529.5521377	-529.5033914	-529.494843	-529.504112	-529.5019743
3.3	-529.5576407	-529.5112322	-529.5057515	-529.4981275	-529.5581003	-529.5044428	-529.4951361	-529.5581002	-529.5044428	-529.4951361	-529.5058339	-529.5017425	-529.9867339	-529.552125	-529.5043984	-529.4999553	-529.4904701	-529.5519888	-529.5034411	-529.4946681	-529.5519887	-529.5034411	-529.494668	-529.5041455	-529.5020083
3.25	-529.5574756	-529.51124	-529.5057843	-529.4979466	-529.5579372	-529.5044845	-529.4949769	-529.5579371	-529.5044845	-529.4949769	-529.5058669	-529.5017757	-529.9867212	-529.5519776	-529.5044309	-529.4998987	-529.4904546	-529.5518322	-529.5034947	-529.4945004	-529.5518322	-529.5034947	-529.4945003	-529.5041786	-529.5020418
3.2	-529.5573054	-529.5112477	-529.505816	-529.4977786	-529.5577646	-529.5045307	-529.4948248	-529.5577657	-529.5045306	-529.4948249	-529.5058988	-529.5018078	-529.986703	-529.5518264	-529.5044627	-529.4998445	-529.4904513	-529.5516674	-529.5035524	-529.4943407	-529.5516674	-529.5035524	-529.4943406	-529.5042105	-529.502074
3.15	-529.5571309	-529.5112547	-529.5058458	-529.4976262	-529.5575828	-529.5045813	-529.4946805	-529.5575827	-529.5045813	-529.4946805	-529.5059286	-529.5018377	-529.9866779	-529.5516714	-529.5044933	-529.4997912	-529.4904611	-529.5514923	-529.5036142	-529.4941895	-529.5514923	-529.5036142	-529.4941895	-529.5042402	-529.5021041
3.1	-529.5569514	-529.5112595	-529.505872	-529.4974901	-529.5573882	-529.5046365	-529.4945442	-529.5573882	-529.5046365	-529.4945442	-529.505955	-529.5018641	-529.9866439	-529.5515128	-529.5045189	-529.4997397	-529.4904853	-529.5513097	-529.5036802	-529.4940473	-529.5513097	-529.5036802	-529.4940473	-529.5042664	-529.5021307
3.05	-529.5567675	-529.5112608	-529.5058934	-529.497373	-529.5571809	-529.5046962	-529.4944159	-529.5571808	-529.5046962	-529.4944159	-529.5059765	-529.5018856	-529.9865989	-529.5513508	-529.5045408	-529.4996865	-529.4905246	-529.5511131	-529.5037505	-529.4939139	-529.5511131	-529.5037505	-529.4939139	-529.5042877	-529.5021524
3	-529.5565796	-529.5112569	-529.5059079	-529.4972769	-529.5569591	-529.5047603	-529.4942952	-529.556959	-529.5047603	-529.4942952	-529.505991	-529.5019001	-529.9865404	-529.5511856	-529.504555	-529.4996318	-529.49058	-529.5509047	-529.5038248	-529.4937888	-529.5509047	-529.5038248	-529.4937888	-529.5043018	-529.502167
2.99	-529.5565415	-529.5112552	-529.5059097	-529.4972604	-529.5569127	-529.5047736	-529.4942719	-529.5569127	-529.5047736	-529.4942719	-529.5059929	-529.5019019	-529.9865267	-529.5511521	-529.5045569	-529.4996205	-529.490593	-529.5508613	-529.5038402	-529.4937647	-529.5508613	-529.5038402	-529.4937647	-529.5043036	-529.5021688
2.98	-529.5565033	-529.5112531	-529.5059112	-529.4972447	-529.5568657	-529.504787	-529.4942489	-529.5568657	-529.504787	-529.4942489	-529.5059944	-529.5019034	-529.9865124	-529.5511185	-529.5045583	-529.499609	-529.4906068	-529.5508172	-529.5038557	-529.4937409	-529.5508172	-529.5038557	-529.4937409	-529.504305	-529.5021703
2.97	-529.5564648	-529.5112508	-529.5059122	-529.49723	-529.556818	-529.5048007	-529.4942261	-529.556818	-529.5048007	-529.4942261	-529.5059954	-529.5019044	-529.9864973	-529.5510848	-529.5045585	-529.4995978	-529.4906212	-529.5507725	-529.5038713	-529.4937173	-529.5507725	-529.5038713	-529.4937173	-529.504306	-529.5021713
2.96	-529.5564262	-529.511248	-529.5059128	-529.4972163	-529.5567695	-529.5048144	-529.4942035	-529.5567695	-529.5048144	-529.4942035	-529.505996	-529.5019049	-529.9864815	-529.5510509	-529.504559	-529.4995859	-529.4906363	-529.5507271	-529.5038871	-529.493694	-529.5507284	-529.5038871	-529.4936941	-529.5043064	-529.5021718
2.95	-529.5563875	-529.5112448	-529.5059129	-529.4972035	-529.5567193	-529.5048284	-529.4941812	-529.5567193	-529.5048284	-529.4941812	-529.5059961	-529.501905	-529.9864648	-529.5510167	-529.504559	-529.4995738	-529.490652	-529.5506823	-529.503903	-529.493671	-529.5506823	-529.503903	-529.493671	-529.5043065	-529.5021719
2.94	-529.5563486	-529.5112412	-529.5059125	-529.4971917	-529.5566693	-529.5048424	-529.494159	-529.5566702	-529.5048423	-529.494159	-529.5059957	-529.5019046	-529.9864474	-529.5509825	-529.5045586	-529.4995614	-529.4906684	-529.5506355	-529.5039191	-529.4936482	-529.5506355	-529.5039191	-529.4936482	-529.504306	-529.5021715
2.93	-529.5563095	-529.5112371	-529.5059115	-529.4971809	-529.5566185	-529.5048566	-529.494137	-529.5566185	-529.5048566	-529.494137	-529.5059948	-529.5019036	-529.986429	-529.5509484	-529.5045575	-529.4995487	-529.4906855	-529.5505879	-529.5039353	-529.4936255	-529.5505879	-529.5039353	-529.4936256	-529.5043049	-529.5021705
2.92	-529.5562702	-529.5112325	-529.50591	-529.4971711	-529.5565668	-529.5048709	-529.4941152	-529.5565668	-529.5048709	-529.4941152	-529.5059933	-529.5019021	-529.9864098	-529.5509139	-529.5045559	-529.4995357	-529.4907032	-529.5505395	-529.5039516	-529.4936031	-529.5505395	-529.5039517	-529.4936031	-529.5043033	-529.502169
2.91	-529.5562308	-529.5112274	-529.5059079	-529.4971623	-529.5565143	-529.5048854	-529.4940936	-529.5565151	-529.5048853	-529.4940936	-529.5059913	-529.5019	-529.9863897	-529.5508792	-529.5045538	-529.4995224	-529.4907216	-529.5504904	-529.5039681	-529.4935809	-529.5504904	-529.5039681	-529.4935809	-529.5043011	-529.5021668
2.9	-529.5561912	-529.5112218	-529.5059052	-529.4971545	-529.5564617	-529.5048999	-529.4940721	-529.5564617	-529.5048999	-529.4940721	-529.5059885	-529.5018972	-529.9863685	-529.5508444	-529.5045509	-529.4995088	-529.4907407	-529.5504404	-529.5039847	-529.4935587	-529.5504404	-529.5039847	-529.4935588	-529.5042983	-529.502164
2.89	-529.5561514	-529.5112155	-529.5059018	-529.4971477	-529.5564074	-529.5049146	-529.4940506	-529.5564073	-529.5049146	-529.4940506	-529.5059852	-529.5018937	-529.9863463	-529.5508095	-529.5045474	-529.4994947	-529.4907605	-529.5503895	-529.5040014	-529.4935367	-529.5503895	-529.5040014	-529.4935368	-529.5042948	-529.5021606
2.88	-529.5561115	-529.5112086	-529.5058977	-529.497142	-529.556352	-529.5049294	-529.4940293	-529.556352	-529.5049294	-529.4940293	-529.5059811	-529.5018896	-529.986323	-529.5507744	-529.5045432	-529.4994803	-529.4907809	-529.5503378	-529.5040182	-529.4935148	-529.5503378	-529.5040182	-529.4935149	-529.5042896	-529.5021543
2.87	-529.5560714	-529.5112011	-529.5058928	-529.4971374	-529.5562957	-529.5049443	-529.494008	-529.5562957	-529.5049443	-529.494008	-529.5059762	-529.5018847	-529.9862986	-529.5507391	-529.5045383	-529.4994655	-529.4908019	-529.5502851	-529.5040351	-529.493493	-529.5502851	-529.5040351	-529.493493	-529.5042847	-529.5021494
2.86	-529.5560311	-529.5111928	-529.5058872	-529.4971338	-529.5562383	-529.5049597	-529.4939868	-529.5562383	-529.5049597	-529.4939868	-529.5059706	-529.501879	-529.986273	-529.5507037	-529.5045325	-529.4994502	-529.4908236	-529.5502314	-529.5040521	-529.4934712	-529.5502314	-529.5040521	-529.4934712	-529.5042789	-529.5021437
2.85	-529.5559906	-529.5111838	-529.5058807	-529.4971312	-529.556179	-529.5049744	-529.4939655	-529.556179	-529.5049744	-529.4939655	-529.5059642	-529.5018725	-529.9862463	-529.5506681	-529.5045259	-529.4994344	-529.490846	-529.5501756	-529.5040691	-529.4934494	-529.5501756	-529.5040691	-529.4934494	-529.5042722	-529.5021371
2.84	-529.5559499	-529.511174	-529.5058734	-529.4971297	-529.5561195	-529.5049896	-529.4939442	-529.5561194	-529.5049896	-529.4939442	-529.5059568	-529.5018651	-529.9862182	-529.5506323	-529.5045184	-529.4994181	-529.4908689	-529.5501199	-529.5040863	-529.4934276	-529.5501199	-529.5040863	-529.4934276	-529.5042647	-529.5021297
2.83	-529.555909	-529.5111634	-529.5058651	-529.4971293	-529.5560588	-529.5050048	-529.4939228	-529.5560587	-529.5050048	-529.4939228	-529.5059486	-529.5018567	-529.9861888	-529.5505963	-529.5045101	-529.4994012	-529.4908925	-529.5500631	-529.5041035	-529.4934057	-529.5500631	-529.5041035	-529.4934057	-529.5042563	-529.5021214
2.82	-529.5558679	-529.5111519	-529.5058559	-529.4971299	-529.5559969	-529.5050201	-529.4939013	-529.5559968	-529.5050201	-529.4939013	-529.5059394	-529.5018475	-529.9861581	-529.5505601	-529.5045007	-529.4993838	-529.4909167	-529.5500052	-529.5041207	-529.4933837	-529.5500052	-529.5041207	-529.4933837	-529.5042469	-529.5021121
2.81	-529.5558266	-529.5111395	-529.5058457	-529.4971317	-529.5559337	-529.5050354	-529.4938796	-529.5559337	-529.5050354	-529.4938796	-529.5059292	-529.5018371	-529.9861259	-529.5505237	-529.5044903	-529.4993657	-529.4909414	-529.5499461	-529.504138	-529.4933615	-529.5499461	-529.504138	-529.4933616	-529.5042365	-529.5021017
2.8	-529.5557851	-529.5111261	-529.5058344	-529.4971345	-529.5558693	-529.5050507	-529.4938578	-529.5558693	-529.5050507	-529.4938578	-529.5059179	-529.5018258	-529.9860922	-529.5504871	-529.5044788	-529.499347	-529.4909668	-529.5498857	-529.5041554	-529.4933392	-529.5498857	-529.5041554	-529.4933393	-529.5042244	-529.5020892
2.79	-529.5557433	-529.5111117	-529.505822	-529.4971384	-529.5558035	-529.505066	-529.4938357	-529.5558035	-529.505066	-529.4938357	-529.5059054	-529.5018132	-529.9860569	-529.5504503	-529.5044663	-529.4993275	-529.4909927	-529.5498241	-529.5041727	-529.4933167	-529.5498241	-529.5041728	-529.4933167	-529.5042118	-529.5020767
2.78	-529.5557014	-529.5110962	-529.5058084	-529.4971434	-529.5557363	-529.5050814	-529.4938133	-529.5557363	-529.5050814	-529.4938133	-529.5058918	-529.5017995	-529.9860201	-529.5504133	-529.5044525	-529.4993074	-529.4910191	-529.5497612	-529.5041901	-529.4932939	-529.5497612	-529.5041901	-529.4932939	-529.504198	-529.5020629
2.77	-529.5556592	-529.5110795	-529.5057935	-529.4971495	-529.5556677	-529.5050967	-529.4937906	-529.5556677	-529.5050967	-529.4937906	-529.505877	-529.5017846	-529.9859815	-529.550376	-529.5044374	-529.4992864	-529.491046	-529.5496968	-529.5042075	-529.4932708	-529.5496979	-529.5042075	-529.4932708	-529.5041829	-529.5020479
2.76	-529.5556167	-529.5110616	-529.5057773	-529.4971567	-529.5555976	-529.505112	-529.4937675	-529.5555976	-529.505112	-529.4937675	-529.5058608	-529.5017683	-529.9859412	-529.5503384	-529.5044211	-529.4992647	-529.4910734	-529.5496321	-529.5042248	-529.4932473	-529.5496321	-529.5042248	-529.4932473	-529.5041665	-529.5020316
2.75	-529.555574	-529.5110425	-529.5057598	-529.4971649	-529.5555259	-529.5051273	-529.4937439	-529.5555259	-529.5051273	-529.4937439	-529.5058433	-529.5017507	-529.985899	-529.5503006	-529.5044034	-529.4992421	-529.4911013	-529.5495648	-529.5042421	-529.4932233	-529.5495648	-529.5042421	-529.4932234	-529.5041488	-529.5020139
2.74	-529.555531	-529.511022	-529.5057409	-529.4971743	-529.5554526	-529.5051425	-529.4937199	-529.5554525	-529.5051425	-529.4937199	-529.5058243	-529.5017316	-529.985855	-529.5502625	-529.5043842	-529.4992186	-529.4911297	-529.5494959	-529.5042593	-529.4931989	-529.5494959	-529.5042594	-529.4931989	-529.5041295	-529.5019948
2.73	-529.5554877	-529.5110002	-529.5057204	-529.4971847	-529.5553776	-529.5051576	-529.4936953	-529.5553775	-529.5051576	-529.4936953	-529.505804	-529.501711	-529.9858089	-529.5502241	-529.5043635	-529.4991941	-529.4911584	-529.5494255	-529.5042765	-529.4931739	-529.5494255	-529.5042765	-529.4931739	-529.5041088	-529.5019741
2.72	-529.555444	-529.5109769	-529.5056983	-529.4971964	-529.5553008	-529.5051727	-529.4936701	-529.5553008	-529.5051727	-529.4936701	-529.5057819	-529.5016888	-529.9857608	-529.5501854	-529.5043412	-529.4991687	-529.4911875	-529.5493533	-529.5042936	-529.4931483	-529.5493533	-529.5042936	-529.4931483	-529.5040865	-529.5019519
2.71	-529.5554001	-529.510952	-529.5056746	-529.4972089	-529.5552222	-529.5051876	-529.4936442	-529.5552222	-529.5051876	-529.4936442	-529.5057582	-529.501665	-529.9857105	-529.5501463	-529.5043173	-529.4991422	-529.4912169	-529.5492793	-529.5043106	-529.493122	-529.5492793	-529.5043106	-529.493122	-529.5040625	-529.501928
2.7	-529.5553559	-529.5109256	-529.5056491	-529.4972225	-529.5551417	-529.5052024	-529.4936176	-529.5551416	-529.5052024	-529.4936176	-529.5057327	-529.5016394	-529.9856579	-529.550107	-529.5042915	-529.4991146	-529.4912466	-529.5492025	-529.5043275	-529.493095	-529.5492025	-529.5043275	-529.493095	-529.5040367	-529.5019023
2.69	-529.5553113	-529.5108974	-529.5056218	-529.4972371	-529.5550592	-529.505217	-529.4935901	-529.5550591	-529.505217	-529.4935901	-529.5057054	-529.5016119	-529.985603	-529.5500671	-529.5042632	-529.4990856	-529.4912764	-529.5491248	-529.5043442	-529.4930671	-529.5491248	-529.5043442	-529.4930671	-529.5040091	-529.5018748
2.68	-529.5552664	-529.5108674	-529.5055926	-529.4972529	-529.5549746	-529.5052315	-529.4935617	-529.5549746	-529.5052315	-529.4935617	-529.5056762	-529.5015826	-529.9855457	-529.550027	-529.5042337	-529.4990557	-529.4913065	-529.5490451	-529.5043608	-529.4930383	-529.5490451	-529.5043608	-529.4930383	-529.5039796	-529.5018453
2.67	-529.5552211	-529.5108355	-529.5055614	-529.4972696	-529.5548879	-529.5052457	-529.4935323	-529.5548879	-529.5052458	-529.4935323	-529.505645	-529.5015512	-529.9854859	-529.5499865	-529.5042022	-529.4990246	-529.4913368	-529.5489633	-529.5043771	-529.4930085	-529.5489633	-529.5043771	-529.4930085	-529.5039481	-529.5018139
2.66	-529.5551755	-529.5108017	-529.5055281	-529.4972874	-529.5547989	-529.5052598	-529.4935019	-529.5547989	-529.5052604	-529.4935019	-529.5056116	-529.5015177	-529.9854234	-529.5499456	-529.5041686	-529.4989923	-529.4913672	-529.5488793	-529.5043933	-529.4929776	-529.5488793	-529.5043933	-529.4929776	-529.5039144	-529.5017803
2.65	-529.5551294	-529.5107659	-529.5054926	-529.4973061	-529.5547076	-529.5052742	-529.4934702	-529.5547076	-529.5052742	-529.4934702	-529.5055761	-529.501482	-529.9853582	-529.5499042	-529.5041327	-529.4989586	-529.4913975	-529.548793	-529.5044092	-529.4929456	-529.548793	-529.5044092	-529.4929456	-529.5038786	-529.5017445
2.64	-529.5550828	-529.5107278	-529.5054547	-529.4973259	-529.5546139	-529.5052876	-529.4934373	-529.5546139	-529.5052877	-529.4934373	-529.5055382	-529.501444	-529.9852901	-529.5498624	-529.5040946	-529.4989235	-529.4914278	-529.5487044	-529.5044248	-529.4929122	-529.5487044	-529.5044248	-529.4929123	-529.5038404	-529.5017064
2.63	-529.5550359	-529.5106876	-529.5054145	-529.4973465	-529.5545177	-529.5053008	-529.4934031	-529.5545177	-529.5053008	-529.4934031	-529.505498	-529.5014036	-529.985219	-529.5498201	-529.5040541	-529.4988871	-529.491458	-529.5486132	-529.5044401	-529.4928775	-529.5486133	-529.5044401	-529.4928776	-529.5037998	-529.5016658
2.62	-529.5549884	-529.510645	-529.5053717	-529.4973682	-529.5544188	-529.5053137	-529.4933674	-529.5544188	-529.5053137	-529.4933674	-529.5054552	-529.5013606	-529.9851449	-529.5497772	-529.504011	-529.4988491	-529.491488	-529.5485196	-529.5044551	-529.4928414	-529.5485196	-529.5044552	-529.4928414	-529.5037566	-529.5016228
2.61	-529.5549404	-529.5105999	-529.5053263	-529.4973907	-529.5543172	-529.5053256	-529.4933301	-529.5543172	-529.5053261	-529.4933301	-529.5054097	-529.501315	-529.9850675	-529.5497339	-529.5039652	-529.4988097	-529.4915176	-529.5484232	-529.5044698	-529.4928036	-529.5484232	-529.5044698	-529.4928036	-529.5037108	-529.5015771
2.6	-529.5548919	-529.5105522	-529.5052781	-529.4974142	-529.5542127	-529.5053376	-529.4932911	-529.5542127	-529.5053382	-529.4932911	-529.5053615	-529.5012666	-529.9849868	-529.5496899	-529.5039167	-529.4987687	-529.4915469	-529.548324	-529.5044841	-529.4927642	-529.548324	-529.5044841	-529.4927642	-529.5036623	-529.5015286
2.59	-529.5548428	-529.5105018	-529.505227	-529.4974385	-529.5541053	-529.5053493	-529.4932504	-529.5541053	-529.5053493	-529.4932504	-529.5053104	-529.5012153	-529.9849026	-529.5496454	-529.5038652	-529.4987262	-529.4915757	-529.5482219	-529.5044979	-529.4927229	-529.5482219	-529.5044979	-529.4927229	-529.5036108	-529.5014771
2.58	-529.5547932	-529.5104486	-529.5051729	-529.4974636	-529.5539947	-529.5053604	-529.4932077	-529.5539947	-529.5053604	-529.4932077	-529.5052563	-529.501161	-529.9848148	-529.5496002	-529.5038108	-529.498682	-529.4916038	-529.5481168	-529.5045113	-529.4926797	-529.5481168	-529.5045113	-529.4926797	-529.5035562	-529.5014227
2.57	-529.5547429	-529.5103924	-529.5051156	-529.4974895	-529.553881	-529.505371	-529.4931629	-529.553881	-529.505371	-529.4931629	-529.5051989	-529.5011035	-529.9847232	-529.5495543	-529.5037531	-529.4986361	-529.4916312	-529.5480084	-529.5045241	-529.4926344	-529.5480094	-529.5045241	-529.4926344	-529.5034985	-529.5013651
2.56	-529.5546919	-529.5103332	-529.5050552	-529.4975162	-529.5537638	-529.5053811	-529.493116	-529.5537638	-529.5053811	-529.493116	-529.5051383	-529.5010427	-529.9846277	-529.5495078	-529.5036922	-529.4985885	-529.4916577	-529.5478977	-529.5045365	-529.4925869	-529.5478977	-529.5045365	-529.4925869	-529.5034375	-529.5013041
2.55	-529.5546403	-529.5102708	-529.5049911	-529.4975436	-529.5536432	-529.5053906	-529.4930667	-529.5536432	-529.5053906	-529.4930667	-529.5050743	-529.5009784	-529.9845282	-529.5494605	-529.5036277	-529.4985392	-529.4916832	-529.5477826	-529.5045482	-529.4925371	-529.5477826	-529.5045482	-529.4925371	-529.503373	-529.5012397
2.54	-529.5545879	-529.5102049	-529.5049235	-529.4975717	-529.5535189	-529.5053994	-529.493015	-529.5535189	-529.5053994	-529.493015	-529.5050066	-529.5009106	-529.9844244	-529.5494123	-529.5035598	-529.4984884	-529.4917076	-529.547664	-529.5045593	-529.4924848	-529.547664	-529.5045593	-529.4924848	-529.5033049	-529.5011716
2.53	-529.5545348	-529.5101356	-529.504852	-529.4976004	-529.5533908	-529.5054075	-529.4929606	-529.5533908	-529.5054075	-529.4929606	-529.5049351	-529.5008389	-529.9843162	-529.5493634	-529.5034879	-529.4984356	-529.4917305	-529.5475415	-529.5045698	-529.4924298	-529.5475415	-529.5045698	-529.4924298	-529.5032329	-529.5010998
2.52	-529.5544808	-529.5100626	-529.5047766	-529.4976297	-529.5532588	-529.5054149	-529.4929034	-529.5532588	-529.5054149	-529.4929034	-529.5048597	-529.5007633	-529.9842034	-529.5493137	-529.5034121	-529.498381	-529.4917519	-529.5474152	-529.5045795	-529.4923719	-529.5474152	-529.5045795	-529.4923719	-529.5031571	-529.501024
2.51	-529.554426	-529.5099858	-529.5046971	-529.4976596	-529.5531226	-529.5054215	-529.4928433	-529.5531226	-529.5054215	-529.4928433	-529.5047802	-529.5006835	-529.9840858	-529.549263	-529.5033322	-529.4983246	-529.4917715	-529.5472848	-529.5045884	-529.4923112	-529.5472847	-529.5045884	-529.4923112	-529.5030771	-529.5009441
2.5	-529.5543703	-529.509905	-529.5046133	-529.4976899	-529.5529822	-529.5054272	-529.4927801	-529.5529822	-529.5054273	-529.4927801	-529.5046963	-529.5005995	-529.9839633	-529.549211	-529.5032475	-529.4982657	-529.4917889	-529.5471501	-529.5045966	-529.4922472	-529.5471501	-529.5045966	-529.4922472	-529.5029927	-529.5008599
2.49	-529.5543137	-529.5098201	-529.504525	-529.4977207	-529.5528373	-529.5054321	-529.4927135	-529.5528373	-529.5054321	-529.4927135	-529.504608	-529.5005109	-529.9838357	-529.5491583	-529.5031588	-529.4982058	-529.4918043	-529.547011	-529.5046038	-529.4921799	-529.547011	-529.5046038	-529.4921799	-529.5029039	-529.5007711
2.48	-529.554256	-529.5097308	-529.5044321	-529.4977518	-529.5526877	-529.505436	-529.4926434	-529.5526877	-529.505436	-529.4926434	-529.504515	-529.5004177	-529.9837027	-529.5491046	-529.5030654	-529.4981442	-529.4918171	-529.5468672	-529.5046101	-529.4921091	-529.5468672	-529.5046101	-529.4921091	-529.5028104	-529.5006777
2.47	-529.5541973	-529.509637	-529.5043342	-529.4977831	-529.5525332	-529.5054389	-529.4925696	-529.5525332	-529.5054389	-529.4925696	-529.5044171	-529.5003195	-529.9835642	-529.5490497	-529.5029671	-529.498081	-529.4918272	-529.5467187	-529.5046154	-529.4920345	-529.5467187	-529.5046154	-529.4920345	-529.502712	-529.5005794
2.46	-529.5541375	-529.5095385	-529.5042312	-529.4978147	-529.5523737	-529.5054406	-529.4924919	-529.5523737	-529.5054407	-529.492492	-529.5043141	-529.5002163	-529.9834199	-529.5489937	-529.5028636	-529.498016	-529.4918341	-529.5465651	-529.5046197	-529.491956	-529.5465651	-529.5046197	-529.491956	-529.5026084	-529.5004759
2.45	-529.5540766	-529.5094352	-529.5041229	-529.4978464	-529.552209	-529.5054413	-529.4924101	-529.552209	-529.5054413	-529.4924101	-529.5042036	-529.5001057	-529.9832696	-529.5489365	-529.5027548	-529.4979496	-529.4918376	-529.5464063	-529.5046228	-529.4918733	-529.5464064	-529.5046228	-529.4918733	-529.5024995	-529.5003671
2.44	-529.5540144	-529.5093267	-529.504009	-529.4978782	-529.5520388	-529.5054407	-529.492324	-529.5520387	-529.5054407	-529.492324	-529.5040897	-529.4999916	-529.9831131	-529.5488779	-529.5026405	-529.4978816	-529.4918373	-529.5462421	-529.5046247	-529.4917863	-529.5462421	-529.5046247	-529.4917863	-529.502385	-529.5002527
2.43	-529.5539509	-529.509213	-529.5038894	-529.4979099	-529.5518628	-529.5054388	-529.4922332	-529.5518628	-529.5054388	-529.4922332	-529.50397	-529.4998716	-529.9829501	-529.5488179	-529.5025203	-529.4978123	-529.4918327	-529.5460722	-529.5046253	-529.4916946	-529.5460722	-529.5046254	-529.4916946	-529.5022648	-529.5001326
2.42	-529.553886	-529.5090938	-529.5037637	-529.4979414	-529.5516809	-529.5054356	-529.4921377	-529.5516809	-529.5054356	-529.4921377	-529.5038443	-529.4997456	-529.9827804	-529.5487553	-529.502394	-529.4977414	-529.4918229	-529.5458964	-529.5046246	-529.4915981	-529.5458964	-529.5046246	-529.4915981	-529.5021384	-529.5000063
2.41	-529.5538197	-529.5089689	-529.5036316	-529.4979726	-529.5514928	-529.5054309	-529.492037	-529.5514928	-529.5054309	-529.492037	-529.5037122	-529.4996133	-529.9826037	-529.5486924	-529.5022614	-529.4976698	-529.4918085	-529.5457144	-529.5046225	-529.4914964	-529.5457144	-529.5046225	-529.4914964	-529.5020057	-529.4998738
2.4	-529.5537519	-529.508838	-529.503493	-529.4980035	-529.5512983	-529.5054247	-529.4919311	-529.5512983	-529.5054247	-529.4919311	-529.5035736	-529.4994744	-529.9824198	-529.5486279	-529.5021223	-529.4975972	-529.4917884	-529.5455259	-529.5046189	-529.4913894	-529.545526	-529.5046189	-529.4913894	-529.5018665	-529.4997346
2.39	-529.5536825	-529.508701	-529.5033476	-529.4980338	-529.5510971	-529.5054168	-529.4918195	-529.5510971	-529.5054168	-529.4918195	-529.5034281	-529.4993286	-529.9822283	-529.5485617	-529.5019763	-529.4975239	-529.4917622	-529.5453308	-529.5046136	-529.4912767	-529.5453308	-529.5046136	-529.4912767	-529.5017204	-529.4995886
2.38	-529.5536115	-529.5085577	-529.503195	-529.4980635	-529.5508888	-529.5054073	-529.491702	-529.5508888	-529.5054073	-529.491702	-529.5032754	-529.4991757	-529.982029	-529.5484938	-529.5018231	-529.4974499	-529.4917292	-529.5451288	-529.5046067	-529.4911581	-529.5451288	-529.5046067	-529.4911581	-529.5015671	-529.4994354
2.37	-529.5535386	-529.5084077	-529.5030349	-529.4980924	-529.5506733	-529.5053959	-529.4915783	-529.5506733	-529.5053959	-529.4915783	-529.5031153	-529.4990154	-529.9818215	-529.548424	-529.5016626	-529.4973758	-529.491689	-529.5449194	-529.504598	-529.4910332	-529.5449194	-529.504598	-529.4910332	-529.5014064	-529.4992749
2.36	-529.553464	-529.508251	-529.5028671	-529.4981202	-529.5504502	-529.5053826	-529.4914481	-529.5504502	-529.5053827	-529.4914481	-529.5029475	-529.4988472	-529.9816056	-529.5483523	-529.5014942	-529.4973015	-529.4916407	-529.5447025	-529.5045874	-529.4909019	-529.5447026	-529.5045874	-529.4909019	-529.5012379	-529.4991065
2.35	-529.5533874	-529.5080871	-529.5026912	-529.498147	-529.5502192	-529.5053674	-529.4913111	-529.5502192	-529.5053674	-529.4913111	-529.5027715	-529.498671	-529.981381	-529.5482785	-529.5013177	-529.4972275	-529.4915838	-529.5444778	-529.5045748	-529.4907636	-529.5444778	-529.5045748	-529.4907636	-529.5010613	-529.49893
2.34	-529.5533087	-529.507916	-529.5025069	-529.4981723	-529.54998	-529.50535	-529.4911669	-529.54998	-529.50535	-529.491167	-529.5025872	-529.4984864	-529.9811472	-529.5482027	-529.5011328	-529.4971538	-529.4915175	-529.5442448	-529.5045601	-529.4906182	-529.5442448	-529.5045601	-529.4906182	-529.5008762	-529.4987451
2.33	-529.553228	-529.5077374	-529.5023138	-529.4981961	-529.5497325	-529.5053304	-529.4910153	-529.5497323	-529.5053304	-529.4910153	-529.502394	-529.4982929	-529.980904	-529.5481246	-529.5009391	-529.4970809	-529.4914411	-529.5440033	-529.5045432	-529.4904652	-529.5440033	-529.5045432	-529.4904652	-529.5006823	-529.4985513
2.32	-529.5531441	-529.5075507	-529.5021112	-529.498217	-529.5494759	-529.5053085	-529.4908558	-529.5494756	-529.5053085	-529.4908558	-529.5021917	-529.4980904	-529.9806509	-529.5480441	-529.5007362	-529.497009	-529.4913539	-529.5437529	-529.504524	-529.4903042	-529.5437529	-529.504524	-529.4903042	-529.5004793	-529.4983485
2.31	-529.5530587	-529.5073564	-529.5018994	-529.4982368	-529.54921	-529.5052841	-529.490688	-529.5492097	-529.505284	-529.490688	-529.5019799	-529.4978782	-529.9803877	-529.5479613	-529.5005236	-529.4969386	-529.491255	-529.5434933	-529.5045023	-529.490135	-529.5434933	-529.5045023	-529.490135	-529.5002668	-529.498136
2.3	-529.5529709	-529.5071539	-529.5016778	-529.4982542	-529.5489344	-529.505257	-529.4905116	-529.5489344	-529.5052571	-529.4905116	-529.5017582	-529.4976562	-529.9801139	-529.5478758	-529.5003013	-529.4968694	-529.4911439	-529.543224	-529.5044781	-529.4899571	-529.543224	-529.5044781	-529.4899571	-529.5000443	-529.4979137
2.29	-529.5528804	-529.5069431	-529.5014458	-529.4982689	-529.5486489	-529.5052273	-529.4903262	-529.5486489	-529.5052273	-529.4903262	-529.5015261	-529.4974239	-529.9798291	-529.5477876	-529.5000687	-529.4968019	-529.4910198	-529.5429447	-529.5044511	-529.4897702	-529.5429447	-529.5044511	-529.4897702	-529.4998114	-529.4976809
2.28	-529.5527873	-529.5067237	-529.501203	-529.4982804	-529.5483529	-529.5051947	-529.4901313	-529.5483529	-529.5051947	-529.4901313	-529.5012833	-529.4971807	-529.9795329	-529.5476965	-529.4998253	-529.4967363	-529.4908819	-529.542655	-529.5044213	-529.4895737	-529.542655	-529.5044213	-529.4895737	-529.4995678	-529.4974375
2.27	-529.5526912	-529.5064957	-529.5009491	-529.4982883	-529.548046	-529.5051591	-529.4899265	-529.548046	-529.5051591	-529.4899265	-529.5010293	-529.4969264	-529.9792249	-529.5476023	-529.4995705	-529.4966725	-529.4907293	-529.5423544	-529.5043885	-529.4893673	-529.5423544	-529.5043885	-529.4893673	-529.499313	-529.4971828
2.26	-529.5525922	-529.506259	-529.5006835	-529.4982922	-529.5477279	-529.5051203	-529.4897114	-529.5477279	-529.5051203	-529.4897114	-529.5007637	-529.4966605	-529.9789046	-529.5475053	-529.4993043	-529.4966113	-529.4905615	-529.5420425	-529.5043526	-529.4891505	-529.5420425	-529.5043526	-529.4891505	-529.4990466	-529.4969165
2.25	-529.5524901	-529.5060135	-529.5004058	-529.4982914	-529.547398	-529.5050782	-529.4894854	-529.547398	-529.5050782	-529.4894854	-529.500486	-529.4963824	-529.9785715	-529.5474049	-529.4990259	-529.4965523	-529.4903778	-529.5417189	-529.5043133	-529.4889229	-529.5417189	-529.5043133	-529.4889229	-529.498768	-529.4966381
2.24	-529.5523846	-529.5057592	-529.5001155	-529.4982853	-529.5470559	-529.5050327	-529.4892482	-529.5470559	-529.5050327	-529.4892482	-529.5001956	-529.4960917	-529.9782252	-529.5473012	-529.4987348	-529.4964957	-529.4901773	-529.541383	-529.5042705	-529.4886838	-529.541383	-529.5042705	-529.4886838	-529.4984768	-529.496347
2.23	-529.5522757	-529.5054963	-529.499812	-529.4982731	-529.5467011	-529.5049834	-529.4889991	-529.5467011	-529.5049834	-529.4889991	-529.4998921	-529.4957879	-529.9778652	-529.5471954	-529.4984309	-529.4964422	-529.4899599	-529.5410344	-529.5042241	-529.488433	-529.5410344	-529.5042241	-529.488433	-529.4981725	-529.4960429
2.22	-529.5521632	-529.5052248	-529.4994949	-529.498254	-529.546333	-529.5049304	-529.4887377	-529.546333	-529.5049304	-529.4887377	-529.4995749	-529.4954704	-529.977491	-529.5470844	-529.4981131	-529.4963902	-529.4897242	-529.5406726	-529.5041739	-529.4881697	-529.5406726	-529.5041739	-529.4881697	-529.4978544	-529.495725
2.21	-529.5520469	-529.5049453	-529.4991636	-529.4982268	-529.5459512	-529.5048733	-529.4884634	-529.5459512	-529.5048733	-529.4884634	-529.4992436	-529.4951387	-529.9771019	-529.5469695	-529.4977811	-529.4963403	-529.48947	-529.5402969	-529.5041196	-529.4878935	-529.5402969	-529.5041196	-529.4878935	-529.4975222	-529.4953929
2.2	-529.5519266	-529.5046581	-529.4988176	-529.4981903	-529.5455552	-529.504812	-529.4881756	-529.5455552	-529.504812	-529.4881756	-529.4988975	-529.4947923	-529.9766976	-529.5468505	-529.4974343	-529.4962924	-529.4891967	-529.539907	-529.5040612	-529.4876038	-529.539907	-529.5040612	-529.4876038	-529.4971752	-529.4950461
2.19	-529.5518021	-529.5043639	-529.4984561	-529.498143	-529.5451442	-529.5047462	-529.4878738	-529.5451442	-529.5047462	-529.4878738	-529.498536	-529.4944305	-529.9762773	-529.5467273	-529.4970721	-529.4962462	-529.4889037	-529.5395022	-529.5039982	-529.4872999	-529.5395022	-529.5039983	-529.4872999	-529.4968128	-529.4946839
2.18	-529.5516733	-529.5040638	-529.4980832	-529.4980787	-529.5447178	-529.5046758	-529.4875573	-529.5447178	-529.5046758	-529.4875573	-529.4981585	-529.4940527	-529.9758405	-529.5465995	-529.4966939	-529.4962015	-529.4885905	-529.5390818	-529.5039307	-529.4869814	-529.5390818	-529.5039307	-529.4869814	-529.4964344	-529.4943057
2.17	-529.5515399	-529.503759	-529.4977028	-529.4979903	-529.5442753	-529.5046006	-529.4872255	-529.5442753	-529.5046006	-529.4872255	-529.4977644	-529.4936582	-529.9753866	-529.5464671	-529.4962991	-529.496158	-529.4882566	-529.5386454	-529.5038583	-529.4866476	-529.5386454	-529.5038583	-529.4866476	-529.4960394	-529.4939109
2.16	-529.5514017	-529.503451	-529.4972734	-529.4979171	-529.5438161	-529.5045202	-529.4868778	-529.5438161	-529.5045202	-529.4868778	-529.4973531	-529.4932465	-529.9749149	-529.5463299	-529.495887	-529.4961153	-529.4879015	-529.5381922	-529.5037807	-529.4862977	-529.5381922	-529.5037808	-529.4862977	-529.4956271	-529.4934987
2.15	-529.5512586	-529.5031419	-529.4968441	-529.4978054	-529.5433396	-529.5044345	-529.4865134	-529.5433396	-529.5044345	-529.4865134	-529.4969238	-529.4928169	-529.9744248	-529.5461873	-529.495469	-529.4960596	-529.4875245	-529.5377216	-529.5036979	-529.4859311	-529.5377216	-529.5036979	-529.4859311	-529.4951968	-529.4930687
2.14	-529.5511102	-529.5028341	-529.4963962	-529.4976703	-529.542845	-529.5043432	-529.4861317	-529.542845	-529.5043432	-529.4861317	-529.4964758	-529.4923686	-529.9739156	-529.5460396	-529.4950082	-529.4960296	-529.4871251	-529.5372329	-529.5036094	-529.4855472	-529.5372329	-529.5036094	-529.4855472	-529.4947479	-529.4926199
2.13	-529.5509557	-529.5025268	-529.4959266	-529.497505	-529.5423316	-529.5042461	-529.4857319	-529.5423316	-529.5042461	-529.4857319	-529.4960084	-529.4919009	-529.9733865	-529.5458863	-529.4945401	-529.495987	-529.4867028	-529.5367254	-529.503515	-529.485145	-529.5367254	-529.503515	-529.485145	-529.4942796	-529.4921519
2.12	-529.550796	-529.5022305	-529.4954391	-529.4973112	-529.5417987	-529.5041429	-529.4853132	-529.5417987	-529.5041429	-529.4853132	-529.4955209	-529.491413	-529.972837	-529.5457272	-529.4940518	-529.4959435	-529.4862571	-529.5361984	-529.5034145	-529.484724	-529.5361984	-529.5034145	-529.484724	-529.4937911	-529.4916636
2.11	-529.5506305	-529.5019443	-529.4949306	-529.4970819	-529.5412456	-529.5040332	-529.4848749	-529.5412456	-529.5040332	-529.4848749	-529.4950124	-529.4909042	-529.9722662	-529.545562	-529.4935425	-529.4958989	-529.4857873	-529.535651	-529.5033075	-529.4842834	-529.535651	-529.5033075	-529.4842834	-529.4932816	-529.4911543
2.1	-529.5504586	-529.5016712	-529.4944004	-529.4968132	-529.5406715	-529.5039167	-529.4844162	-529.5406715	-529.5039168	-529.4844162	-529.4944821	-529.4903736	-529.9716732	-529.5453905	-529.4930114	-529.4958524	-529.4852927	-529.5350826	-529.5031938	-529.4838222	-529.5350826	-529.5031938	-529.4838222	-529.4927503	-529.4906232
2.09	-529.5502802	-529.5014134	-529.4938475	-529.4965018	-529.5400755	-529.5037933	-529.4839361	-529.5400755	-529.5037933	-529.4839361	-529.4939288	-529.4898203	-529.9710573	-529.5452123	-529.4924577	-529.4958037	-529.4847728	-529.5344921	-529.5030731	-529.4833398	-529.5344922	-529.5030731	-529.4833398	-529.4921963	-529.4900695
2.08	-529.550095	-529.5011723	-529.4932711	-529.4961449	-529.5394568	-529.5036625	-529.4834339	-529.5394568	-529.5036625	-529.4834339	-529.4933524	-529.4892436	-529.9704177	-529.5450271	-529.4918805	-529.4957523	-529.4842268	-529.533879	-529.5029449	-529.4828351	-529.533879	-529.5029449	-529.4828351	-529.4916189	-529.4894923
2.07	-529.5499026	-529.5009482	-529.4926704	-529.495741	-529.5388145	-529.5035239	-529.4829086	-529.5388145	-529.5035239	-529.4829086	-529.4927516	-529.4886424	-529.9697534	-529.5448347	-529.4912789	-529.4956976	-529.4836539	-529.5332421	-529.502809	-529.4823073	-529.5332421	-529.502809	-529.4823073	-529.4910171	-529.4888907
2.06	-529.5497027	-529.5007402	-529.4920443	-529.4952896	-529.5381477	-529.5033773	-529.4823593	-529.5381477	-529.5033773	-529.4823593	-529.4921254	-529.4880159	-529.9690636	-529.5446348	-529.4906519	-529.4956392	-529.4830535	-529.5325806	-529.502665	-529.4817554	-529.5325806	-529.5026651	-529.4817554	-529.4903898	-529.4882637
2.05	-529.549495	-529.5005471	-529.4913918	-529.4947909	-529.5374555	-529.5032223	-529.4817849	-529.5374555	-529.5032223	-529.4817849	-529.491473	-529.4873631	-529.9683474	-529.5444269	-529.4899986	-529.4955764	-529.4824246	-529.5318936	-529.5025126	-529.4811785	-529.5318936	-529.5025126	-529.4811785	-529.4897363	-529.4876104
2.04	-529.5492791	-529.5003664	-529.490712	-529.4942456	-529.5367368	-529.5030584	-529.4811845	-529.5367368	-529.5030584	-529.4811845	-529.4907931	-529.4866829	-529.9676037	-529.5442108	-529.489318	-529.4955089	-529.4817664	-529.5311801	-529.5023512	-529.4805755	-529.5311802	-529.5023512	-529.4805755	-529.4890554	-529.4869298
2.03	-529.5490548	-529.5001959	-529.4900039	-529.4936547	-529.5359907	-529.5028853	-529.4805571	-529.5359907	-529.5028853	-529.4805571	-529.4900849	-529.4859744	-529.9668314	-529.5439862	-529.4886094	-529.495436	-529.481078	-529.5304391	-529.5021806	-529.4799454	-529.5304391	-529.5021806	-529.4799454	-529.4883461	-529.4862207
2.02	-529.5488215	-529.5000329	-529.4892662	-529.4930194	-529.5352162	-529.5027025	-529.4799014	-529.5352162	-529.5027025	-529.4799014	-529.4893472	-529.4852364	-529.9660299	-529.5437526	-529.4878711	-529.4953575	-529.4803591	-529.5296695	-529.5020002	-529.4792871	-529.5296695	-529.5020002	-529.4792871	-529.4876073	-529.4854822
2.01	-529.5485789	-529.499875	-529.488498	-529.4923404	-529.5344121	-529.5025096	-529.4792166	-529.5344121	-529.5025096	-529.4792166	-529.4885789	-529.4844677	-529.9651978	-529.5435095	-529.4871019	-529.4952721	-529.4796074	-529.5288702	-529.5018097	-529.4785995	-529.5288703	-529.5018097	-529.4785995	-529.4868379	-529.484713
2	-529.5483265	-529.4997198	-529.487698	-529.4916184	-529.5335773	-529.5023061	-529.4785012	-529.5335773	-529.5023061	-529.4785012	-529.4877789	-529.4836674	-529.9643341	-529.5432566	-529.486301	-529.4951796	-529.4788226	-529.5280402	-529.5016086	-529.4778814	-529.5280402	-529.5016086	-529.4778814	-529.4860368	-529.4839121
1.99	-529.5480641	-529.4995652	-529.486865	-529.4908539	-529.5327106	-529.5020916	-529.4777542	-529.5327106	-529.5020916	-529.4777542	-529.4869459	-529.4828341	-529.9634376	-529.5429935	-529.4854672	-529.4950794	-529.4780036	-529.5271782	-529.5013963	-529.4771317	-529.5271782	-529.5013963	-529.4771317	-529.4852027	-529.4830783
1.98	-529.547791	-529.4994093	-529.4859979	-529.490047	-529.5318109	-529.5018655	-529.4769744	-529.5318109	-529.5018655	-529.4769744	-529.4860787	-529.4819665	-529.9625071	-529.5427197	-529.4845991	-529.4949709	-529.4771491	-529.526283	-529.5011725	-529.4763492	-529.526283	-529.5011725	-529.4763492	-529.4843343	-529.4822103
1.97	-529.5475068	-529.4992503	-529.4850953	-529.4891977	-529.5308769	-529.5016273	-529.4761603	-529.5308769	-529.5016273	-529.4761603	-529.485176	-529.4810635	-529.9615415	-529.5424348	-529.4836956	-529.4948534	-529.476258	-529.5253533	-529.5009364	-529.4755323	-529.5253533	-529.5009364	-529.4755323	-529.4834305	-529.4813067
1.96	-529.5472111	-529.4990867	-529.4841558	-529.4883057	-529.5299073	-529.5013764	-529.4753108	-529.5299073	-529.5013764	-529.4753108	-529.4842365	-529.4801237	-529.9605394	-529.5421383	-529.4827552	-529.4947263	-529.4753291	-529.5243879	-529.5006876	-529.4746799	-529.524388	-529.5006876	-529.4746799	-529.4824899	-529.4803664
1.95	-529.5469033	-529.4989171	-529.4831782	-529.4873703	-529.5289009	-529.5011123	-529.4744244	-529.5289009	-529.5011123	-529.4744244	-529.4832588	-529.4791457	-529.9594995	-529.5418296	-529.4817766	-529.4945888	-529.4743611	-529.5233855	-529.5004256	-529.4737906	-529.5233855	-529.5004256	-529.4737906	-529.481511	-529.4793878
1.94	-529.546583	-529.4987403	-529.4821609	-529.4863911	-529.5278561	-529.5008344	-529.4734996	-529.5278561	-529.5008344	-529.4734996	-529.4822414	-529.4781281	-529.9584206	-529.5415082	-529.4807584	-529.4944404	-529.4733526	-529.5223446	-529.5001496	-529.4728629	-529.5223446	-529.5001496	-529.4728629	-529.4804926	-529.4783697
1.93	-529.5462495	-529.4985546	-529.4811026	-529.4853668	-529.5267716	-529.500542	-529.4725351	-529.5267716	-529.500542	-529.4725351	-529.4811835	-529.4770693	-529.9573011	-529.5411738	-529.4796991	-529.4942804	-529.4723022	-529.5212638	-529.499859	-529.4718954	-529.5212638	-529.4998591	-529.4718954	-529.479433	-529.4773104
1.92	-529.5459023	-529.4983589	-529.4800015	-529.4842967	-529.525646	-529.5002345	-529.4715293	-529.525646	-529.5002345	-529.4715293	-529.4800824	-529.475968	-529.9561397	-529.5408254	-529.4785972	-529.4941078	-529.4712085	-529.5201417	-529.4995533	-529.4708866	-529.5201417	-529.4995533	-529.4708866	-529.4783308	-529.4762085
1.91	-529.5455407	-529.4981523	-529.4788564	-529.4831795	-529.5244776	-529.4999111	-529.4704805	-529.5244776	-529.4999111	-529.4704805	-529.4789372	-529.4748225	-529.9549349	-529.5404627	-529.4774513	-529.4939218	-529.4700701	-529.5189767	-529.4992317	-529.4698349	-529.5189767	-529.4992317	-529.4698349	-529.4771844	-529.4750624
1.9	-529.5451642	-529.4979337	-529.4776654	-529.4820139	-529.5232649	-529.4995713	-529.4693872	-529.5232649	-529.4995713	-529.4693872	-529.4777461	-529.4736311	-529.9536851	-529.540085	-529.4762593	-529.4937218	-529.4688852	-529.5177672	-529.4988934	-529.4687386	-529.5177672	-529.4988934	-529.4687386	-529.4759922	-529.4738705
1.895	-529.5449696	-529.4978192	-529.4770525	-529.4814132	-529.5226414	-529.4993948	-529.4688234	-529.5226414	-529.4993948	-529.4688234	-529.477133	-529.473018	-529.9530428	-529.5398905	-529.4756461	-529.4936163	-529.468275	-529.5171453	-529.4987178	-529.4681733	-529.5171453	-529.4987178	-529.4681733	-529.4753786	-529.4732571
1.89	-529.5447715	-529.4977016	-529.4764273	-529.4807992	-529.5220063	-529.499214	-529.4682477	-529.5220063	-529.499214	-529.4682477	-529.4765077	-529.4723926	-529.9523887	-529.5396918	-529.4750204	-529.4935069	-529.4676524	-529.5165117	-529.4985378	-529.4675962	-529.5165117	-529.4985378	-529.4675962	-529.4747528	-529.4726314
1.885	-529.5445694	-529.4975804	-529.4757897	-529.4801725	-529.5213592	-529.4990287	-529.4676601	-529.5213592	-529.4990287	-529.4676601	-529.47587	-529.4717548	-529.9517226	-529.539489	-529.4743823	-529.4933935	-529.4670174	-529.5158661	-529.4983532	-529.4670071	-529.5158661	-529.4983532	-529.4670071	-529.4741145	-529.4719934
1.88	-529.5443631	-529.4974555	-529.4751396	-529.4795327	-529.5207001	-529.4988387	-529.4670603	-529.5207001	-529.4988387	-529.4670603	-529.4752199	-529.4711045	-529.9510442	-529.539282	-529.4737317	-529.4932761	-529.4663698	-529.5152083	-529.498164	-529.4664057	-529.5152083	-529.498164	-529.4664057	-529.4734638	-529.4713428
1.875	-529.5441526	-529.4973267	-529.4744767	-529.4788798	-529.5200286	-529.4986441	-529.4664481	-529.5200286	-529.4986441	-529.4664481	-529.4745569	-529.4704415	-529.9503533	-529.5390707	-529.4730684	-529.4931545	-529.4657093	-529.5145382	-529.49797	-529.465792	-529.5145382	-529.49797	-529.465792	-529.4728003	-529.4706794
1.87	-529.5439377	-529.497194	-529.4738008	-529.4782135	-529.5193446	-529.4984446	-529.4658232	-529.5193446	-529.4984446	-529.4658232	-529.473881	-529.4697654	-529.9496498	-529.5388551	-529.472392	-529.4930286	-529.4650357	-529.5138554	-529.4977711	-529.4651655	-529.5138554	-529.4977711	-529.4651655	-529.4721238	-529.4700031
1.865	-529.5437184	-529.4970571	-529.4731117	-529.4775336	-529.5186478	-529.4982402	-529.4651854	-529.5186478	-529.4982402	-529.4651854	-529.4731918	-529.4690762	-529.9489333	-529.5386351	-529.4717025	-529.4928983	-529.4643487	-529.5131598	-529.4975673	-529.4645262	-529.5131598	-529.4975673	-529.4645262	-529.4714341	-529.4693136
1.86	-529.5434945	-529.4969161	-529.4724092	-529.4768399	-529.517938	-529.4980307	-529.4645344	-529.517938	-529.4980307	-529.4645344	-529.4724892	-529.4683734	-529.9482037	-529.5384105	-529.4709994	-529.4927634	-529.4636483	-529.5124512	-529.4973585	-529.4638737	-529.5124512	-529.4973585	-529.4638737	-529.470731	-529.4686106
1.855	-529.543266	-529.4967706	-529.4716929	-529.4761321	-529.5172149	-529.4978161	-529.4638701	-529.5172149	-529.4978161	-529.4638701	-529.4717729	-529.467657	-529.9474608	-529.5381812	-529.4702827	-529.4926239	-529.4629341	-529.5117292	-529.4971444	-529.4632078	-529.5117293	-529.4971444	-529.4632078	-529.4700141	-529.4678939
1.85	-529.5430328	-529.4966206	-529.4709627	-529.47541	-529.5164784	-529.4975962	-529.4631921	-529.5164784	-529.4975962	-529.4631921	-529.4710427	-529.4669266	-529.9467042	-529.5379472	-529.4695521	-529.4924795	-529.4622058	-529.5109937	-529.496925	-529.4625283	-529.5109937	-529.496925	-529.4625283	-529.4692833	-529.4671632
1.845	-529.5427948	-529.4964659	-529.4702183	-529.4746735	-529.5157281	-529.4973709	-529.4625003	-529.5157281	-529.4973709	-529.4625003	-529.4702982	-529.4661821	-529.9459338	-529.5377083	-529.4688072	-529.4923303	-529.4614633	-529.5102445	-529.4967002	-529.4618349	-529.5102445	-529.4967002	-529.4618349	-529.4685383	-529.4664184
1.84	-529.5425518	-529.4963064	-529.4694595	-529.4739222	-529.514964	-529.4971401	-529.4617944	-529.514964	-529.4971401	-529.4617944	-529.4695393	-529.4654231	-529.9451494	-529.5374645	-529.4680479	-529.492176	-529.4607062	-529.5094812	-529.4964698	-529.4611274	-529.5094812	-529.4964698	-529.4611274	-529.4677788	-529.4656591
1.835	-529.5423038	-529.4961419	-529.468686	-529.4731559	-529.5141855	-529.4969037	-529.4610741	-529.5141855	-529.4969037	-529.4610741	-529.4687657	-529.4646493	-529.9443506	-529.5372157	-529.4672739	-529.4920165	-529.4599344	-529.5087037	-529.4962338	-529.4604055	-529.5087037	-529.4962338	-529.4604055	-529.4670046	-529.4648851
1.83	-529.5420506	-529.4959723	-529.4678974	-529.4723744	-529.5133926	-529.4966614	-529.460339	-529.5133926	-529.4966614	-529.460339	-529.4679771	-529.4638607	-529.9435373	-529.5369616	-529.4664849	-529.4918516	-529.4591476	-529.5079116	-529.495992	-529.4596689	-529.5079116	-529.495992	-529.4596689	-529.4662155	-529.4640961
1.825	-529.5417921	-529.4957975	-529.4670937	-529.4715775	-529.512585	-529.4964133	-529.4595891	-529.512585	-529.4964133	-529.4595891	-529.4671732	-529.4630567	-529.9427092	-529.5367023	-529.4656806	-529.4916813	-529.4583455	-529.5071048	-529.4957442	-529.4589173	-529.5071048	-529.4957442	-529.4589174	-529.4654111	-529.4632919
1.82	-529.5415283	-529.4956172	-529.4662744	-529.4707647	-529.5117623	-529.4961591	-529.458824	-529.5117623	-529.4961591	-529.458824	-529.4663539	-529.4622373	-529.9418661	-529.5364375	-529.4648609	-529.4915054	-529.4575278	-529.5062829	-529.4954903	-529.4581507	-529.5062829	-529.4954903	-529.4581507	-529.4645913	-529.4624722
1.815	-529.541259	-529.4954314	-529.4654394	-529.469936	-529.5109245	-529.4958988	-529.4580435	-529.5109245	-529.4958988	-529.4580435	-529.4655188	-529.4614021	-529.9410076	-529.5361673	-529.4640254	-529.4913237	-529.4566943	-529.5054457	-529.4952303	-529.4573686	-529.5054457	-529.4952303	-529.4573686	-529.4637556	-529.4616367
1.81	-529.5409841	-529.4952398	-529.4645883	-529.469091	-529.5100711	-529.4956322	-529.4572472	-529.5100711	-529.4956322	-529.4572472	-529.4646676	-529.4605508	-529.9401335	-529.5358914	-529.4631739	-529.4911361	-529.4558448	-529.504593	-529.4949639	-529.4565707	-529.504593	-529.4949639	-529.4565707	-529.4629039	-529.4607852
1.805	-529.5407034	-529.4950424	-529.4637208	-529.4682295	-529.5092019	-529.4953592	-529.4564349	-529.5092019	-529.4953592	-529.4564349	-529.4638	-529.4596832	-529.9392435	-529.5356097	-529.462306	-529.4909425	-529.4549788	-529.5037244	-529.4946911	-529.4557568	-529.5037244	-529.4946911	-529.4557568	-529.4620358	-529.4599173
1.8	-529.5404169	-529.4948389	-529.4628367	-529.4673511	-529.5083166	-529.4950795	-529.4556062	-529.5083166	-529.4950795	-529.4556062	-529.4629159	-529.458799	-529.9383375	-529.5353222	-529.4614214	-529.4907426	-529.4540962	-529.5028397	-529.4944117	-529.4549266	-529.5028397	-529.4944117	-529.4549266	-529.4611512	-529.4590328
1.795	-529.5401244	-529.4946293	-529.4619357	-529.4664557	-529.507415	-529.4947932	-529.454761	-529.507415	-529.4947932	-529.454761	-529.4620148	-529.4578978	-529.9374151	-529.5350286	-529.46052	-529.4905363	-529.4531967	-529.5019386	-529.4941254	-529.4540798	-529.5019386	-529.4941254	-529.4540798	-529.4602496	-529.4581314
1.79	-529.5398258	-529.4944132	-529.4610175	-529.4655428	-529.5064967	-529.4944999	-529.4538989	-529.5064967	-529.4944999	-529.4538989	-529.4610965	-529.4569794	-529.936476	-529.5347289	-529.4596013	-529.4903235	-529.4522799	-529.5010184	-529.4938279	-529.4532158	-529.5010184	-529.4938279	-529.4532158	-529.4593307	-529.4572127
1.785	-529.5395209	-529.4941906	-529.4600818	-529.4646122	-529.5055616	-529.4941996	-529.4530195	-529.5055616	-529.4941996	-529.4530195	-529.4601606	-529.4560435	-529.93552	-529.534423	-529.4586651	-529.4901039	-529.4513456	-529.5000835	-529.4935279	-529.4523349	-529.5000835	-529.4935279	-529.4523349	-529.4583944	-529.4562765
1.78	-529.5392095	-529.4939611	-529.4591284	-529.4636642	-529.5046091	-529.4938921	-529.4521226	-529.5046091	-529.4938921	-529.4521226	-529.4592042	-529.4550829	-529.9345467	-529.5341104	-529.4577112	-529.4898774	-529.4503935	-529.4991327	-529.4932247	-529.4514354	-529.4991327	-529.4932247	-529.4514354	-529.4574404	-529.4553228
