R	<0|d/dR|1>	<0|d/dR|2>	<0|d/dR|3>	<4|d/dR|5>	<4|d/dR|6>	<4|d/dR|7>	<8|d/dR|9>	<8|d/dR|10>	<8|d/dR|11>
1.97	0.23670376	-0.0166365577	1.91511731	0.23670376	-0.0166365577	1.91511731	0.23670376	-0.0166365577	1.91511731
1.98	0.22881486	-0.020143244	2.09391926	0.22881486	-0.020143244	2.09391926	0.22881486	-0.020143244	2.09391926
1.99	0.22102195	-0.0238445576	2.2890786	0.22102195	-0.0238445576	2.2890786	0.22102195	-0.0238445576	2.2890786
2	0.21330045	-0.0277379263	2.50019787	0.21330045	-0.0277379263	2.50019787	0.21330045	-0.0277379263	2.50019787
2.01	0.20562377	-0.0318145736	2.72578765	0.20562377	-0.0318145736	2.72578765	0.20562377	-0.0318145736	2.72578765
2.02	0.19796407	-0.0360572339	2.96284766	0.19796407	-0.0360572339	2.96284766	0.19796407	-0.0360572339	2.96284766
2.03	0.19029351	-0.0404376575	3.20643378	0.19029351	-0.0404376575	3.20643378	0.19029351	-0.0404376575	3.20643378
2.04	0.18258645	-0.0449142192	3.44931033	0.18258645	-0.0449142192	3.44931033	0.18258645	-0.0449142192	3.44931033
2.05	0.17482232	-0.0494301963	3.68184322	0.17482232	-0.0494301963	3.68184322	0.17482232	-0.0494301963	3.68184322
2.06	0.16698934	-0.0539134208	3.8923245	0.16698934	-0.0539134208	3.8923245	0.16698934	-0.0539134208	3.8923245
2.07	0.15908841	-0.0582780878	4.06788862	0.15908841	-0.0582780878	4.06788862	0.15908841	-0.0582780878	4.06788862
2.08	0.15113638	-0.062429162	4.19604332	0.15113638	-0.062429162	4.19604332	0.15113638	-0.062429162	4.19604332
2.09	0.14316754	-0.0662693376	4.2665988	0.14316754	-0.0662693376	4.2665988	0.14316754	-0.0662693376	4.2665988
2.1	0.13523245	-0.0697076391	4.27352718	0.13523245	-0.0697076391	4.27352718	0.13523245	-0.0697076391	4.27352718
2.15	0.09828419	-0.079031139	3.49808253	0.09828419	-0.079031139	3.49808253	0.09828419	-0.079031139	3.49808253
2.2	0.06958845	-0.07305019795	2.490321475	0.06958845	-0.07305019795	2.490321475	0.06958845	-0.07305019795	2.490321475
2.25	0.04892773	-0.0670703959	1.48256042	0.04892773	-0.0670703959	1.48256042	0.04892773	-0.0670703959	1.48256042
2.3	0.03377059	-0.0556716772	0.969317176	0.03377059	-0.0556716772	0.969317176	0.03377059	-0.0556716772	0.969317176
2.35	0.02218709	-0.0439848242	0.65624965	0.02218709	-0.0439848242	0.65624965	0.02218709	-0.0439848242	0.65624965
2.4	0.01302471	-0.0327744334	0.457124811	0.01302471	-0.0327744334	0.457124811	0.01302471	-0.0327744334	0.457124811
2.45	0.0056018	-0.0223229597	0.324223566	0.0056018	-0.0223229597	0.324223566	0.0056018	-0.0223229597	0.324223566
2.5	-5.07E-4	-0.012713489	0.231436527	-5.07E-4	-0.012713489	0.231436527	-5.07E-4	-0.012713489	0.231436527
2.55	-0.00558553	-0.00394625001	0.164013062	-0.00558553	-0.00394625001	0.164013062	-0.00558553	-0.00394625001	0.164013062
2.6	-0.00983513	0.00401170708	0.113268085	-0.00983513	0.00401170708	0.113268085	-0.00983513	0.00401170708	0.113268085
2.65	-0.01340572	0.011204667	0.0738759747	-0.01340572	0.011204667	0.0738759747	-0.01340572	0.011204667	0.0738759747
2.7	-0.01641286	0.0176785528	0.0424484279	-0.01641286	0.0176785528	0.0424484279	-0.01641286	0.0176785528	0.0424484279
2.75	-0.01894764	0.0234768442	0.0167583904	-0.01894764	0.0234768442	0.0167583904	-0.01894764	0.0234768442	0.0167583904
2.8	-0.02108289	0.0286391002	-0.0046999828	-0.02108289	0.0286391002	-0.0046999828	-0.02108289	0.0286391002	-0.0046999828
2.85	-0.02287726	0.0332008149	-0.0229700968	-0.02287726	0.0332008149	-0.0229700968	-0.02287726	0.0332008149	-0.0229700968
2.9	-0.02437822	0.0371938407	-0.0387902876	-0.02437822	0.0371938407	-0.0387902876	-0.02437822	0.0371938407	-0.0387902876
3	-0.02664661	0.0435872883	-0.0650651655	-0.02664661	0.0435872883	-0.0650651655	-0.02664661	0.0435872883	-0.0650651655
3.1	-0.0281176	0.0480285377	-0.0863007874	-0.0281176	0.0480285377	-0.0863007874	-0.0281176	0.0480285377	-0.0863007874
3.2	-0.02894514	0.0507117723	-0.104036212	-0.02894514	0.0507117723	-0.104036212	-0.02894514	0.0507117723	-0.104036212
3.3	-0.02923596	0.0518302513	-0.119145338	-0.02923596	0.0518302513	-0.119145338	-0.02923596	0.0518302513	-0.119145338
3.4	-0.02906829	0.0515833186	-0.13212492	-0.02906829	0.0515833186	-0.13212492	-0.02906829	0.0515833186	-0.13212492
3.5	-0.02850403	0.0501773865	-0.143249615	-0.02850403	0.0501773865	-0.143249615	-0.02850403	0.0501773865	-0.143249615
3.6	-0.02759606	0.0478223957	-0.152660789	-0.02759606	0.0478223957	-0.152660789	-0.02759606	0.0478223957	-0.152660789
3.7	-0.02639246	0.0447253639	-0.160420767	-0.02639246	0.0447253639	-0.160420767	-0.02639246	0.0447253639	-0.160420767
3.8	-0.02493854	0.0410829127	-0.166548737	-0.02493854	0.0410829127	-0.166548737	-0.02493854	0.0410829127	-0.166548737
3.9	-0.02327747	0.0370743675	-0.17104637	-0.02327747	0.0370743675	-0.17104637	-0.02327747	0.0370743675	-0.17104637
4	-0.0214502	0.0328566605	-0.17391713	-0.0214502	0.0328566605	-0.17391713	-0.0214502	0.0328566605	-0.17391713
4.1	-0.01949515	0.0285616702	-0.175180582	-0.01949515	0.0285616702	-0.175180582	-0.01949515	0.0285616702	-0.175180582
4.2	-0.01744809	0.0242959249	-0.174882133	-0.01744809	0.0242959249	-0.174882133	-0.01744809	0.0242959249	-0.174882133
4.3	-0.01534207	0.0201421753	-0.173098469	-0.01534207	0.0201421753	-0.173098469	-0.01534207	0.0201421753	-0.173098469
4.4	-0.01320757	0.0161620218	-0.169938664	-0.01320757	0.0161620218	-0.169938664	-0.01320757	0.0161620218	-0.169938664
4.5	-0.01107253	0.0123989063	-0.165541571	-0.01107253	0.0123989063	-0.165541571	-0.01107253	0.0123989063	-0.165541571
4.6	-0.00896221	0.00888112444	-0.16007005	-0.00896221	0.00888112444	-0.16007005	-0.00896221	0.00888112444	-0.16007005
4.7	-0.00689898	0.00562451464	-0.153702977	-0.00689898	0.00562451464	-0.153702977	-0.00689898	0.00562451464	-0.153702977
4.8	-0.00490199	0.00263491968	-0.146626395	-0.00490199	0.00263491968	-0.146626395	-0.00490199	0.00263491968	-0.146626395
4.9	-0.00298704	-8.96120599E-5	-0.139024748	-0.00298704	-8.96120599E-5	-0.139024748	-0.00298704	-8.96120599E-5	-0.139024748
5	-0.00116649	-0.00255689893	-0.131073351	-0.00116649	-0.00255689893	-0.131073351	-0.00116649	-0.00255689893	-0.131073351
5.1	5.5064E-4	-0.00477894935	-0.122932632	5.5064E-4	-0.00477894935	-0.122932632	5.5064E-4	-0.00477894935	-0.122932632
5.2	0.00215846	-0.00677056418	-0.114744279	0.00215846	-0.00677056418	-0.114744279	0.00215846	-0.00677056418	-0.114744279
5.3	0.00365388	-0.00854820871	-0.106629319	0.00365388	-0.00854820871	-0.106629319	0.00365388	-0.00854820871	-0.106629319
5.4	0.00503622	-0.0101291194	-0.0986876799	0.00503622	-0.0101291194	-0.0986876799	0.00503622	-0.0101291194	-0.0986876799
5.5	0.00630687	-0.0115306379	-0.0909989951	0.00630687	-0.0115306379	-0.0909989951	0.00630687	-0.0115306379	-0.0909989951
5.6	0.00746887	-0.0127697172	-0.0836241667	0.00746887	-0.0127697172	-0.0836241667	0.00746887	-0.0127697172	-0.0836241667
5.7	0.00852655	-0.0138625905	-0.0766074041	0.00852655	-0.0138625905	-0.0766074041	0.00852655	-0.0138625905	-0.0766074041
5.8	0.00948518	-0.014824533	-0.069978451	0.00948518	-0.014824533	-0.069978451	0.00948518	-0.014824533	-0.069978451
5.9	0.01035069	-0.0156697239	-0.0637548077	0.01035069	-0.0156697239	-0.0637548077	0.01035069	-0.0156697239	-0.0637548077
6	0.01112939	-0.0164111905	-0.0579438194	0.01112939	-0.0164111905	-0.0579438194	0.01112939	-0.0164111905	-0.0579438194
6.2	0.01245231	-0.0176291929	-0.0475500586	0.01245231	-0.0176291929	-0.0475500586	0.01245231	-0.0176291929	-0.0475500586
6.4	0.01350493	-0.0185598331	-0.0387216342	0.01350493	-0.0185598331	-0.0387216342	0.01350493	-0.0185598331	-0.0387216342
6.6	0.01433463	-0.0192679823	-0.0313225078	0.01433463	-0.0192679823	-0.0313225078	0.01433463	-0.0192679823	-0.0313225078
6.8	0.01498322	-0.0198046365	-0.0251884318	0.01498322	-0.0198046365	-0.0251884318	0.01498322	-0.0198046365	-0.0251884318
7	0.01548645	-0.0202095805	-0.0201486564	0.01548645	-0.0202095805	-0.0201486564	0.01548645	-0.0202095805	-0.0201486564
7.2	0.01587422	-0.0205137377	-0.0160393848	0.01587422	-0.0205137377	-0.0160393848	0.01587422	-0.0205137377	-0.0160393848
7.4	0.01617112	-0.0207411075	-0.0127110838	0.01617112	-0.0207411075	-0.0127110838	0.01617112	-0.0207411075	-0.0127110838
7.6	0.01639713	-0.0209102869	-0.0100315601	0.01639713	-0.0209102869	-0.0100315601	0.01639713	-0.0209102869	-0.0100315601
7.8	0.01656834	-0.021035629	-0.00788646736	0.01656834	-0.021035629	-0.00788646736	0.01656834	-0.021035629	-0.00788646736
8	0.01669749	-0.0211281502	-0.00617831108	0.01669749	-0.0211281502	-0.00617831108	0.01669749	-0.0211281502	-0.00617831108
8.2	0.0167946	-0.0211962445	-0.00482485294	0.0167946	-0.0211962445	-0.00482485294	0.0167946	-0.0211962445	-0.00482485294
8.4	0.01686745	-0.0212462485	-0.00375733639	0.01686745	-0.0212462485	-0.00375733639	0.01686745	-0.0212462485	-0.00375733639
8.6	0.01692201	-0.0212829062	-0.00291878585	0.01692201	-0.0212829062	-0.00291878585	0.01692201	-0.0212829062	-0.00291878585
8.8	0.01696282	-0.0213097373	-0.00226238399	0.01696282	-0.0213097373	-0.00226238399	0.01696282	-0.0213097373	-0.00226238399
9	0.01699332	-0.0213293421	-0.00175003006	0.01699332	-0.0213293421	-0.00175003006	0.01699332	-0.0213293421	-0.00175003006
9.2	0.01701606	-0.0213436259	-0.00135102357	0.01701606	-0.0213436259	-0.00135102357	0.01701606	-0.0213436259	-0.00135102357
9.4	0.017033	-0.0213539918	-0.00104085764	0.017033	-0.0213539918	-0.00104085764	0.017033	-0.0213539918	-0.00104085764
9.6	0.01704556	-0.0213614706	-8.00122764E-4	0.01704556	-0.0213614706	-8.00122764E-4	0.01704556	-0.0213614706	-8.00122764E-4
9.8	0.01705485	-0.0213668229	-6.13578389E-4	0.01705485	-0.0213668229	-6.13578389E-4	0.01705485	-0.0213668229	-6.13578389E-4
10	0.01706168	-0.0213706178	-4.69276617E-4	0.01706168	-0.0213706178	-4.69276617E-4	0.01706168	-0.0213706178	-4.69276617E-4
10.5	0.01707	-0.02138	-2.48171E-4	0.01707	-0.02138	-2.48171E-4	0.01707	-0.02138	-2.48171E-4
11	0.01707609	-0.0213777025	-1.17955311E-4	0.01707609	-0.0213777025	-1.17955311E-4	0.01707609	-0.0213777025	-1.17955311E-4
