R	<12|d/dR|13>	<12|d/dR|14>	<13|d/dR|14>	<15|d/dR|16>	<15|d/dR|17>	<16|d/dR|17>	<18|d/dR|19>	<18|d/dR|20>	<19|d/dR|20>
1.97	0.0448841	-0.159314434	0.33176792	0.0448841	-0.159314434	0.33176792	0.0448841	-0.159314434	0.33176792
1.98	0.04260274	-0.155071395	0.34011754	0.04260274	-0.155071395	0.34011754	0.04260274	-0.155071395	0.34011754
1.99	0.04054042	-0.150909134	0.34845706	0.04054042	-0.150909134	0.34845706	0.04054042	-0.150909134	0.34845706
2	0.03866867	-0.146826187	0.35676551	0.03866867	-0.146826187	0.35676551	0.03866867	-0.146826187	0.35676551
2.01	0.03696329	-0.142821109	0.36502098	0.03696329	-0.142821109	0.36502098	0.03696329	-0.142821109	0.36502098
2.02	0.03540357	-0.138892478	0.3732007	0.03540357	-0.138892478	0.3732007	0.03540357	-0.138892478	0.3732007
2.03	0.03397168	-0.135038903	0.38128113	0.03397168	-0.135038903	0.38128113	0.03397168	-0.135038903	0.38128113
2.04	0.03265222	-0.131259022	0.38923805	0.03265222	-0.131259022	0.38923805	0.03265222	-0.131259022	0.38923805
2.05	0.03143178	-0.127551504	0.3970467	0.03143178	-0.127551504	0.3970467	0.03143178	-0.127551504	0.3970467
2.06	0.0302987	-0.123915046	0.40468186	0.0302987	-0.123915046	0.40468186	0.0302987	-0.123915046	0.40468186
2.07	0.02924274	-0.120348384	0.41211811	0.02924274	-0.120348384	0.41211811	0.02924274	-0.120348384	0.41211811
2.08	0.0282549	-0.116850285	0.41932989	0.0282549	-0.116850285	0.41932989	0.0282549	-0.116850285	0.41932989
2.09	0.02732724	-0.113419544	0.42629175	0.02732724	-0.113419544	0.42629175	0.02732724	-0.113419544	0.42629175
2.1	0.02645273	-0.110054998	0.43297852	0.02645273	-0.110054998	0.43297852	0.02645273	-0.110054998	0.43297852
2.15	0.02268158	-0.0941864133	0.46145181	0.02268158	-0.0941864133	0.46145181	0.02268158	-0.0941864133	0.46145181
2.2	0.01954215	-0.0798142508	0.47980966	0.01954215	-0.0798142508	0.47980966	0.01954215	-0.0798142508	0.47980966
2.25	0.01670666	-0.0668216576	0.4864743	0.01670666	-0.0668216576	0.4864743	0.01670666	-0.0668216576	0.4864743
2.3	0.01399334	-0.0551015273	0.4813836	0.01399334	-0.0551015273	0.4813836	0.01399334	-0.0551015273	0.4813836
2.35	0.01131311	-0.0445526421	0.46604233	0.01131311	-0.0445526421	0.46604233	0.01131311	-0.0445526421	0.46604233
2.4	0.00863618	-0.0350779292	0.44315839	0.00863618	-0.0350779292	0.44315839	0.00863618	-0.0350779292	0.44315839
2.45	0.00596862	-0.0265846159	0.41602018	0.00596862	-0.0265846159	0.41602018	0.00596862	-0.0265846159	0.41602018
2.5	0.00333478	-0.018985523	0.38785704	0.00333478	-0.018985523	0.38785704	0.00333478	-0.018985523	0.38785704
2.55	7.6498E-4	-0.0122005944	0.36137314	7.6498E-4	-0.0122005944	0.36137314	7.6498E-4	-0.0122005944	0.36137314
2.6	-0.00171229	-0.00615801007	0.33852448	-0.00171229	-0.00615801007	0.33852448	-0.00171229	-0.00615801007	0.33852448
2.65	-0.00407438	-7.94551418E-4	0.32050501	-0.00407438	-7.94551418E-4	0.32050501	-0.00407438	-7.94551418E-4	0.32050501
2.7	-0.00630575	0.00394469484	0.3078602	-0.00630575	0.00394469484	0.3078602	-0.00630575	0.00394469484	0.3078602
2.75	-0.00839761	0.00810716256	0.30065055	-0.00839761	0.00810716256	0.30065055	-0.00839761	0.00810716256	0.30065055
2.8	-0.0103466	0.0117338561	0.29861155	-0.0103466	0.0117338561	0.29861155	-0.0103466	0.0117338561	0.29861155
2.85	-0.01215338	0.0148605352	0.30128425	-0.01215338	0.0148605352	0.30128425	-0.01215338	0.0148605352	0.30128425
2.9	-0.01382106	0.017518836	0.30810926	-0.01382106	0.017518836	0.30810926	-0.01382106	0.017518836	0.30810926
3	-0.01675707	0.0215423062	0.33180774	-0.01675707	0.0215423062	0.33180774	-0.01675707	0.0215423062	0.33180774
3.1	-0.01918938	0.0240107648	0.36488089	-0.01918938	0.0240107648	0.36488089	-0.01918938	0.0240107648	0.36488089
3.2	-0.02114008	0.0251173604	0.40256565	-0.02114008	0.0251173604	0.40256565	-0.02114008	0.0251173604	0.40256565
3.3	-0.02261146	0.0250579112	0.44005394	-0.02261146	0.0250579112	0.44005394	-0.02261146	0.0250579112	0.44005394
3.4	-0.02358794	0.0240407335	0.47249288	-0.02358794	0.0240407335	0.47249288	-0.02358794	0.0240407335	0.47249288
3.5	-0.02404484	0.0222888091	0.49538328	-0.02404484	0.0222888091	0.49538328	-0.02404484	0.0222888091	0.49538328
3.6	-0.02396161	0.0200324559	0.5053581	-0.02396161	0.0200324559	0.5053581	-0.02396161	0.0200324559	0.5053581
3.7	-0.0233357	0.0174931621	0.50098762	-0.0233357	0.0174931621	0.50098762	-0.0233357	0.0174931621	0.50098762
3.8	-0.02219215	0.0148639202	0.48311666	-0.02219215	0.0148639202	0.48311666	-0.02219215	0.0148639202	0.48311666
3.9	-0.02058512	0.0122938764	0.45447194	-0.02058512	0.0122938764	0.45447194	-0.02058512	0.0122938764	0.45447194
4	-0.01859161	0.00988286024	0.41873908	-0.01859161	0.00988286024	0.41873908	-0.01859161	0.00988286024	0.41873908
4.1	-0.01630063	0.00768591622	0.37958287	-0.01630063	0.00768591622	0.37958287	-0.01630063	0.00768591622	0.37958287
4.2	-0.01380217	0.005723766	0.3399891	-0.01380217	0.005723766	0.3399891	-0.01380217	0.005723766	0.3399891
4.3	-0.0111792	0.00399445641	0.30202363	-0.0111792	0.00399445641	0.30202363	-0.0111792	0.00399445641	0.30202363
4.4	-0.00850319	0.00248319447	0.26689464	-0.00850319	0.00248319447	0.26689464	-0.00850319	0.00248319447	0.26689464
4.5	-0.00583272	0.00116924323	0.23515386	-0.00583272	0.00116924323	0.23515386	-0.00583272	0.00116924323	0.23515386
4.6	-0.00321407	3.02793066E-5	0.20691578	-0.00321407	3.02793066E-5	0.20691578	-0.00321407	3.02793066E-5	0.20691578
4.7	-6.8187E-4	-9.53886026E-4	0.18203543	-6.8187E-4	-9.53886026E-4	0.18203543	-6.8187E-4	-9.53886026E-4	0.18203543
4.8	0.00173681	-0.00180614251	0.16024332	0.00173681	-0.00180614251	0.16024332	0.00173681	-0.00180614251	0.16024332
4.9	0.00402481	-0.00254258363	0.14121115	0.00402481	-0.00254258363	0.14121115	0.00402481	-0.00254258363	0.14121115
5	0.00617078	-0.00317875221	0.12460806	0.00617078	-0.00317875221	0.12460806	0.00617078	-0.00317875221	0.12460806
5.1	0.00816872	-0.00372818132	0.11012192	0.00816872	-0.00372818132	0.11012192	0.00816872	-0.00372818132	0.11012192
5.2	0.01001683	-0.00420262806	0.09747028	0.01001683	-0.00420262806	0.09747028	0.01001683	-0.00420262806	0.09747028
5.3	0.01171667	-0.00461225168	0.08640378	0.01171667	-0.00461225168	0.08640378	0.01171667	-0.00461225168	0.08640378
5.4	0.01327225	-0.00496584253	0.0767056	0.01327225	-0.00496584253	0.0767056	0.01327225	-0.00496584253	0.0767056
5.5	0.01468943	-0.00527099422	0.06818895	0.01468943	-0.00527099422	0.06818895	0.01468943	-0.00527099422	0.06818895
5.6	0.01597533	-0.0055342685	0.06069383	0.01597533	-0.0055342685	0.06069383	0.01597533	-0.0055342685	0.06069383
5.7	0.01713792	-0.0057613428	0.05408356	0.01713792	-0.0057613428	0.05408356	0.01713792	-0.0057613428	0.05408356
5.8	0.0181856	-0.00595712143	0.04824151	0.0181856	-0.00595712143	0.04824151	0.0181856	-0.00595712143	0.04824151
5.9	0.01912693	-0.00612584113	0.04306813	0.01912693	-0.00612584113	0.04306813	0.01912693	-0.00612584113	0.04306813
6	0.01997046	-0.00627117296	0.03847833	0.01997046	-0.00627117296	0.03847833	0.01997046	-0.00627117296	0.03847833
6.2	0.02139696	-0.0065038798	0.03076826	0.02139696	-0.0065038798	0.03076826	0.02139696	-0.0065038798	0.03076826
6.4	0.02252713	-0.00667577632	0.02464266	0.02252713	-0.00667577632	0.02464266	0.02252713	-0.00667577632	0.02464266
6.6	0.02341577	-0.00680221175	0.01975229	0.02341577	-0.00680221175	0.01975229	0.02341577	-0.00680221175	0.01975229
6.8	0.02410974	-0.0068946838	0.01583377	0.02410974	-0.0068946838	0.01583377	0.02410974	-0.0068946838	0.01583377
7	0.02464832	-0.00696183503	0.01268607	0.02464832	-0.00696183503	0.01268607	0.02464832	-0.00696183503	0.01268607
7.2	0.02506389	-0.00701017945	0.01015389	0.02506389	-0.00701017945	0.01015389	0.02506389	-0.00701017945	0.01015389
7.4	0.02538285	-0.00704463633	0.00811595	0.02538285	-0.00704463633	0.00811595	0.02538285	-0.00704463633	0.00811595
7.6	0.0256265	-0.00706892187	0.0064764	0.0256265	-0.00706892187	0.0064764	0.0256265	-0.00706892187	0.0064764
7.8	0.02581186	-0.00708582638	0.00515877	0.02581186	-0.00708582638	0.00515877	0.02581186	-0.00708582638	0.00515877
8	0.02595243	-0.00709743432	0.0041015	0.02595243	-0.00709743432	0.0041015	0.02595243	-0.00709743432	0.0041015
8.2	0.02605874	-0.00710528497	0.00325472	0.02605874	-0.00710528497	0.00325472	0.02605874	-0.00710528497	0.00325472
8.4	0.026139	-0.00711049988	0.00257784	0.026139	-0.00711049988	0.00257784	0.026139	-0.00711049988	0.00257784
8.6	0.02619951	-0.00711388578	0.00203783	0.02619951	-0.00711388578	0.00203783	0.02619951	-0.00711388578	0.00203783
8.8	0.02624505	-0.00711601401	0.00160784	0.02624505	-0.00711601401	0.00160784	0.02624505	-0.00711601401	0.00160784
9	0.02627927	-0.00711728622	0.00126605	0.02627927	-0.00711728622	0.00126605	0.02627927	-0.00711728622	0.00126605
9.2	0.02630492	-0.00711797955	9.9484E-4	0.02630492	-0.00711797955	9.9484E-4	0.02630492	-0.00711797955	9.9484E-4
9.4	0.02632408	-0.00711828737	7.8002E-4	0.02632408	-0.00711828737	7.8002E-4	0.02632408	-0.00711828737	7.8002E-4
9.6	0.02633832	-0.00711834264	6.102E-4	0.02633832	-0.00711834264	6.102E-4	0.02633832	-0.00711834264	6.102E-4
9.8	0.02634885	-0.00711823761	4.7624E-4	0.02634885	-0.00711823761	4.7624E-4	0.02634885	-0.00711823761	4.7624E-4
10	0.02635658	-0.0071180383	3.7083E-4	0.02635658	-0.0071180383	3.7083E-4	0.02635658	-0.0071180383	3.7083E-4
10.5	0.02637461	-0.007117	2.0449E-4	0.02637461	-0.007117	2.0449E-4	0.02637461	-0.007117	2.0449E-4
11	0.02637264	-0.00711677403	1.0314E-4	0.02637264	-0.00711677403	1.0314E-4	0.02637264	-0.00711677403	1.0314E-4
