R	<36|d/dR|37>	<36|d/dR|38>	<36|d/dR|40>	<37|d/dR|38>	<37|d/dR|40>	<38|d/dR|40>
1.97	0.02720249	-0.0122198012	0.00755789513	0.229235866	0.02668105	0.652410239
1.98	0.02654111	-0.0128308926	0.00732997621	0.221755845	0.02840287	0.679403767
1.99	0.02588332	-0.0134222275	0.00708860861	0.214451064	0.03011642	0.707382027
2	0.02522915	-0.0139941071	0.00683377489	0.207315971	0.03181844	0.736341632
2.01	0.02457867	-0.0145467989	0.00656545232	0.200345009	0.03350566	0.766271255
2.02	0.02393193	-0.0150805318	0.00628361791	0.193532627	0.03517477	0.797150332
2.03	0.02328899	-0.0155954966	0.00598825059	0.186873333	0.03682246	0.82894764
2.04	0.02264991	-0.0160918501	0.00567933343	0.180361701	0.03844537	0.861619815
2.05	0.02201474	-0.0165697051	0.00535686183	0.173992408	0.04004009	0.895109774
2.06	0.02138353	-0.0170291446	0.00502084374	0.167760248	0.04160319	0.929345103
2.07	0.02075636	-0.0174702076	0.00467130837	0.16166018	0.04313119	0.964236471
2.08	0.02013326	-0.0178929011	0.00430831119	0.155687337	0.04462055	0.999676102
2.09	0.01951431	-0.0182971949	0.0039319391	0.14983706	0.04606771	1.03553634
2.1	0.01889953	-0.0186830267	0.00354231929	0.144104936	0.04746904	1.07166845
2.15	0.0158902	-0.0203312294	0.00140365994	0.117081947	0.05365929	1.24965477
2.2	0.01299227	-0.0214971291	-0.00101161482	0.0925326244	0.05815626	1.40001137
2.25	0.01020974	-0.0221687491	-0.00360414163	0.0703073313	0.06057296	1.48670008
2.3	0.00754495	-0.0223665237	-0.0062250657	0.0504778236	0.06072469	1.48321937
2.35	0.0049986	-0.0221600459	-0.00870967846	0.0332051828	0.05873837	1.38941854
2.4	0.00256995	-0.0216574537	-0.0109252732	0.0185642741	0.05503072	1.23158665
2.45	2.5705E-4	-0.0209745249	-0.0127999802	0.00644724577	0.05015821	1.04572066
2.5	-0.001943	-0.0202072194	-0.0143196457	-0.00341300789	0.04465186	0.86094881
2.55	-0.0040338	-0.0194211312	-0.0155068992	-0.011359512	0.03892528	0.69373089
2.6	-0.00601944	-0.0186544153	-0.0164003589	-0.0177366453	0.03325952	0.55014367
2.65	-0.00790427	-0.0179256447	-0.0170414275	-0.0228491815	0.02782699	0.430237365
2.7	-0.00969282	-0.0172412208	-0.0174680861	-0.0269489817	0.02272394	0.331401036
2.75	-0.01138962	-0.0166006868	-0.0177128956	-0.0302366729	0.01799771	0.250270031
2.8	-0.01299915	-0.0160000741	-0.0178029989	-0.0328690928	0.01366593	0.183606883
2.85	-0.01452576	-0.0154338726	-0.0177608638	-0.0349678364	0.00972893	0.128621928
2.9	-0.01597365	-0.0148961391	-0.0176051945	-0.0366269525	0.00617741	0.0830322812
3	-0.01864893	-0.0138834782	-0.0170141421	-0.038901472	1.7044E-4	0.0131393933
3.1	-0.02105387	-0.0129225665	-0.0161324555	-0.0401031701	-0.00449312	-0.036468118
3.2	-0.02321333	-0.0119846112	-0.0150412912	-0.040486689	-0.00795971	-0.072220294
3.3	-0.02514845	-0.0110516896	-0.0138085115	-0.0402166956	-0.01037246	-0.0981505955
3.4	-0.02687737	-0.0101155076	-0.0124923762	-0.0394063285	-0.01186891	-0.116860669
3.5	-0.02841602	-0.00917560869	-0.011142875	-0.0381398092	-0.01258075	-0.130088958
3.6	-0.02977885	-0.00823735235	-0.00980201915	-0.0364858009	-0.01263375	-0.139043382
3.7	-0.03097937	-0.007309864	-0.00850383275	-0.0345050559	-0.01214702	-0.144597539
3.8	-0.03203054	-0.00640412758	-0.00727444851	-0.0322544307	-0.01123162	-0.147409212
3.9	-0.03294499	-0.00553137968	-0.00613248151	-0.029788479	-0.00998893	-0.147993851
4	-0.03373505	-0.00470190025	-0.00508972604	-0.0271595404	-0.00850898	-0.146770978
4.1	-0.03441278	-0.00392424764	-0.00415211439	-0.0244170899	-0.00686935	-0.144092834
4.2	-0.03498978	-0.00320489258	-0.00332082376	-0.0216069019	-0.00513494	-0.140261089
4.3	-0.03547717	-0.00254815342	-0.0025933943	-0.0187704125	-0.00335862	-0.135536107
4.4	-0.03588544	-0.00195631704	-0.00196474429	-0.0159443582	-0.00158247	-0.13014201
4.5	-0.03622442	-0.00142984897	-0.00142802673	-0.0131606613	1.6072E-4	-0.124270143
4.6	-0.03650324	-9.67644276E-4	-9.75316725E-4	-0.0104464464	0.00184594	-0.11808215
4.7	-0.03673027	-5.67292202E-4	-5.98153902E-4	-0.00782413595	0.00345476	-0.111713091
4.8	-0.03691314	-2.25354635E-4	-2.87964517E-4	-0.00531160978	0.00497429	-0.105274599
4.9	-0.03705869	6.23716029E-5	-3.6373706E-5	-0.00292242636	0.00639624	-0.0988579418
5	-0.03717298	3.00530532E-4	1.64529403E-4	-6.66210254E-4	0.00771628	-0.0925362771
5.1	-0.03726129	4.94041065E-4	3.22065398E-4	0.00145101699	0.00893314	-0.0863676865
5.2	-0.03732825	6.47868732E-4	4.42880214E-4	0.0034263939	0.01004804	-0.0803969949
5.3	-0.03737778	7.66852659E-4	5.32886026E-4	0.00525972815	0.01106405	-0.074657726
5.4	-0.03741321	8.55595377E-4	5.97278998E-4	0.0069530471	0.01198563	-0.0691738269
5.5	-0.03743736	9.18383175E-4	6.40567483E-4	0.00851016807	0.01281812	-0.0639612249
5.6	-0.03745255	9.591389E-4	6.66627511E-4	0.00993629051	0.01356744	-0.0590291805
5.7	-0.03746072	9.81396807E-4	6.78759475E-4	0.0112376463	0.01423977	-0.0543814627
5.8	-0.03746346	9.88304318E-4	6.79752181E-4	0.012421169	0.01484133	-0.0500174174
5.9	-0.03746208	9.82630447E-4	6.71947791E-4	0.0134942183	0.01537822	-0.0459328417
6	-0.03745763	9.66789708E-4	6.57299826E-4	0.0144643672	0.01585632	-0.0421207605
6.2	-0.03744285	9.12670237E-4	6.1368588E-4	0.0161261768	0.01665799	-0.0352764119
6.4	-0.03742414	8.39309601E-4	5.58769135E-4	0.0174651558	0.01728636	-0.0293966226
6.6	-0.0374046	7.56340693E-4	4.99174225E-4	0.0185350917	0.01777543	-0.0243828294
6.8	-0.03738605	6.70528086E-4	4.39252581E-4	0.0193836079	0.01815344	-0.0201349698
7	-0.0373694	5.86465961E-4	3.81767401E-4	0.0200518602	0.01844363	-0.0165570171
7.2	-0.03735501	5.0711402E-4	3.28367284E-4	0.0205747753	0.01866492	-0.0135598388
7.4	-0.0373429	4.34216474E-4	2.79923144E-4	0.0209815783	0.01883259	-0.0110623725
7.6	-0.0373329	3.68631176E-4	2.36769038E-4	0.0212964168	0.01895889	-0.00899186719
7.8	-0.03732475	3.10592429E-4	1.98880843E-4	0.021538995	0.01905351	-0.00728368484
8	-0.0373182	2.59916633E-4	1.6600796E-4	0.0217251998	0.01912407	-0.00588089716
8.2	-0.03731297	2.16160913E-4	1.37768223E-4	0.0218676968	0.01917645	-0.00473380923
8.4	-0.03730884	1.78738173E-4	1.13714903E-4	0.0219764713	0.01921518	-0.00379946312
8.6	-0.03730561	1.46998867E-4	9.33837204E-5	0.0220593243	0.0192437	-0.0030410913
8.8	-0.03730309	1.20283317E-4	7.63178287E-5	0.0221223024	0.01926461	-0.00242753273
9	-0.03730116	9.79550133E-5	6.20866006E-5	0.0221700707	0.01927984	-0.00193261593
9.2	-0.03729968	7.94173682E-5	5.02934924E-5	0.0222062089	0.01929087	-0.00153453681
9.4	-0.03729856	6.41248415E-5	4.05788407E-5	0.0222334668	0.01929878	-0.00121525879
9.6	-0.03729772	5.1584819E-5	3.2623147E-5	0.0222539542	0.01930439	-9.59916226E-4
9.8	-0.0372971	4.13603257E-5	2.61419706E-5	0.0222692911	0.0193083	-7.56326817E-4
10	-0.03729664	3.30662509E-5	2.08888819E-5	0.0222807264	0.019311	-5.94498314E-4
10.5	-0.03729615	1.93094E-5	1.21842E-5	0.0223	0.01931	-3.34803E-4
11	-0.03729566	1.04624209E-5	6.59034963E-6	0.0223059808	0.01931544	-1.73596574E-4
