R	Re<0|V|1>	Re<0|V|2>	Re<0|V|3>	Re<1|V|2>	Re<1|V|3>	Re<2|V|3>
1.97000000000000	0.03234700000000	0.210093	-0.18072600000000	-0.09379600000000	0.09869500000000	0.11698000000000
1.98000000000000	0.03316100000000	0.215381	-0.18527400000000	-0.09615600000000	0.10117900000000	0.11992400000000
1.99000000000000	0.03397400000000	0.220662	-0.18981700000000	-0.09851400000000	0.10366000000000	0.12286400000000
2.00000000000000	0.03478400000000	0.225923	-0.19434300000000	-0.10086300000000	0.10613200000000	0.12579400000000
2.01000000000000	0.03558900000000	0.231151	-0.19884000000000	-0.10319700000000	0.10858800000000	0.12870400000000
2.02000000000000	0.03638600000000	0.236331	-0.20329600000000	-0.10550900000000	0.11102100000000	0.13158900000000
2.03000000000000	0.03717400000000	0.241448	-0.20769700000000	-0.10779400000000	0.11342500000000	0.13443800000000
2.04000000000000	0.03795000000000	0.246487	-0.21203200000000	-0.11004300000000	0.11579200000000	0.13724300000000
2.05000000000000	0.03871100000000	0.251431	-0.21628500000000	-0.11225100000000	0.11811500000000	0.13999700000000
2.06000000000000	0.03945600000000	0.256266	-0.22044500000000	-0.11441000000000	0.12038600000000	0.14268900000000
2.07000000000000	0.04018100000000	0.260975	-0.22449500000000	-0.11651200000000	0.12259800000000	0.14531100000000
2.08000000000000	0.04088400000000	0.265542	-0.22842400000000	-0.11855100000000	0.12474300000000	0.14785300000000
2.09000000000000	0.04156300000000	0.269951	-0.23221600000000	-0.12051900000000	0.12681500000000	0.15030800000000
2.10000000000000	0.04221500000000	0.274185	-0.23585900000000	-0.12241000000000	0.12880400000000	0.15266600000000
2.15000000000000	0.04499100000000	0.292216	-0.25136900000000	-0.13045900000000	0.13727400000000	0.16270500000000
2.20000000000000	0.04678100000000	0.303841	-0.26136900000000	-0.13564900000000	0.14273500000000	0.16917800000000
2.25000000000000	0.04743000000000	0.308062	-0.26500000000000	-0.13753400000000	0.14471800000000	0.17152800000000
2.30000000000000	0.04693400000000	0.304838	-0.26222700000000	-0.13609400000000	0.14320300000000	0.16973300000000
2.35000000000000	0.04543800000000	0.295123	-0.25387000000000	-0.13175700000000	0.13864000000000	0.16432400000000
2.40000000000000	0.04320700000000	0.280632	-0.24140400000000	-0.12528800000000	0.13183200000000	0.15625500000000
2.45000000000000	0.04056100000000	0.263446	-0.22662100000000	-0.11761500000000	0.12375900000000	0.14668600000000
2.50000000000000	0.03781500000000	0.245612	-0.21127900000000	-0.10965300000000	0.11538100000000	0.13675600000000
2.55000000000000	0.03523300000000	0.228841	-0.19685300000000	-0.10216600000000	0.10750200000000	0.12741800000000
2.60000000000000	0.03300600000000	0.214372	-0.18440600000000	-0.09570600000000	0.10070500000000	0.11936200000000
2.65000000000000	0.03124900000000	0.202961	-0.17459000000000	-0.09061200000000	0.09534500000000	0.11300800000000
2.70000000000000	0.03001600000000	0.194954	-0.16770200000000	-0.08703700000000	0.09158300000000	0.10855000000000
2.75000000000000	0.02931300000000	0.190388	-0.16377500000000	-0.08499800000000	0.08943800000000	0.10600800000000
2.80000000000000	0.02911400000000	0.189097	-0.16266400000000	-0.08442200000000	0.08883200000000	0.10528900000000
2.85000000000000	0.02937500000000	0.190789	-0.16412000000000	-0.08517800000000	0.08962700000000	0.10623100000000
2.90000000000000	0.03004000000000	0.195111	-0.16783800000000	-0.08710700000000	0.09165700000000	0.10863800000000
3.00000000000000	0.03235100000000	0.210119	-0.18074700000000	-0.09380700000000	0.09870700000000	0.11699400000000
3.10000000000000	0.03557500000000	0.231062	-0.19876400000000	-0.10315700000000	0.10854600000000	0.12865500000000
3.20000000000000	0.03924900000000	0.254926	-0.21929200000000	-0.11381100000000	0.11975600000000	0.14194200000000
3.30000000000000	0.04290500000000	0.278666	-0.23971300000000	-0.12441000000000	0.13090900000000	0.15516100000000
3.40000000000000	0.04606700000000	0.299208	-0.25738400000000	-0.13358100000000	0.14055900000000	0.16659800000000
3.50000000000000	0.04829900000000	0.313703	-0.26985300000000	-0.14005200000000	0.14736800000000	0.17466900000000
3.60000000000000	0.04927200000000	0.32002	-0.27528600000000	-0.14287200000000	0.15033500000000	0.17818700000000
3.70000000000000	0.04884500000000	0.317252	-0.27290600000000	-0.14163700000000	0.14903500000000	0.17664600000000
3.80000000000000	0.04710300000000	0.305936	-0.26317100000000	-0.13658400000000	0.14371900000000	0.17034400000000
3.90000000000000	0.04431000000000	0.287796	-0.24756700000000	-0.12848600000000	0.13519800000000	0.16024400000000
4.00000000000000	0.04082600000000	0.265168	-0.22810200000000	-0.11838400000000	0.12456800000000	0.14764500000000
4.10000000000000	0.03700900000000	0.240372	-0.20677200000000	-0.10731400000000	0.11291900000000	0.13383900000000
4.20000000000000	0.03314800000000	0.215299	-0.18520400000000	-0.09612000000000	0.10114100000000	0.11987800000000
4.30000000000000	0.02944700000000	0.191258	-0.16452300000000	-0.08538700000000	0.08984700000000	0.10649200000000
4.40000000000000	0.02602200000000	0.169012	-0.14538700000000	-0.07545500000000	0.07939700000000	0.09410600000000
4.50000000000000	0.02292700000000	0.148912	-0.12809700000000	-0.06648200000000	0.06995400000000	0.08291400000000
4.60000000000000	0.02017400000000	0.13103	-0.11271400000000	-0.05849800000000	0.06155400000000	0.07295700000000
4.70000000000000	0.01774800000000	0.115275	-0.09916100000000	-0.05146400000000	0.05415200000000	0.06418500000000
4.80000000000000	0.01562300000000	0.101475	-0.08729000000000	-0.04530300000000	0.04767000000000	0.05650100000000
4.90000000000000	0.01376800000000	0.089423	-0.07692300000000	-0.03992300000000	0.04200800000000	0.04979000000000
5.00000000000000	0.01214900000000	0.078909	-0.06787800000000	-0.03522900000000	0.03706900000000	0.04393600000000
5.10000000000000	0.01073700000000	0.069735	-0.05998700000000	-0.03113300000000	0.03275900000000	0.03882800000000
5.20000000000000	0.00950300000000	0.061723	-0.05309600000000	-0.02755600000000	0.02899600000000	0.03436700000000
5.30000000000000	0.00842400000000	0.054716	-0.04706700000000	-0.02442800000000	0.02570400000000	0.03046600000000
5.40000000000000	0.00747900000000	0.048574	-0.04178400000000	-0.02168600000000	0.02281900000000	0.02704600000000
5.50000000000000	0.00664800000000	0.043181	-0.03714500000000	-0.01927800000000	0.02028500000000	0.02404300000000
5.60000000000000	0.00591800000000	0.038435	-0.03306200000000	-0.01715900000000	0.01805500000000	0.02140000000000
5.70000000000000	0.00527300000000	0.034249	-0.02946100000000	-0.01529000000000	0.01608900000000	0.01907000000000
5.80000000000000	0.00470300000000	0.030549	-0.02627900000000	-0.01363900000000	0.01435100000000	0.01701000000000
5.90000000000000	0.00419900000000	0.027273	-0.02346100000000	-0.01217600000000	0.01281200000000	0.01518600000000
6.00000000000000	0.00375200000000	0.024367	-0.02096100000000	-0.01087800000000	0.01144700000000	0.01356700000000
6.20000000000000	0.00300000000000	0.019484	-0.01676100000000	-0.00869900000000	0.00915300000000	0.01084900000000
6.40000000000000	0.00240300000000	0.015605	-0.01342400000000	-0.00696700000000	0.00733100000000	0.00868900000000
6.60000000000000	0.00192600000000	0.012508	-0.01076000000000	-0.00558400000000	0.00587600000000	0.00696500000000
6.80000000000000	0.00154400000000	0.010027	-0.00862500000000	-0.00447600000000	0.00471000000000	0.00558300000000
7.00000000000000	0.00123700000000	0.008034	-0.00691100000000	-0.00358700000000	0.00377400000000	0.00447300000000
7.20000000000000	0.00099000000000	0.00643	-0.00553100000000	-0.00287100000000	0.00302100000000	0.00358000000000
7.40000000000000	0.00079100000000	0.005139	-0.00442100000000	-0.00229500000000	0.00241400000000	0.00286200000000
7.60000000000000	0.00063100000000	0.004101	-0.00352800000000	-0.00183100000000	0.00192700000000	0.00228400000000
7.80000000000000	0.00050300000000	0.003267	-0.00281000000000	-0.00145800000000	0.00153500000000	0.00181900000000
8.00000000000000	0.00040000000000	0.002597	-0.00223400000000	-0.00116000000000	0.00122000000000	0.00144600000000
8.20000000000000	0.00031700000000	0.002061	-0.00177300000000	-0.00092000000000	0.00096800000000	0.00114800000000
8.40000000000000	0.00025100000000	0.001632	-0.00140400000000	-0.00072900000000	0.00076700000000	0.00090900000000
8.60000000000000	0.00019900000000	0.00129	-0.00111000000000	-0.00057600000000	0.00060600000000	0.00071900000000
8.80000000000000	0.00015700000000	0.001018	-0.00087600000000	-0.00045500000000	0.00047800000000	0.00056700000000
9.00000000000000	0.00012300000000	0.000802	-0.00069000000000	-0.00035800000000	0.00037700000000	0.00044600000000
9.20000000000000	0.00009700000000	0.00063	-0.00054200000000	-0.00028100000000	0.00029600000000	0.00035100000000
9.40000000000000	0.00007600000000	0.000494	-0.00042500000000	-0.00022100000000	0.00023200000000	0.00027500000000
9.60000000000000	0.00005900000000	0.000386	-0.00033200000000	-0.00017300000000	0.00018200000000	0.00021500000000
9.80000000000000	0.00004600000000	0.000302	-0.00025900000000	-0.00013500000000	0.00014200000000	0.00016800000000
10.00000000000000	0.00003600000000	0.000235	-0.00020200000000	-0.00010500000000	0.00011000000000	0.00013100000000
10.50000000000000	0.00002000000000	0.000129	-0.00011100000000	-0.00005800000000	0.00006100000000	0.00007200000000
11.00000000000000	0.00001000000000	6.5e-05	-0.00005600000000	-0.00002900000000	0.00003100000000	0.00003600000000
