E, cm-1	Sigma_00, cm2	Sigma_01, cm2	Sigma_02, cm2	Sigma_03, cm2	Sigma_10, cm2	Sigma_11, cm2	Sigma_12, cm2	Sigma_13, cm2	Sigma_20, cm2	Sigma_21, cm2	Sigma_22, cm2	Sigma_23, cm2	Sigma_30, cm2	Sigma_31, cm2	Sigma_32, cm2	Sigma_33, cm2	
1.052317e+05	4.541038e-14	0.000000e+00	0.000000e+00	0.000000e+00	0.000000e+00	0.000000e+00	0.000000e+00	0.000000e+00	0.000000e+00	0.000000e+00	0.000000e+00	0.000000e+00	0.000000e+00	0.000000e+00	0.000000e+00	0.000000e+00
1.052318e+05	4.500554e-14	0.000000e+00	0.000000e+00	0.000000e+00	0.000000e+00	0.000000e+00	0.000000e+00	0.000000e+00	0.000000e+00	0.000000e+00	0.000000e+00	0.000000e+00	0.000000e+00	0.000000e+00	0.000000e+00	0.000000e+00
1.052319e+05	4.456285e-14	0.000000e+00	0.000000e+00	0.000000e+00	0.000000e+00	0.000000e+00	0.000000e+00	0.000000e+00	0.000000e+00	0.000000e+00	0.000000e+00	0.000000e+00	0.000000e+00	0.000000e+00	0.000000e+00	0.000000e+00
1.052321e+05	4.687917e-14	0.000000e+00	0.000000e+00	0.000000e+00	0.000000e+00	0.000000e+00	0.000000e+00	0.000000e+00	0.000000e+00	0.000000e+00	0.000000e+00	0.000000e+00	0.000000e+00	0.000000e+00	0.000000e+00	0.000000e+00
1.052322e+05	4.669290e-14	0.000000e+00	0.000000e+00	0.000000e+00	0.000000e+00	0.000000e+00	0.000000e+00	0.000000e+00	0.000000e+00	0.000000e+00	0.000000e+00	0.000000e+00	0.000000e+00	0.000000e+00	0.000000e+00	0.000000e+00
1.052323e+05	4.648718e-14	0.000000e+00	0.000000e+00	0.000000e+00	0.000000e+00	0.000000e+00	0.000000e+00	0.000000e+00	0.000000e+00	0.000000e+00	0.000000e+00	0.000000e+00	0.000000e+00	0.000000e+00	0.000000e+00	0.000000e+00
1.052324e+05	4.625944e-14	0.000000e+00	0.000000e+00	0.000000e+00	0.000000e+00	0.000000e+00	0.000000e+00	0.000000e+00	0.000000e+00	0.000000e+00	0.000000e+00	0.000000e+00	0.000000e+00	0.000000e+00	0.000000e+00	0.000000e+00
1.052325e+05	4.600698e-14	0.000000e+00	0.000000e+00	0.000000e+00	0.000000e+00	0.000000e+00	0.000000e+00	0.000000e+00	0.000000e+00	0.000000e+00	0.000000e+00	0.000000e+00	0.000000e+00	0.000000e+00	0.000000e+00	0.000000e+00
1.052327e+05	4.572688e-14	0.000000e+00	0.000000e+00	0.000000e+00	0.000000e+00	0.000000e+00	0.000000e+00	0.000000e+00	0.000000e+00	0.000000e+00	0.000000e+00	0.000000e+00	0.000000e+00	0.000000e+00	0.000000e+00	0.000000e+00
1.052328e+05	4.541609e-14	0.000000e+00	0.000000e+00	0.000000e+00	0.000000e+00	0.000000e+00	0.000000e+00	0.000000e+00	0.000000e+00	0.000000e+00	0.000000e+00	0.000000e+00	0.000000e+00	0.000000e+00	0.000000e+00	0.000000e+00
1.052329e+05	4.507138e-14	0.000000e+00	0.000000e+00	0.000000e+00	0.000000e+00	0.000000e+00	0.000000e+00	0.000000e+00	0.000000e+00	0.000000e+00	0.000000e+00	0.000000e+00	0.000000e+00	0.000000e+00	0.000000e+00	0.000000e+00
1.052331e+05	4.468950e-14	0.000000e+00	0.000000e+00	0.000000e+00	0.000000e+00	0.000000e+00	0.000000e+00	0.000000e+00	0.000000e+00	0.000000e+00	0.000000e+00	0.000000e+00	0.000000e+00	0.000000e+00	0.000000e+00	0.000000e+00
1.052332e+05	4.426728e-14	0.000000e+00	0.000000e+00	0.000000e+00	0.000000e+00	0.000000e+00	0.000000e+00	0.000000e+00	0.000000e+00	0.000000e+00	0.000000e+00	0.000000e+00	0.000000e+00	0.000000e+00	0.000000e+00	0.000000e+00
1.052333e+05	4.629640e-14	0.000000e+00	0.000000e+00	0.000000e+00	0.000000e+00	0.000000e+00	0.000000e+00	0.000000e+00	0.000000e+00	0.000000e+00	0.000000e+00	0.000000e+00	0.000000e+00	0.000000e+00	0.000000e+00	0.000000e+00
1.052335e+05	4.610688e-14	0.000000e+00	0.000000e+00	0.000000e+00	0.000000e+00	0.000000e+00	0.000000e+00	0.000000e+00	0.000000e+00	0.000000e+00	0.000000e+00	0.000000e+00	0.000000e+00	0.000000e+00	0.000000e+00	0.000000e+00
1.052336e+05	4.589656e-14	0.000000e+00	0.000000e+00	0.000000e+00	0.000000e+00	0.000000e+00	0.000000e+00	0.000000e+00	0.000000e+00	0.000000e+00	0.000000e+00	0.000000e+00	0.000000e+00	0.000000e+00	0.000000e+00	0.000000e+00
1.052338e+05	4.566165e-14	0.000000e+00	0.000000e+00	0.000000e+00	0.000000e+00	0.000000e+00	0.000000e+00	0.000000e+00	0.000000e+00	0.000000e+00	0.000000e+00	0.000000e+00	0.000000e+00	0.000000e+00	0.000000e+00	0.000000e+00
1.052339e+05	4.539843e-14	0.000000e+00	0.000000e+00	0.000000e+00	0.000000e+00	0.000000e+00	0.000000e+00	0.000000e+00	0.000000e+00	0.000000e+00	0.000000e+00	0.000000e+00	0.000000e+00	0.000000e+00	0.000000e+00	0.000000e+00
1.052341e+05	4.510330e-14	0.000000e+00	0.000000e+00	0.000000e+00	0.000000e+00	0.000000e+00	0.000000e+00	0.000000e+00	0.000000e+00	0.000000e+00	0.000000e+00	0.000000e+00	0.000000e+00	0.000000e+00	0.000000e+00	0.000000e+00
1.052343e+05	4.477283e-14	0.000000e+00	0.000000e+00	0.000000e+00	0.000000e+00	0.000000e+00	0.000000e+00	0.000000e+00	0.000000e+00	0.000000e+00	0.000000e+00	0.000000e+00	0.000000e+00	0.000000e+00	0.000000e+00	0.000000e+00
1.052344e+05	4.440380e-14	0.000000e+00	0.000000e+00	0.000000e+00	0.000000e+00	0.000000e+00	0.000000e+00	0.000000e+00	0.000000e+00	0.000000e+00	0.000000e+00	0.000000e+00	0.000000e+00	0.000000e+00	0.000000e+00	0.000000e+00
1.052346e+05	4.595411e-14	0.000000e+00	0.000000e+00	0.000000e+00	0.000000e+00	0.000000e+00	0.000000e+00	0.000000e+00	0.000000e+00	0.000000e+00	0.000000e+00	0.000000e+00	0.000000e+00	0.000000e+00	0.000000e+00	0.000000e+00
1.052348e+05	4.577764e-14	0.000000e+00	0.000000e+00	0.000000e+00	0.000000e+00	0.000000e+00	0.000000e+00	0.000000e+00	0.000000e+00	0.000000e+00	0.000000e+00	0.000000e+00	0.000000e+00	0.000000e+00	0.000000e+00	0.000000e+00
1.052350e+05	4.558047e-14	0.000000e+00	0.000000e+00	0.000000e+00	0.000000e+00	0.000000e+00	0.000000e+00	0.000000e+00	0.000000e+00	0.000000e+00	0.000000e+00	0.000000e+00	0.000000e+00	0.000000e+00	0.000000e+00	0.000000e+00
1.052351e+05	4.535877e-14	0.000000e+00	0.000000e+00	0.000000e+00	0.000000e+00	0.000000e+00	0.000000e+00	0.000000e+00	0.000000e+00	0.000000e+00	0.000000e+00	0.000000e+00	0.000000e+00	0.000000e+00	0.000000e+00	0.000000e+00
1.052353e+05	4.510880e-14	0.000000e+00	0.000000e+00	0.000000e+00	0.000000e+00	0.000000e+00	0.000000e+00	0.000000e+00	0.000000e+00	0.000000e+00	0.000000e+00	0.000000e+00	0.000000e+00	0.000000e+00	0.000000e+00	0.000000e+00
1.052355e+05	4.482744e-14	0.000000e+00	0.000000e+00	0.000000e+00	0.000000e+00	0.000000e+00	0.000000e+00	0.000000e+00	0.000000e+00	0.000000e+00	0.000000e+00	0.000000e+00	0.000000e+00	0.000000e+00	0.000000e+00	0.000000e+00
1.052357e+05	4.451250e-14	0.000000e+00	0.000000e+00	0.000000e+00	0.000000e+00	0.000000e+00	0.000000e+00	0.000000e+00	0.000000e+00	0.000000e+00	0.000000e+00	0.000000e+00	0.000000e+00	0.000000e+00	0.000000e+00	0.000000e+00
1.052359e+05	4.416113e-14	0.000000e+00	0.000000e+00	0.000000e+00	0.000000e+00	0.000000e+00	0.000000e+00	0.000000e+00	0.000000e+00	0.000000e+00	0.000000e+00	0.000000e+00	0.000000e+00	0.000000e+00	0.000000e+00	0.000000e+00
1.052361e+05	4.546308e-14	0.000000e+00	0.000000e+00	0.000000e+00	0.000000e+00	0.000000e+00	0.000000e+00	0.000000e+00	0.000000e+00	0.000000e+00	0.000000e+00	0.000000e+00	0.000000e+00	0.000000e+00	0.000000e+00	0.000000e+00
1.052363e+05	4.529125e-14	0.000000e+00	0.000000e+00	0.000000e+00	0.000000e+00	0.000000e+00	0.000000e+00	0.000000e+00	0.000000e+00	0.000000e+00	0.000000e+00	0.000000e+00	0.000000e+00	0.000000e+00	0.000000e+00	0.000000e+00
1.052366e+05	4.508109e-14	0.000000e+00	0.000000e+00	0.000000e+00	0.000000e+00	0.000000e+00	0.000000e+00	0.000000e+00	0.000000e+00	0.000000e+00	0.000000e+00	0.000000e+00	0.000000e+00	0.000000e+00	0.000000e+00	0.000000e+00
1.052368e+05	4.486384e-14	0.000000e+00	0.000000e+00	0.000000e+00	0.000000e+00	0.000000e+00	0.000000e+00	0.000000e+00	0.000000e+00	0.000000e+00	0.000000e+00	0.000000e+00	0.000000e+00	0.000000e+00	0.000000e+00	0.000000e+00
1.052370e+05	4.462299e-14	0.000000e+00	0.000000e+00	0.000000e+00	0.000000e+00	0.000000e+00	0.000000e+00	0.000000e+00	0.000000e+00	0.000000e+00	0.000000e+00	0.000000e+00	0.000000e+00	0.000000e+00	0.000000e+00	0.000000e+00
1.052372e+05	4.434242e-14	0.000000e+00	0.000000e+00	0.000000e+00	0.000000e+00	0.000000e+00	0.000000e+00	0.000000e+00	0.000000e+00	0.000000e+00	0.000000e+00	0.000000e+00	0.000000e+00	0.000000e+00	0.000000e+00	0.000000e+00
1.052375e+05	4.402777e-14	0.000000e+00	0.000000e+00	0.000000e+00	0.000000e+00	0.000000e+00	0.000000e+00	0.000000e+00	0.000000e+00	0.000000e+00	0.000000e+00	0.000000e+00	0.000000e+00	0.000000e+00	0.000000e+00	0.000000e+00
1.052377e+05	4.367499e-14	0.000000e+00	0.000000e+00	0.000000e+00	0.000000e+00	0.000000e+00	0.000000e+00	0.000000e+00	0.000000e+00	0.000000e+00	0.000000e+00	0.000000e+00	0.000000e+00	0.000000e+00	0.000000e+00	0.000000e+00
1.052380e+05	4.495727e-14	0.000000e+00	0.000000e+00	0.000000e+00	0.000000e+00	0.000000e+00	0.000000e+00	0.000000e+00	0.000000e+00	0.000000e+00	0.000000e+00	0.000000e+00	0.000000e+00	0.000000e+00	0.000000e+00	0.000000e+00
1.052382e+05	4.477069e-14	0.000000e+00	0.000000e+00	0.000000e+00	0.000000e+00	0.000000e+00	0.000000e+00	0.000000e+00	0.000000e+00	0.000000e+00	0.000000e+00	0.000000e+00	0.000000e+00	0.000000e+00	0.000000e+00	0.000000e+00
1.052385e+05	4.455894e-14	0.000000e+00	0.000000e+00	0.000000e+00	0.000000e+00	0.000000e+00	0.000000e+00	0.000000e+00	0.000000e+00	0.000000e+00	0.000000e+00	0.000000e+00	0.000000e+00	0.000000e+00	0.000000e+00	0.000000e+00
1.052387e+05	4.431896e-14	0.000000e+00	0.000000e+00	0.000000e+00	0.000000e+00	0.000000e+00	0.000000e+00	0.000000e+00	0.000000e+00	0.000000e+00	0.000000e+00	0.000000e+00	0.000000e+00	0.000000e+00	0.000000e+00	0.000000e+00
1.052390e+05	4.404744e-14	0.000000e+00	0.000000e+00	0.000000e+00	0.000000e+00	0.000000e+00	0.000000e+00	0.000000e+00	0.000000e+00	0.000000e+00	0.000000e+00	0.000000e+00	0.000000e+00	0.000000e+00	0.000000e+00	0.000000e+00
1.052393e+05	4.374073e-14	0.000000e+00	0.000000e+00	0.000000e+00	0.000000e+00	0.000000e+00	0.000000e+00	0.000000e+00	0.000000e+00	0.000000e+00	0.000000e+00	0.000000e+00	0.000000e+00	0.000000e+00	0.000000e+00	0.000000e+00
1.052396e+05	4.469898e-14	0.000000e+00	0.000000e+00	0.000000e+00	0.000000e+00	0.000000e+00	0.000000e+00	0.000000e+00	0.000000e+00	0.000000e+00	0.000000e+00	0.000000e+00	0.000000e+00	0.000000e+00	0.000000e+00	0.000000e+00
1.052399e+05	4.451823e-14	0.000000e+00	0.000000e+00	0.000000e+00	0.000000e+00	0.000000e+00	0.000000e+00	0.000000e+00	0.000000e+00	0.000000e+00	0.000000e+00	0.000000e+00	0.000000e+00	0.000000e+00	0.000000e+00	0.000000e+00
1.052402e+05	4.432715e-14	0.000000e+00	0.000000e+00	0.000000e+00	0.000000e+00	0.000000e+00	0.000000e+00	0.000000e+00	0.000000e+00	0.000000e+00	0.000000e+00	0.000000e+00	0.000000e+00	0.000000e+00	0.000000e+00	0.000000e+00
1.052405e+05	4.411072e-14	0.000000e+00	0.000000e+00	0.000000e+00	0.000000e+00	0.000000e+00	0.000000e+00	0.000000e+00	0.000000e+00	0.000000e+00	0.000000e+00	0.000000e+00	0.000000e+00	0.000000e+00	0.000000e+00	0.000000e+00
1.052408e+05	4.386536e-14	0.000000e+00	0.000000e+00	0.000000e+00	0.000000e+00	0.000000e+00	0.000000e+00	0.000000e+00	0.000000e+00	0.000000e+00	0.000000e+00	0.000000e+00	0.000000e+00	0.000000e+00	0.000000e+00	0.000000e+00
1.052411e+05	4.358717e-14	0.000000e+00	0.000000e+00	0.000000e+00	0.000000e+00	0.000000e+00	0.000000e+00	0.000000e+00	0.000000e+00	0.000000e+00	0.000000e+00	0.000000e+00	0.000000e+00	0.000000e+00	0.000000e+00	0.000000e+00
1.052414e+05	4.437959e-14	0.000000e+00	0.000000e+00	0.000000e+00	0.000000e+00	0.000000e+00	0.000000e+00	0.000000e+00	0.000000e+00	0.000000e+00	0.000000e+00	0.000000e+00	0.000000e+00	0.000000e+00	0.000000e+00	0.000000e+00
1.052418e+05	4.421917e-14	0.000000e+00	0.000000e+00	0.000000e+00	0.000000e+00	0.000000e+00	0.000000e+00	0.000000e+00	0.000000e+00	0.000000e+00	0.000000e+00	0.000000e+00	0.000000e+00	0.000000e+00	0.000000e+00	0.000000e+00
1.052421e+05	4.404013e-14	0.000000e+00	0.000000e+00	0.000000e+00	0.000000e+00	0.000000e+00	0.000000e+00	0.000000e+00	0.000000e+00	0.000000e+00	0.000000e+00	0.000000e+00	0.000000e+00	0.000000e+00	0.000000e+00	0.000000e+00
1.052424e+05	4.383190e-14	0.000000e+00	0.000000e+00	0.000000e+00	0.000000e+00	0.000000e+00	0.000000e+00	0.000000e+00	0.000000e+00	0.000000e+00	0.000000e+00	0.000000e+00	0.000000e+00	0.000000e+00	0.000000e+00	0.000000e+00
1.052428e+05	4.359483e-14	0.000000e+00	0.000000e+00	0.000000e+00	0.000000e+00	0.000000e+00	0.000000e+00	0.000000e+00	0.000000e+00	0.000000e+00	0.000000e+00	0.000000e+00	0.000000e+00	0.000000e+00	0.000000e+00	0.000000e+00
1.052432e+05	4.332526e-14	0.000000e+00	0.000000e+00	0.000000e+00	0.000000e+00	0.000000e+00	0.000000e+00	0.000000e+00	0.000000e+00	0.000000e+00	0.000000e+00	0.000000e+00	0.000000e+00	0.000000e+00	0.000000e+00	0.000000e+00
1.052435e+05	4.403302e-14	0.000000e+00	0.000000e+00	0.000000e+00	0.000000e+00	0.000000e+00	0.000000e+00	0.000000e+00	0.000000e+00	0.000000e+00	0.000000e+00	0.000000e+00	0.000000e+00	0.000000e+00	0.000000e+00	0.000000e+00
1.052439e+05	4.386967e-14	0.000000e+00	0.000000e+00	0.000000e+00	0.000000e+00	0.000000e+00	0.000000e+00	0.000000e+00	0.000000e+00	0.000000e+00	0.000000e+00	0.000000e+00	0.000000e+00	0.000000e+00	0.000000e+00	0.000000e+00
1.052443e+05	4.368259e-14	0.000000e+00	0.000000e+00	0.000000e+00	0.000000e+00	0.000000e+00	0.000000e+00	0.000000e+00	0.000000e+00	0.000000e+00	0.000000e+00	0.000000e+00	0.000000e+00	0.000000e+00	0.000000e+00	0.000000e+00
1.052447e+05	4.347189e-14	0.000000e+00	0.000000e+00	0.000000e+00	0.000000e+00	0.000000e+00	0.000000e+00	0.000000e+00	0.000000e+00	0.000000e+00	0.000000e+00	0.000000e+00	0.000000e+00	0.000000e+00	0.000000e+00	0.000000e+00
1.052451e+05	4.323174e-14	0.000000e+00	0.000000e+00	0.000000e+00	0.000000e+00	0.000000e+00	0.000000e+00	0.000000e+00	0.000000e+00	0.000000e+00	0.000000e+00	0.000000e+00	0.000000e+00	0.000000e+00	0.000000e+00	0.000000e+00
1.052456e+05	4.295814e-14	0.000000e+00	0.000000e+00	0.000000e+00	0.000000e+00	0.000000e+00	0.000000e+00	0.000000e+00	0.000000e+00	0.000000e+00	0.000000e+00	0.000000e+00	0.000000e+00	0.000000e+00	0.000000e+00	0.000000e+00
1.052460e+05	4.364574e-14	0.000000e+00	0.000000e+00	0.000000e+00	0.000000e+00	0.000000e+00	0.000000e+00	0.000000e+00	0.000000e+00	0.000000e+00	0.000000e+00	0.000000e+00	0.000000e+00	0.000000e+00	0.000000e+00	0.000000e+00
1.052464e+05	4.347299e-14	0.000000e+00	0.000000e+00	0.000000e+00	0.000000e+00	0.000000e+00	0.000000e+00	0.000000e+00	0.000000e+00	0.000000e+00	0.000000e+00	0.000000e+00	0.000000e+00	0.000000e+00	0.000000e+00	0.000000e+00
1.052469e+05	4.327599e-14	0.000000e+00	0.000000e+00	0.000000e+00	0.000000e+00	0.000000e+00	0.000000e+00	0.000000e+00	0.000000e+00	0.000000e+00	0.000000e+00	0.000000e+00	0.000000e+00	0.000000e+00	0.000000e+00	0.000000e+00
1.052473e+05	4.305117e-14	0.000000e+00	0.000000e+00	0.000000e+00	0.000000e+00	0.000000e+00	0.000000e+00	0.000000e+00	0.000000e+00	0.000000e+00	0.000000e+00	0.000000e+00	0.000000e+00	0.000000e+00	0.000000e+00	0.000000e+00
1.052478e+05	4.279471e-14	0.000000e+00	0.000000e+00	0.000000e+00	0.000000e+00	0.000000e+00	0.000000e+00	0.000000e+00	0.000000e+00	0.000000e+00	0.000000e+00	0.000000e+00	0.000000e+00	0.000000e+00	0.000000e+00	0.000000e+00
1.052483e+05	4.336932e-14	0.000000e+00	0.000000e+00	0.000000e+00	0.000000e+00	0.000000e+00	0.000000e+00	0.000000e+00	0.000000e+00	0.000000e+00	0.000000e+00	0.000000e+00	0.000000e+00	0.000000e+00	0.000000e+00	0.000000e+00
1.052488e+05	4.320122e-14	0.000000e+00	0.000000e+00	0.000000e+00	0.000000e+00	0.000000e+00	0.000000e+00	0.000000e+00	0.000000e+00	0.000000e+00	0.000000e+00	0.000000e+00	0.000000e+00	0.000000e+00	0.000000e+00	0.000000e+00
1.052493e+05	4.301040e-14	0.000000e+00	0.000000e+00	0.000000e+00	0.000000e+00	0.000000e+00	0.000000e+00	0.000000e+00	0.000000e+00	0.000000e+00	0.000000e+00	0.000000e+00	0.000000e+00	0.000000e+00	0.000000e+00	0.000000e+00
1.052498e+05	4.279245e-14	0.000000e+00	0.000000e+00	0.000000e+00	0.000000e+00	0.000000e+00	0.000000e+00	0.000000e+00	0.000000e+00	0.000000e+00	0.000000e+00	0.000000e+00	0.000000e+00	0.000000e+00	0.000000e+00	0.000000e+00
1.052503e+05	4.254350e-14	0.000000e+00	0.000000e+00	0.000000e+00	0.000000e+00	0.000000e+00	0.000000e+00	0.000000e+00	0.000000e+00	0.000000e+00	0.000000e+00	0.000000e+00	0.000000e+00	0.000000e+00	0.000000e+00	0.000000e+00
1.052509e+05	4.305979e-14	0.000000e+00	0.000000e+00	0.000000e+00	0.000000e+00	0.000000e+00	0.000000e+00	0.000000e+00	0.000000e+00	0.000000e+00	0.000000e+00	0.000000e+00	0.000000e+00	0.000000e+00	0.000000e+00	0.000000e+00
1.052514e+05	4.289083e-14	0.000000e+00	0.000000e+00	0.000000e+00	0.000000e+00	0.000000e+00	0.000000e+00	0.000000e+00	0.000000e+00	0.000000e+00	0.000000e+00	0.000000e+00	0.000000e+00	0.000000e+00	0.000000e+00	0.000000e+00
1.052520e+05	4.269826e-14	0.000000e+00	0.000000e+00	0.000000e+00	0.000000e+00	0.000000e+00	0.000000e+00	0.000000e+00	0.000000e+00	0.000000e+00	0.000000e+00	0.000000e+00	0.000000e+00	0.000000e+00	0.000000e+00	0.000000e+00
1.052526e+05	4.247872e-14	0.000000e+00	0.000000e+00	0.000000e+00	0.000000e+00	0.000000e+00	0.000000e+00	0.000000e+00	0.000000e+00	0.000000e+00	0.000000e+00	0.000000e+00	0.000000e+00	0.000000e+00	0.000000e+00	0.000000e+00
1.052532e+05	4.287664e-14	0.000000e+00	0.000000e+00	0.000000e+00	0.000000e+00	0.000000e+00	0.000000e+00	0.000000e+00	0.000000e+00	0.000000e+00	0.000000e+00	0.000000e+00	0.000000e+00	0.000000e+00	0.000000e+00	0.000000e+00
1.052538e+05	4.272132e-14	0.000000e+00	0.000000e+00	0.000000e+00	0.000000e+00	0.000000e+00	0.000000e+00	0.000000e+00	0.000000e+00	0.000000e+00	0.000000e+00	0.000000e+00	0.000000e+00	0.000000e+00	0.000000e+00	0.000000e+00
1.052544e+05	4.254472e-14	0.000000e+00	0.000000e+00	0.000000e+00	0.000000e+00	0.000000e+00	0.000000e+00	0.000000e+00	0.000000e+00	0.000000e+00	0.000000e+00	0.000000e+00	0.000000e+00	0.000000e+00	0.000000e+00	0.000000e+00
1.052550e+05	4.234340e-14	0.000000e+00	0.000000e+00	0.000000e+00	0.000000e+00	0.000000e+00	0.000000e+00	0.000000e+00	0.000000e+00	0.000000e+00	0.000000e+00	0.000000e+00	0.000000e+00	0.000000e+00	0.000000e+00	0.000000e+00
1.052557e+05	4.211374e-14	0.000000e+00	0.000000e+00	0.000000e+00	0.000000e+00	0.000000e+00	0.000000e+00	0.000000e+00	0.000000e+00	0.000000e+00	0.000000e+00	0.000000e+00	0.000000e+00	0.000000e+00	0.000000e+00	0.000000e+00
1.052563e+05	4.251308e-14	0.000000e+00	0.000000e+00	0.000000e+00	0.000000e+00	0.000000e+00	0.000000e+00	0.000000e+00	0.000000e+00	0.000000e+00	0.000000e+00	0.000000e+00	0.000000e+00	0.000000e+00	0.000000e+00	0.000000e+00
1.052570e+05	4.234705e-14	0.000000e+00	0.000000e+00	0.000000e+00	0.000000e+00	0.000000e+00	0.000000e+00	0.000000e+00	0.000000e+00	0.000000e+00	0.000000e+00	0.000000e+00	0.000000e+00	0.000000e+00	0.000000e+00	0.000000e+00
1.052577e+05	4.215804e-14	0.000000e+00	0.000000e+00	0.000000e+00	0.000000e+00	0.000000e+00	0.000000e+00	0.000000e+00	0.000000e+00	0.000000e+00	0.000000e+00	0.000000e+00	0.000000e+00	0.000000e+00	0.000000e+00	0.000000e+00
1.052584e+05	4.194285e-14	0.000000e+00	0.000000e+00	0.000000e+00	0.000000e+00	0.000000e+00	0.000000e+00	0.000000e+00	0.000000e+00	0.000000e+00	0.000000e+00	0.000000e+00	0.000000e+00	0.000000e+00	0.000000e+00	0.000000e+00
1.052592e+05	4.227743e-14	0.000000e+00	0.000000e+00	0.000000e+00	0.000000e+00	0.000000e+00	0.000000e+00	0.000000e+00	0.000000e+00	0.000000e+00	0.000000e+00	0.000000e+00	0.000000e+00	0.000000e+00	0.000000e+00	0.000000e+00
1.052599e+05	4.211728e-14	0.000000e+00	0.000000e+00	0.000000e+00	0.000000e+00	0.000000e+00	0.000000e+00	0.000000e+00	0.000000e+00	0.000000e+00	0.000000e+00	0.000000e+00	0.000000e+00	0.000000e+00	0.000000e+00	0.000000e+00
1.052607e+05	4.193554e-14	0.000000e+00	0.000000e+00	0.000000e+00	0.000000e+00	0.000000e+00	0.000000e+00	0.000000e+00	0.000000e+00	0.000000e+00	0.000000e+00	0.000000e+00	0.000000e+00	0.000000e+00	0.000000e+00	0.000000e+00
1.052615e+05	4.172882e-14	0.000000e+00	0.000000e+00	0.000000e+00	0.000000e+00	0.000000e+00	0.000000e+00	0.000000e+00	0.000000e+00	0.000000e+00	0.000000e+00	0.000000e+00	0.000000e+00	0.000000e+00	0.000000e+00	0.000000e+00
1.052623e+05	4.202458e-14	0.000000e+00	0.000000e+00	0.000000e+00	0.000000e+00	0.000000e+00	0.000000e+00	0.000000e+00	0.000000e+00	0.000000e+00	0.000000e+00	0.000000e+00	0.000000e+00	0.000000e+00	0.000000e+00	0.000000e+00
1.052631e+05	4.186682e-14	0.000000e+00	0.000000e+00	0.000000e+00	0.000000e+00	0.000000e+00	0.000000e+00	0.000000e+00	0.000000e+00	0.000000e+00	0.000000e+00	0.000000e+00	0.000000e+00	0.000000e+00	0.000000e+00	0.000000e+00
1.052639e+05	4.168801e-14	0.000000e+00	0.000000e+00	0.000000e+00	0.000000e+00	0.000000e+00	0.000000e+00	0.000000e+00	0.000000e+00	0.000000e+00	0.000000e+00	0.000000e+00	0.000000e+00	0.000000e+00	0.000000e+00	0.000000e+00
1.052648e+05	4.189766e-14	0.000000e+00	0.000000e+00	0.000000e+00	0.000000e+00	0.000000e+00	0.000000e+00	0.000000e+00	0.000000e+00	0.000000e+00	0.000000e+00	0.000000e+00	0.000000e+00	0.000000e+00	0.000000e+00	0.000000e+00
1.052657e+05	4.175744e-14	0.000000e+00	0.000000e+00	0.000000e+00	0.000000e+00	0.000000e+00	0.000000e+00	0.000000e+00	0.000000e+00	0.000000e+00	0.000000e+00	0.000000e+00	0.000000e+00	0.000000e+00	0.000000e+00	0.000000e+00
1.052666e+05	4.159928e-14	0.000000e+00	0.000000e+00	0.000000e+00	0.000000e+00	0.000000e+00	0.000000e+00	0.000000e+00	0.000000e+00	0.000000e+00	0.000000e+00	0.000000e+00	0.000000e+00	0.000000e+00	0.000000e+00	0.000000e+00
1.052675e+05	4.142004e-14	0.000000e+00	0.000000e+00	0.000000e+00	0.000000e+00	0.000000e+00	0.000000e+00	0.000000e+00	0.000000e+00	0.000000e+00	0.000000e+00	0.000000e+00	0.000000e+00	0.000000e+00	0.000000e+00	0.000000e+00
1.052684e+05	4.162185e-14	0.000000e+00	0.000000e+00	0.000000e+00	0.000000e+00	0.000000e+00	0.000000e+00	0.000000e+00	0.000000e+00	0.000000e+00	0.000000e+00	0.000000e+00	0.000000e+00	0.000000e+00	0.000000e+00	0.000000e+00
1.052694e+05	4.147819e-14	0.000000e+00	0.000000e+00	0.000000e+00	0.000000e+00	0.000000e+00	0.000000e+00	0.000000e+00	0.000000e+00	0.000000e+00	0.000000e+00	0.000000e+00	0.000000e+00	0.000000e+00	0.000000e+00	0.000000e+00
1.052704e+05	4.131659e-14	0.000000e+00	0.000000e+00	0.000000e+00	0.000000e+00	0.000000e+00	0.000000e+00	0.000000e+00	0.000000e+00	0.000000e+00	0.000000e+00	0.000000e+00	0.000000e+00	0.000000e+00	0.000000e+00	0.000000e+00
1.052714e+05	4.113330e-14	0.000000e+00	0.000000e+00	0.000000e+00	0.000000e+00	0.000000e+00	0.000000e+00	0.000000e+00	0.000000e+00	0.000000e+00	0.000000e+00	0.000000e+00	0.000000e+00	0.000000e+00	0.000000e+00	0.000000e+00
1.052724e+05	4.133587e-14	0.000000e+00	0.000000e+00	0.000000e+00	0.000000e+00	0.000000e+00	0.000000e+00	0.000000e+00	0.000000e+00	0.000000e+00	0.000000e+00	0.000000e+00	0.000000e+00	0.000000e+00	0.000000e+00	0.000000e+00
1.052735e+05	4.118660e-14	0.000000e+00	0.000000e+00	0.000000e+00	0.000000e+00	0.000000e+00	0.000000e+00	0.000000e+00	0.000000e+00	0.000000e+00	0.000000e+00	0.000000e+00	0.000000e+00	0.000000e+00	0.000000e+00	0.000000e+00
1.052745e+05	4.101758e-14	0.000000e+00	0.000000e+00	0.000000e+00	0.000000e+00	0.000000e+00	0.000000e+00	0.000000e+00	0.000000e+00	0.000000e+00	0.000000e+00	0.000000e+00	0.000000e+00	0.000000e+00	0.000000e+00	0.000000e+00
1.052756e+05	4.117504e-14	0.000000e+00	0.000000e+00	0.000000e+00	0.000000e+00	0.000000e+00	0.000000e+00	0.000000e+00	0.000000e+00	0.000000e+00	0.000000e+00	0.000000e+00	0.000000e+00	0.000000e+00	0.000000e+00	0.000000e+00
1.052768e+05	4.103430e-14	0.000000e+00	0.000000e+00	0.000000e+00	0.000000e+00	0.000000e+00	0.000000e+00	0.000000e+00	0.000000e+00	0.000000e+00	0.000000e+00	0.000000e+00	0.000000e+00	0.000000e+00	0.000000e+00	0.000000e+00
1.052779e+05	4.087535e-14	0.000000e+00	0.000000e+00	0.000000e+00	0.000000e+00	0.000000e+00	0.000000e+00	0.000000e+00	0.000000e+00	0.000000e+00	0.000000e+00	0.000000e+00	0.000000e+00	0.000000e+00	0.000000e+00	0.000000e+00
1.052791e+05	4.100133e-14	0.000000e+00	0.000000e+00	0.000000e+00	0.000000e+00	0.000000e+00	0.000000e+00	0.000000e+00	0.000000e+00	0.000000e+00	0.000000e+00	0.000000e+00	0.000000e+00	0.000000e+00	0.000000e+00	0.000000e+00
1.052803e+05	4.086547e-14	0.000000e+00	0.000000e+00	0.000000e+00	0.000000e+00	0.000000e+00	0.000000e+00	0.000000e+00	0.000000e+00	0.000000e+00	0.000000e+00	0.000000e+00	0.000000e+00	0.000000e+00	0.000000e+00	0.000000e+00
1.052816e+05	4.071275e-14	0.000000e+00	0.000000e+00	0.000000e+00	0.000000e+00	0.000000e+00	0.000000e+00	0.000000e+00	0.000000e+00	0.000000e+00	0.000000e+00	0.000000e+00	0.000000e+00	0.000000e+00	0.000000e+00	0.000000e+00
1.052828e+05	4.081539e-14	0.000000e+00	0.000000e+00	0.000000e+00	0.000000e+00	0.000000e+00	0.000000e+00	0.000000e+00	0.000000e+00	0.000000e+00	0.000000e+00	0.000000e+00	0.000000e+00	0.000000e+00	0.000000e+00	0.000000e+00
1.052841e+05	4.068252e-14	0.000000e+00	0.000000e+00	0.000000e+00	0.000000e+00	0.000000e+00	0.000000e+00	0.000000e+00	0.000000e+00	0.000000e+00	0.000000e+00	0.000000e+00	0.000000e+00	0.000000e+00	0.000000e+00	0.000000e+00
1.052855e+05	4.053331e-14	0.000000e+00	0.000000e+00	0.000000e+00	0.000000e+00	0.000000e+00	0.000000e+00	0.000000e+00	0.000000e+00	0.000000e+00	0.000000e+00	0.000000e+00	0.000000e+00	0.000000e+00	0.000000e+00	0.000000e+00
1.052868e+05	4.061759e-14	0.000000e+00	0.000000e+00	0.000000e+00	0.000000e+00	0.000000e+00	0.000000e+00	0.000000e+00	0.000000e+00	0.000000e+00	0.000000e+00	0.000000e+00	0.000000e+00	0.000000e+00	0.000000e+00	0.000000e+00
1.052882e+05	4.048635e-14	0.000000e+00	0.000000e+00	0.000000e+00	0.000000e+00	0.000000e+00	0.000000e+00	0.000000e+00	0.000000e+00	0.000000e+00	0.000000e+00	0.000000e+00	0.000000e+00	0.000000e+00	0.000000e+00	0.000000e+00
1.052896e+05	4.033977e-14	0.000000e+00	0.000000e+00	0.000000e+00	0.000000e+00	0.000000e+00	0.000000e+00	0.000000e+00	0.000000e+00	0.000000e+00	0.000000e+00	0.000000e+00	0.000000e+00	0.000000e+00	0.000000e+00	0.000000e+00
1.052911e+05	4.041188e-14	0.000000e+00	0.000000e+00	0.000000e+00	0.000000e+00	0.000000e+00	0.000000e+00	0.000000e+00	0.000000e+00	0.000000e+00	0.000000e+00	0.000000e+00	0.000000e+00	0.000000e+00	0.000000e+00	0.000000e+00
1.052926e+05	4.028180e-14	0.000000e+00	0.000000e+00	0.000000e+00	0.000000e+00	0.000000e+00	0.000000e+00	0.000000e+00	0.000000e+00	0.000000e+00	0.000000e+00	0.000000e+00	0.000000e+00	0.000000e+00	0.000000e+00	0.000000e+00
1.052941e+05	4.013669e-14	0.000000e+00	0.000000e+00	0.000000e+00	0.000000e+00	0.000000e+00	0.000000e+00	0.000000e+00	0.000000e+00	0.000000e+00	0.000000e+00	0.000000e+00	0.000000e+00	0.000000e+00	0.000000e+00	0.000000e+00
1.052957e+05	4.020244e-14	0.000000e+00	0.000000e+00	0.000000e+00	0.000000e+00	0.000000e+00	0.000000e+00	0.000000e+00	0.000000e+00	0.000000e+00	0.000000e+00	0.000000e+00	0.000000e+00	0.000000e+00	0.000000e+00	0.000000e+00
1.052973e+05	4.007183e-14	0.000000e+00	0.000000e+00	0.000000e+00	0.000000e+00	0.000000e+00	0.000000e+00	0.000000e+00	0.000000e+00	0.000000e+00	0.000000e+00	0.000000e+00	0.000000e+00	0.000000e+00	0.000000e+00	0.000000e+00
1.052989e+05	3.992700e-14	0.000000e+00	0.000000e+00	0.000000e+00	0.000000e+00	0.000000e+00	0.000000e+00	0.000000e+00	0.000000e+00	0.000000e+00	0.000000e+00	0.000000e+00	0.000000e+00	0.000000e+00	0.000000e+00	0.000000e+00
1.053006e+05	3.998783e-14	0.000000e+00	0.000000e+00	0.000000e+00	0.000000e+00	0.000000e+00	0.000000e+00	0.000000e+00	0.000000e+00	0.000000e+00	0.000000e+00	0.000000e+00	0.000000e+00	0.000000e+00	0.000000e+00	0.000000e+00
1.053023e+05	3.985642e-14	0.000000e+00	0.000000e+00	0.000000e+00	0.000000e+00	0.000000e+00	0.000000e+00	0.000000e+00	0.000000e+00	0.000000e+00	0.000000e+00	0.000000e+00	0.000000e+00	0.000000e+00	0.000000e+00	0.000000e+00
1.053040e+05	3.989038e-14	0.000000e+00	0.000000e+00	0.000000e+00	0.000000e+00	0.000000e+00	0.000000e+00	0.000000e+00	0.000000e+00	0.000000e+00	0.000000e+00	0.000000e+00	0.000000e+00	0.000000e+00	0.000000e+00	0.000000e+00
1.053058e+05	3.976912e-14	0.000000e+00	0.000000e+00	0.000000e+00	0.000000e+00	0.000000e+00	0.000000e+00	0.000000e+00	0.000000e+00	0.000000e+00	0.000000e+00	0.000000e+00	0.000000e+00	0.000000e+00	0.000000e+00	0.000000e+00
1.053077e+05	3.963488e-14	0.000000e+00	0.000000e+00	0.000000e+00	0.000000e+00	0.000000e+00	0.000000e+00	0.000000e+00	0.000000e+00	0.000000e+00	0.000000e+00	0.000000e+00	0.000000e+00	0.000000e+00	0.000000e+00	0.000000e+00
1.053095e+05	3.966855e-14	0.000000e+00	0.000000e+00	0.000000e+00	0.000000e+00	0.000000e+00	0.000000e+00	0.000000e+00	0.000000e+00	0.000000e+00	0.000000e+00	0.000000e+00	0.000000e+00	0.000000e+00	0.000000e+00	0.000000e+00
1.053115e+05	3.954349e-14	0.000000e+00	0.000000e+00	0.000000e+00	0.000000e+00	0.000000e+00	0.000000e+00	0.000000e+00	0.000000e+00	0.000000e+00	0.000000e+00	0.000000e+00	0.000000e+00	0.000000e+00	0.000000e+00	0.000000e+00
1.053134e+05	3.955693e-14	0.000000e+00	0.000000e+00	0.000000e+00	0.000000e+00	0.000000e+00	0.000000e+00	0.000000e+00	0.000000e+00	0.000000e+00	0.000000e+00	0.000000e+00	0.000000e+00	0.000000e+00	0.000000e+00	0.000000e+00
1.053154e+05	3.943864e-14	0.000000e+00	0.000000e+00	0.000000e+00	0.000000e+00	0.000000e+00	0.000000e+00	0.000000e+00	0.000000e+00	0.000000e+00	0.000000e+00	0.000000e+00	0.000000e+00	0.000000e+00	0.000000e+00	0.000000e+00
1.053175e+05	3.930784e-14	0.000000e+00	0.000000e+00	0.000000e+00	0.000000e+00	0.000000e+00	0.000000e+00	0.000000e+00	0.000000e+00	0.000000e+00	0.000000e+00	0.000000e+00	0.000000e+00	0.000000e+00	0.000000e+00	0.000000e+00
1.053196e+05	3.932383e-14	0.000000e+00	0.000000e+00	0.000000e+00	0.000000e+00	0.000000e+00	0.000000e+00	0.000000e+00	0.000000e+00	0.000000e+00	0.000000e+00	0.000000e+00	0.000000e+00	0.000000e+00	0.000000e+00	0.000000e+00
1.053218e+05	3.919957e-14	0.000000e+00	0.000000e+00	0.000000e+00	0.000000e+00	0.000000e+00	0.000000e+00	0.000000e+00	0.000000e+00	0.000000e+00	0.000000e+00	0.000000e+00	0.000000e+00	0.000000e+00	0.000000e+00	0.000000e+00
1.053240e+05	3.920191e-14	0.000000e+00	0.000000e+00	0.000000e+00	0.000000e+00	0.000000e+00	0.000000e+00	0.000000e+00	0.000000e+00	0.000000e+00	0.000000e+00	0.000000e+00	0.000000e+00	0.000000e+00	0.000000e+00	0.000000e+00
1.053262e+05	3.908225e-14	0.000000e+00	0.000000e+00	0.000000e+00	0.000000e+00	0.000000e+00	0.000000e+00	0.000000e+00	0.000000e+00	0.000000e+00	0.000000e+00	0.000000e+00	0.000000e+00	0.000000e+00	0.000000e+00	0.000000e+00
1.053285e+05	3.907396e-14	0.000000e+00	0.000000e+00	0.000000e+00	0.000000e+00	0.000000e+00	0.000000e+00	0.000000e+00	0.000000e+00	0.000000e+00	0.000000e+00	0.000000e+00	0.000000e+00	0.000000e+00	0.000000e+00	0.000000e+00
1.053309e+05	3.895951e-14	0.000000e+00	0.000000e+00	0.000000e+00	0.000000e+00	0.000000e+00	0.000000e+00	0.000000e+00	0.000000e+00	0.000000e+00	0.000000e+00	0.000000e+00	0.000000e+00	0.000000e+00	0.000000e+00	0.000000e+00
1.053333e+05	3.883339e-14	0.000000e+00	0.000000e+00	0.000000e+00	0.000000e+00	0.000000e+00	0.000000e+00	0.000000e+00	0.000000e+00	0.000000e+00	0.000000e+00	0.000000e+00	0.000000e+00	0.000000e+00	0.000000e+00	0.000000e+00
1.053358e+05	3.883068e-14	0.000000e+00	0.000000e+00	0.000000e+00	0.000000e+00	0.000000e+00	0.000000e+00	0.000000e+00	0.000000e+00	0.000000e+00	0.000000e+00	0.000000e+00	0.000000e+00	0.000000e+00	0.000000e+00	0.000000e+00
1.053383e+05	3.870922e-14	0.000000e+00	0.000000e+00	0.000000e+00	0.000000e+00	0.000000e+00	0.000000e+00	0.000000e+00	0.000000e+00	0.000000e+00	0.000000e+00	0.000000e+00	0.000000e+00	0.000000e+00	0.000000e+00	0.000000e+00
1.053409e+05	3.869710e-14	0.000000e+00	0.000000e+00	0.000000e+00	0.000000e+00	0.000000e+00	0.000000e+00	0.000000e+00	0.000000e+00	0.000000e+00	0.000000e+00	0.000000e+00	0.000000e+00	0.000000e+00	0.000000e+00	0.000000e+00
1.053436e+05	3.857844e-14	0.000000e+00	0.000000e+00	0.000000e+00	0.000000e+00	0.000000e+00	0.000000e+00	0.000000e+00	0.000000e+00	0.000000e+00	0.000000e+00	0.000000e+00	0.000000e+00	0.000000e+00	0.000000e+00	0.000000e+00
1.053463e+05	3.855887e-14	0.000000e+00	0.000000e+00	0.000000e+00	0.000000e+00	0.000000e+00	0.000000e+00	0.000000e+00	0.000000e+00	0.000000e+00	0.000000e+00	0.000000e+00	0.000000e+00	0.000000e+00	0.000000e+00	0.000000e+00
1.053491e+05	3.844184e-14	0.000000e+00	0.000000e+00	0.000000e+00	0.000000e+00	0.000000e+00	0.000000e+00	0.000000e+00	0.000000e+00	0.000000e+00	0.000000e+00	0.000000e+00	0.000000e+00	0.000000e+00	0.000000e+00	0.000000e+00
1.053519e+05	3.841576e-14	0.000000e+00	0.000000e+00	0.000000e+00	0.000000e+00	0.000000e+00	0.000000e+00	0.000000e+00	0.000000e+00	0.000000e+00	0.000000e+00	0.000000e+00	0.000000e+00	0.000000e+00	0.000000e+00	0.000000e+00
1.053548e+05	3.829989e-14	0.000000e+00	0.000000e+00	0.000000e+00	0.000000e+00	0.000000e+00	0.000000e+00	0.000000e+00	0.000000e+00	0.000000e+00	0.000000e+00	0.000000e+00	0.000000e+00	0.000000e+00	0.000000e+00	0.000000e+00
1.053578e+05	3.826886e-14	0.000000e+00	0.000000e+00	0.000000e+00	0.000000e+00	0.000000e+00	0.000000e+00	0.000000e+00	0.000000e+00	0.000000e+00	0.000000e+00	0.000000e+00	0.000000e+00	0.000000e+00	0.000000e+00	0.000000e+00
1.053608e+05	3.815398e-14	0.000000e+00	0.000000e+00	0.000000e+00	0.000000e+00	0.000000e+00	0.000000e+00	0.000000e+00	0.000000e+00	0.000000e+00	0.000000e+00	0.000000e+00	0.000000e+00	0.000000e+00	0.000000e+00	0.000000e+00
1.053639e+05	3.811950e-14	0.000000e+00	0.000000e+00	0.000000e+00	0.000000e+00	0.000000e+00	0.000000e+00	0.000000e+00	0.000000e+00	0.000000e+00	0.000000e+00	0.000000e+00	0.000000e+00	0.000000e+00	0.000000e+00	0.000000e+00
1.053671e+05	3.800542e-14	0.000000e+00	0.000000e+00	0.000000e+00	0.000000e+00	0.000000e+00	0.000000e+00	0.000000e+00	0.000000e+00	0.000000e+00	0.000000e+00	0.000000e+00	0.000000e+00	0.000000e+00	0.000000e+00	0.000000e+00
1.053704e+05	3.796877e-14	0.000000e+00	0.000000e+00	0.000000e+00	0.000000e+00	0.000000e+00	0.000000e+00	0.000000e+00	0.000000e+00	0.000000e+00	0.000000e+00	0.000000e+00	0.000000e+00	0.000000e+00	0.000000e+00	0.000000e+00
1.053737e+05	3.785513e-14	0.000000e+00	0.000000e+00	0.000000e+00	0.000000e+00	0.000000e+00	0.000000e+00	0.000000e+00	0.000000e+00	0.000000e+00	0.000000e+00	0.000000e+00	0.000000e+00	0.000000e+00	0.000000e+00	0.000000e+00
1.053771e+05	3.781685e-14	0.000000e+00	0.000000e+00	0.000000e+00	0.000000e+00	0.000000e+00	0.000000e+00	0.000000e+00	0.000000e+00	0.000000e+00	0.000000e+00	0.000000e+00	0.000000e+00	0.000000e+00	0.000000e+00	0.000000e+00
1.053806e+05	3.770359e-14	0.000000e+00	0.000000e+00	0.000000e+00	0.000000e+00	0.000000e+00	0.000000e+00	0.000000e+00	0.000000e+00	0.000000e+00	0.000000e+00	0.000000e+00	0.000000e+00	0.000000e+00	0.000000e+00	0.000000e+00
1.053842e+05	3.766403e-14	6.489603e-20	0.000000e+00	0.000000e+00	1.949644e-22	5.582503e-14	0.000000e+00	0.000000e+00	0.000000e+00	0.000000e+00	0.000000e+00	0.000000e+00	0.000000e+00	0.000000e+00	0.000000e+00	0.000000e+00
1.053879e+05	3.761570e-14	1.372623e-19	0.000000e+00	0.000000e+00	3.527456e-21	4.795146e-14	0.000000e+00	0.000000e+00	0.000000e+00	0.000000e+00	0.000000e+00	0.000000e+00	0.000000e+00	0.000000e+00	0.000000e+00	0.000000e+00
1.053916e+05	3.751025e-14	2.385008e-19	0.000000e+00	0.000000e+00	1.141857e-20	4.632411e-14	0.000000e+00	0.000000e+00	0.000000e+00	0.000000e+00	0.000000e+00	0.000000e+00	0.000000e+00	0.000000e+00	0.000000e+00	0.000000e+00
1.053954e+05	3.746160e-14	3.644062e-19	0.000000e+00	0.000000e+00	2.534425e-20	4.543646e-14	0.000000e+00	0.000000e+00	0.000000e+00	0.000000e+00	0.000000e+00	0.000000e+00	0.000000e+00	0.000000e+00	0.000000e+00	0.000000e+00
1.053994e+05	3.735553e-14	4.588290e-19	0.000000e+00	0.000000e+00	4.162913e-20	4.481334e-14	0.000000e+00	0.000000e+00	0.000000e+00	0.000000e+00	0.000000e+00	0.000000e+00	0.000000e+00	0.000000e+00	0.000000e+00	0.000000e+00
1.054034e+05	3.730684e-14	5.011516e-19	0.000000e+00	0.000000e+00	5.584163e-20	4.430301e-14	0.000000e+00	0.000000e+00	0.000000e+00	0.000000e+00	0.000000e+00	0.000000e+00	0.000000e+00	0.000000e+00	0.000000e+00	0.000000e+00
1.054075e+05	3.719975e-14	5.058652e-19	0.000000e+00	0.000000e+00	6.659868e-20	4.384142e-14	0.000000e+00	0.000000e+00	0.000000e+00	0.000000e+00	0.000000e+00	0.000000e+00	0.000000e+00	0.000000e+00	0.000000e+00	0.000000e+00
1.054117e+05	3.715139e-14	4.915749e-19	0.000000e+00	0.000000e+00	7.443377e-20	4.341211e-14	0.000000e+00	0.000000e+00	0.000000e+00	0.000000e+00	0.000000e+00	0.000000e+00	0.000000e+00	0.000000e+00	0.000000e+00	0.000000e+00
1.054160e+05	3.709703e-14	4.701466e-19	0.000000e+00	0.000000e+00	8.027051e-20	4.301447e-14	0.000000e+00	0.000000e+00	0.000000e+00	0.000000e+00	0.000000e+00	0.000000e+00	0.000000e+00	0.000000e+00	0.000000e+00	0.000000e+00
1.054204e+05	3.699576e-14	4.509499e-19	0.000000e+00	0.000000e+00	8.550526e-20	4.265388e-14	0.000000e+00	0.000000e+00	0.000000e+00	0.000000e+00	0.000000e+00	0.000000e+00	0.000000e+00	0.000000e+00	0.000000e+00	0.000000e+00
1.054249e+05	3.694251e-14	4.447521e-19	0.000000e+00	0.000000e+00	9.253429e-20	4.232963e-14	0.000000e+00	0.000000e+00	0.000000e+00	0.000000e+00	0.000000e+00	0.000000e+00	0.000000e+00	0.000000e+00	0.000000e+00	0.000000e+00
1.054295e+05	3.688536e-14	4.646099e-19	0.000000e+00	0.000000e+00	1.050413e-19	4.203587e-14	0.000000e+00	0.000000e+00	0.000000e+00	0.000000e+00	0.000000e+00	0.000000e+00	0.000000e+00	0.000000e+00	0.000000e+00	0.000000e+00
1.054342e+05	3.678850e-14	5.141218e-19	0.000000e+00	0.000000e+00	1.252922e-19	4.175958e-14	0.000000e+00	0.000000e+00	0.000000e+00	0.000000e+00	0.000000e+00	0.000000e+00	0.000000e+00	0.000000e+00	0.000000e+00	0.000000e+00
1.054390e+05	3.673231e-14	5.867589e-19	0.000000e+00	0.000000e+00	1.530953e-19	4.149220e-14	0.000000e+00	0.000000e+00	0.000000e+00	0.000000e+00	0.000000e+00	0.000000e+00	0.000000e+00	0.000000e+00	0.000000e+00	0.000000e+00
1.054440e+05	3.663328e-14	6.668078e-19	0.000000e+00	0.000000e+00	1.851995e-19	4.123093e-14	0.000000e+00	0.000000e+00	0.000000e+00	0.000000e+00	0.000000e+00	0.000000e+00	0.000000e+00	0.000000e+00	0.000000e+00	0.000000e+00
1.054490e+05	3.657718e-14	7.442493e-19	0.000000e+00	0.000000e+00	2.189441e-19	4.097948e-14	0.000000e+00	0.000000e+00	0.000000e+00	0.000000e+00	0.000000e+00	0.000000e+00	0.000000e+00	0.000000e+00	0.000000e+00	0.000000e+00
1.054542e+05	3.651688e-14	8.148323e-19	0.000000e+00	0.000000e+00	2.527996e-19	4.073869e-14	0.000000e+00	0.000000e+00	0.000000e+00	0.000000e+00	0.000000e+00	0.000000e+00	0.000000e+00	0.000000e+00	0.000000e+00	0.000000e+00
1.054595e+05	3.641831e-14	8.841487e-19	0.000000e+00	0.000000e+00	2.881866e-19	4.051197e-14	0.000000e+00	0.000000e+00	0.000000e+00	0.000000e+00	0.000000e+00	0.000000e+00	0.000000e+00	0.000000e+00	0.000000e+00	0.000000e+00
1.054649e+05	3.635807e-14	9.677742e-19	0.000000e+00	0.000000e+00	3.302930e-19	4.029459e-14	0.000000e+00	0.000000e+00	0.000000e+00	0.000000e+00	0.000000e+00	0.000000e+00	0.000000e+00	0.000000e+00	0.000000e+00	0.000000e+00
1.054704e+05	3.629451e-14	1.077455e-18	0.000000e+00	0.000000e+00	3.838817e-19	4.008450e-14	0.000000e+00	0.000000e+00	0.000000e+00	0.000000e+00	0.000000e+00	0.000000e+00	0.000000e+00	0.000000e+00	0.000000e+00	0.000000e+00
1.054761e+05	3.619616e-14	1.215611e-18	0.000000e+00	0.000000e+00	4.509167e-19	3.988167e-14	0.000000e+00	0.000000e+00	0.000000e+00	0.000000e+00	0.000000e+00	0.000000e+00	0.000000e+00	0.000000e+00	0.000000e+00	0.000000e+00
1.054819e+05	3.613347e-14	1.371607e-18	0.000000e+00	0.000000e+00	5.284217e-19	3.968455e-14	0.000000e+00	0.000000e+00	0.000000e+00	0.000000e+00	0.000000e+00	0.000000e+00	0.000000e+00	0.000000e+00	0.000000e+00	0.000000e+00
1.054878e+05	3.606801e-14	1.525209e-18	0.000000e+00	0.000000e+00	6.089409e-19	3.949481e-14	0.000000e+00	0.000000e+00	0.000000e+00	0.000000e+00	0.000000e+00	0.000000e+00	0.000000e+00	0.000000e+00	0.000000e+00	0.000000e+00
1.054939e+05	3.600058e-14	1.666722e-18	0.000000e+00	0.000000e+00	6.882316e-19	3.931129e-14	0.000000e+00	0.000000e+00	0.000000e+00	0.000000e+00	0.000000e+00	0.000000e+00	0.000000e+00	0.000000e+00	0.000000e+00	0.000000e+00
1.055001e+05	3.590509e-14	1.799100e-18	0.000000e+00	0.000000e+00	7.669364e-19	3.913329e-14	0.000000e+00	0.000000e+00	0.000000e+00	0.000000e+00	0.000000e+00	0.000000e+00	0.000000e+00	0.000000e+00	0.000000e+00	0.000000e+00
1.055065e+05	3.583901e-14	1.933609e-18	0.000000e+00	0.000000e+00	8.495273e-19	3.895783e-14	0.000000e+00	0.000000e+00	0.000000e+00	0.000000e+00	0.000000e+00	0.000000e+00	0.000000e+00	0.000000e+00	0.000000e+00	0.000000e+00
1.055130e+05	3.577159e-14	2.075637e-18	0.000000e+00	0.000000e+00	9.384162e-19	3.878511e-14	0.000000e+00	0.000000e+00	0.000000e+00	0.000000e+00	0.000000e+00	0.000000e+00	0.000000e+00	0.000000e+00	0.000000e+00	0.000000e+00
1.055197e+05	3.570355e-14	2.225071e-18	0.000000e+00	0.000000e+00	1.033727e-18	3.861468e-14	0.000000e+00	0.000000e+00	0.000000e+00	0.000000e+00	0.000000e+00	0.000000e+00	0.000000e+00	0.000000e+00	0.000000e+00	0.000000e+00
1.055265e+05	3.561151e-14	2.385845e-18	0.000000e+00	0.000000e+00	1.137497e-18	3.844773e-14	0.000000e+00	0.000000e+00	0.000000e+00	0.000000e+00	0.000000e+00	0.000000e+00	0.000000e+00	0.000000e+00	0.000000e+00	0.000000e+00
1.055335e+05	3.554503e-14	2.580627e-18	0.000000e+00	0.000000e+00	1.261099e-18	3.828233e-14	0.000000e+00	0.000000e+00	0.000000e+00	0.000000e+00	0.000000e+00	0.000000e+00	0.000000e+00	0.000000e+00	0.000000e+00	0.000000e+00
1.055406e+05	3.548071e-14	2.852217e-18	0.000000e+00	0.000000e+00	1.427017e-18	3.811972e-14	0.000000e+00	0.000000e+00	0.000000e+00	0.000000e+00	0.000000e+00	0.000000e+00	0.000000e+00	0.000000e+00	0.000000e+00	0.000000e+00
1.055479e+05	3.535072e-14	3.335455e-18	0.000000e+00	0.000000e+00	1.706727e-18	3.796063e-14	0.000000e+00	0.000000e+00	0.000000e+00	0.000000e+00	0.000000e+00	0.000000e+00	0.000000e+00	0.000000e+00	0.000000e+00	0.000000e+00
1.055554e+05	3.532837e-14	3.753328e-18	0.000000e+00	0.000000e+00	1.962269e-18	3.780648e-14	0.000000e+00	0.000000e+00	0.000000e+00	0.000000e+00	0.000000e+00	0.000000e+00	0.000000e+00	0.000000e+00	0.000000e+00	0.000000e+00
1.055630e+05	3.524356e-14	4.548462e-18	0.000000e+00	0.000000e+00	2.427378e-18	3.765783e-14	0.000000e+00	0.000000e+00	0.000000e+00	0.000000e+00	0.000000e+00	0.000000e+00	0.000000e+00	0.000000e+00	0.000000e+00	0.000000e+00
1.055708e+05	3.516305e-14	5.674281e-18	0.000000e+00	0.000000e+00	3.088426e-18	3.751485e-14	0.000000e+00	0.000000e+00	0.000000e+00	0.000000e+00	0.000000e+00	0.000000e+00	0.000000e+00	0.000000e+00	0.000000e+00	0.000000e+00
1.055788e+05	3.514384e-14	7.200488e-18	0.000000e+00	0.000000e+00	3.993811e-18	3.737733e-14	0.000000e+00	0.000000e+00	0.000000e+00	0.000000e+00	0.000000e+00	0.000000e+00	0.000000e+00	0.000000e+00	0.000000e+00	0.000000e+00
1.055870e+05	3.498421e-14	8.907027e-18	0.000000e+00	0.000000e+00	5.030649e-18	3.724425e-14	0.000000e+00	0.000000e+00	0.000000e+00	0.000000e+00	0.000000e+00	0.000000e+00	0.000000e+00	0.000000e+00	0.000000e+00	0.000000e+00
1.055954e+05	3.493477e-14	1.174026e-17	0.000000e+00	0.000000e+00	6.747150e-18	3.711398e-14	0.000000e+00	0.000000e+00	0.000000e+00	0.000000e+00	0.000000e+00	0.000000e+00	0.000000e+00	0.000000e+00	0.000000e+00	0.000000e+00
1.056040e+05	3.482316e-14	1.345870e-17	0.000000e+00	0.000000e+00	7.865038e-18	3.698417e-14	0.000000e+00	0.000000e+00	0.000000e+00	0.000000e+00	0.000000e+00	0.000000e+00	0.000000e+00	0.000000e+00	0.000000e+00	0.000000e+00
1.056128e+05	3.490724e-14	1.461574e-17	0.000000e+00	0.000000e+00	8.679461e-18	3.685435e-14	0.000000e+00	0.000000e+00	0.000000e+00	0.000000e+00	0.000000e+00	0.000000e+00	0.000000e+00	0.000000e+00	0.000000e+00	0.000000e+00
1.056218e+05	3.496466e-14	1.685188e-17	0.000000e+00	0.000000e+00	1.016318e-17	3.672424e-14	0.000000e+00	0.000000e+00	0.000000e+00	0.000000e+00	0.000000e+00	0.000000e+00	0.000000e+00	0.000000e+00	0.000000e+00	0.000000e+00
1.056310e+05	3.469446e-14	1.942810e-17	0.000000e+00	0.000000e+00	1.189240e-17	3.659468e-14	0.000000e+00	0.000000e+00	0.000000e+00	0.000000e+00	0.000000e+00	0.000000e+00	0.000000e+00	0.000000e+00	0.000000e+00	0.000000e+00
1.056404e+05	3.432867e-14	2.208018e-17	0.000000e+00	0.000000e+00	1.371075e-17	3.646649e-14	0.000000e+00	0.000000e+00	0.000000e+00	0.000000e+00	0.000000e+00	0.000000e+00	0.000000e+00	0.000000e+00	0.000000e+00	0.000000e+00
1.056500e+05	3.423894e-14	2.733588e-17	0.000000e+00	0.000000e+00	1.721015e-17	3.633989e-14	0.000000e+00	0.000000e+00	0.000000e+00	0.000000e+00	0.000000e+00	0.000000e+00	0.000000e+00	0.000000e+00	0.000000e+00	0.000000e+00
1.056598e+05	3.441197e-14	3.197252e-17	0.000000e+00	0.000000e+00	2.039888e-17	3.621528e-14	0.000000e+00	0.000000e+00	0.000000e+00	0.000000e+00	0.000000e+00	0.000000e+00	0.000000e+00	0.000000e+00	0.000000e+00	0.000000e+00
1.056699e+05	3.464887e-14	3.417434e-17	0.000000e+00	0.000000e+00	2.208526e-17	3.609365e-14	0.000000e+00	0.000000e+00	0.000000e+00	0.000000e+00	0.000000e+00	0.000000e+00	0.000000e+00	0.000000e+00	0.000000e+00	0.000000e+00
1.056802e+05	3.462496e-14	4.096706e-17	0.000000e+00	0.000000e+00	2.680494e-17	3.597495e-14	0.000000e+00	0.000000e+00	0.000000e+00	0.000000e+00	0.000000e+00	0.000000e+00	0.000000e+00	0.000000e+00	0.000000e+00	0.000000e+00
1.056908e+05	3.447431e-14	4.354255e-17	0.000000e+00	0.000000e+00	2.883274e-17	3.585788e-14	0.000000e+00	0.000000e+00	0.000000e+00	0.000000e+00	0.000000e+00	0.000000e+00	0.000000e+00	0.000000e+00	0.000000e+00	0.000000e+00
1.057016e+05	3.413853e-14	4.781229e-17	0.000000e+00	0.000000e+00	3.202772e-17	3.574254e-14	0.000000e+00	0.000000e+00	0.000000e+00	0.000000e+00	0.000000e+00	0.000000e+00	0.000000e+00	0.000000e+00	0.000000e+00	0.000000e+00
1.057126e+05	3.357978e-14	5.300251e-17	0.000000e+00	0.000000e+00	3.590276e-17	3.562772e-14	0.000000e+00	0.000000e+00	0.000000e+00	0.000000e+00	0.000000e+00	0.000000e+00	0.000000e+00	0.000000e+00	0.000000e+00	0.000000e+00
1.057240e+05	3.330590e-14	5.571020e-17	0.000000e+00	0.000000e+00	3.814601e-17	3.551325e-14	0.000000e+00	0.000000e+00	0.000000e+00	0.000000e+00	0.000000e+00	0.000000e+00	0.000000e+00	0.000000e+00	0.000000e+00	0.000000e+00
1.057355e+05	3.347483e-14	6.389227e-17	0.000000e+00	0.000000e+00	4.420699e-17	3.539917e-14	0.000000e+00	0.000000e+00	0.000000e+00	0.000000e+00	0.000000e+00	0.000000e+00	0.000000e+00	0.000000e+00	0.000000e+00	0.000000e+00
1.057474e+05	3.383055e-14	6.875621e-17	0.000000e+00	0.000000e+00	4.805455e-17	3.528619e-14	0.000000e+00	0.000000e+00	0.000000e+00	0.000000e+00	0.000000e+00	0.000000e+00	0.000000e+00	0.000000e+00	0.000000e+00	0.000000e+00
1.057595e+05	3.427152e-14	7.850597e-17	0.000000e+00	0.000000e+00	5.540682e-17	3.517439e-14	0.000000e+00	0.000000e+00	0.000000e+00	0.000000e+00	0.000000e+00	0.000000e+00	0.000000e+00	0.000000e+00	0.000000e+00	0.000000e+00
1.057719e+05	3.454793e-14	8.723519e-17	0.000000e+00	0.000000e+00	6.215187e-17	3.506345e-14	0.000000e+00	0.000000e+00	0.000000e+00	0.000000e+00	0.000000e+00	0.000000e+00	0.000000e+00	0.000000e+00	0.000000e+00	0.000000e+00
1.057846e+05	3.441793e-14	9.799616e-17	0.000000e+00	0.000000e+00	7.046007e-17	3.495448e-14	0.000000e+00	0.000000e+00	0.000000e+00	0.000000e+00	0.000000e+00	0.000000e+00	0.000000e+00	0.000000e+00	0.000000e+00	0.000000e+00
1.057976e+05	3.396958e-14	1.100908e-16	0.000000e+00	0.000000e+00	7.986035e-17	3.484800e-14	0.000000e+00	0.000000e+00	0.000000e+00	0.000000e+00	0.000000e+00	0.000000e+00	0.000000e+00	0.000000e+00	0.000000e+00	0.000000e+00
1.058109e+05	3.331385e-14	1.221975e-16	0.000000e+00	0.000000e+00	8.940645e-17	3.474140e-14	0.000000e+00	0.000000e+00	0.000000e+00	0.000000e+00	0.000000e+00	0.000000e+00	0.000000e+00	0.000000e+00	0.000000e+00	0.000000e+00
1.058245e+05	3.265773e-14	1.364209e-16	0.000000e+00	0.000000e+00	1.006464e-16	3.463432e-14	0.000000e+00	0.000000e+00	0.000000e+00	0.000000e+00	0.000000e+00	0.000000e+00	0.000000e+00	0.000000e+00	0.000000e+00	0.000000e+00
1.058384e+05	3.222652e-14	1.501363e-16	0.000000e+00	0.000000e+00	1.116613e-16	3.452872e-14	0.000000e+00	0.000000e+00	0.000000e+00	0.000000e+00	0.000000e+00	0.000000e+00	0.000000e+00	0.000000e+00	0.000000e+00	0.000000e+00
1.058526e+05	3.212205e-14	1.657496e-16	0.000000e+00	0.000000e+00	1.242403e-16	3.442376e-14	0.000000e+00	0.000000e+00	0.000000e+00	0.000000e+00	0.000000e+00	0.000000e+00	0.000000e+00	0.000000e+00	0.000000e+00	0.000000e+00
1.058672e+05	3.235025e-14	1.811726e-16	0.000000e+00	0.000000e+00	1.368336e-16	3.431935e-14	0.000000e+00	0.000000e+00	0.000000e+00	0.000000e+00	0.000000e+00	0.000000e+00	0.000000e+00	0.000000e+00	0.000000e+00	0.000000e+00
1.058821e+05	3.282250e-14	1.979514e-16	0.000000e+00	0.000000e+00	1.506088e-16	3.421584e-14	0.000000e+00	0.000000e+00	0.000000e+00	0.000000e+00	0.000000e+00	0.000000e+00	0.000000e+00	0.000000e+00	0.000000e+00	0.000000e+00
1.058973e+05	3.338142e-14	2.148912e-16	0.000000e+00	0.000000e+00	1.646671e-16	3.411251e-14	0.000000e+00	0.000000e+00	0.000000e+00	0.000000e+00	0.000000e+00	0.000000e+00	0.000000e+00	0.000000e+00	0.000000e+00	0.000000e+00
1.059130e+05	3.386541e-14	2.325191e-16	0.000000e+00	0.000000e+00	1.794121e-16	3.401093e-14	0.000000e+00	0.000000e+00	0.000000e+00	0.000000e+00	0.000000e+00	0.000000e+00	0.000000e+00	0.000000e+00	0.000000e+00	0.000000e+00
1.059289e+05	3.413957e-14	2.498275e-16	0.000000e+00	0.000000e+00	1.940661e-16	3.390978e-14	0.000000e+00	0.000000e+00	0.000000e+00	0.000000e+00	0.000000e+00	0.000000e+00	0.000000e+00	0.000000e+00	0.000000e+00	0.000000e+00
1.059453e+05	3.413781e-14	2.657805e-16	8.549752e-22	0.000000e+00	2.078087e-16	3.380843e-14	1.343997e-20	0.000000e+00	1.011450e-23	2.033520e-22	5.178420e-14	0.000000e+00	0.000000e+00	0.000000e+00	0.000000e+00	0.000000e+00
1.059620e+05	3.383632e-14	2.777026e-16	3.132294e-21	0.000000e+00	2.185092e-16	3.370855e-14	7.013370e-21	0.000000e+00	1.075118e-22	3.059360e-22	4.887190e-14	0.000000e+00	0.000000e+00	0.000000e+00	0.000000e+00	0.000000e+00
1.059791e+05	3.329824e-14	2.822902e-16	4.177501e-21	0.000000e+00	2.234886e-16	3.360959e-14	9.617628e-21	0.000000e+00	2.352148e-22	6.840005e-22	4.731967e-14	0.000000e+00	0.000000e+00	0.000000e+00	0.000000e+00	0.000000e+00
1.059966e+05	3.262041e-14	2.789340e-16	3.314824e-21	0.000000e+00	2.221541e-16	3.351066e-14	9.877235e-21	0.000000e+00	2.578478e-22	9.646848e-22	4.619955e-14	0.000000e+00	0.000000e+00	0.000000e+00	0.000000e+00	0.000000e+00
1.060146e+05	3.192255e-14	2.736818e-16	2.609258e-21	0.000000e+00	2.192392e-16	3.341296e-14	8.927376e-21	0.000000e+00	2.577383e-22	1.100813e-21	4.536001e-14	0.000000e+00	0.000000e+00	0.000000e+00	0.000000e+00	0.000000e+00
1.060329e+05	3.130648e-14	2.763820e-16	2.247290e-21	0.000000e+00	2.226537e-16	3.331458e-14	9.568671e-21	0.000000e+00	2.680853e-22	1.416920e-21	4.463295e-14	0.000000e+00	0.000000e+00	0.000000e+00	0.000000e+00	0.000000e+00
1.060517e+05	3.086430e-14	2.935215e-16	2.130798e-21	0.000000e+00	2.377602e-16	3.321690e-14	9.243139e-21	0.000000e+00	2.969056e-22	1.589997e-21	4.401019e-14	0.000000e+00	0.000000e+00	0.000000e+00	0.000000e+00	0.000000e+00
1.060709e+05	3.064803e-14	3.271325e-16	2.388206e-21	0.000000e+00	2.664006e-16	3.312049e-14	1.019639e-20	0.000000e+00	3.795601e-22	1.989958e-21	4.345791e-14	0.000000e+00	0.000000e+00	0.000000e+00	0.000000e+00	0.000000e+00
1.060905e+05	3.067821e-14	3.751267e-16	2.694284e-21	0.000000e+00	3.070699e-16	3.302392e-14	1.042223e-20	0.000000e+00	4.797876e-22	2.267289e-21	4.297128e-14	0.000000e+00	0.000000e+00	0.000000e+00	0.000000e+00	0.000000e+00
1.061107e+05	3.092008e-14	4.331330e-16	2.900359e-21	0.000000e+00	3.563412e-16	3.292899e-14	1.046203e-20	0.000000e+00	5.707483e-22	2.502443e-21	4.253553e-14	0.000000e+00	0.000000e+00	0.000000e+00	0.000000e+00	0.000000e+00
1.061312e+05	3.132797e-14	4.950272e-16	3.057390e-21	0.000000e+00	4.092598e-16	3.283161e-14	1.063922e-20	0.000000e+00	6.575493e-22	2.767688e-21	4.214084e-14	0.000000e+00	0.000000e+00	0.000000e+00	0.000000e+00	0.000000e+00
1.061523e+05	3.183652e-14	5.544234e-16	3.098698e-21	0.000000e+00	4.605516e-16	3.273694e-14	1.088917e-20	0.000000e+00	7.217983e-22	3.053476e-21	4.177396e-14	0.000000e+00	0.000000e+00	0.000000e+00	0.000000e+00	0.000000e+00
1.061738e+05	3.235829e-14	6.054702e-16	3.075778e-21	0.000000e+00	5.052890e-16	3.264431e-14	1.131651e-20	0.000000e+00	7.701642e-22	3.395423e-21	4.142888e-14	0.000000e+00	0.000000e+00	0.000000e+00	0.000000e+00	0.000000e+00
1.061959e+05	3.282443e-14	6.437233e-16	2.987325e-21	0.000000e+00	5.396372e-16	3.255161e-14	1.171062e-20	0.000000e+00	7.989887e-22	3.736246e-21	4.110371e-14	0.000000e+00	0.000000e+00	0.000000e+00	0.000000e+00	0.000000e+00
1.062185e+05	3.317750e-14	6.662262e-16	2.860323e-21	0.000000e+00	5.609537e-16	3.245299e-14	1.200845e-20	0.000000e+00	8.127156e-22	4.052332e-21	4.080137e-14	0.000000e+00	0.000000e+00	0.000000e+00	0.000000e+00	0.000000e+00
1.062416e+05	3.336529e-14	6.725282e-16	2.732352e-21	0.000000e+00	5.686789e-16	3.235629e-14	1.232711e-20	0.000000e+00	8.208786e-22	4.379728e-21	4.051746e-14	0.000000e+00	0.000000e+00	0.000000e+00	0.000000e+00	0.000000e+00
1.062652e+05	3.336835e-14	6.638962e-16	2.626668e-21	0.000000e+00	5.637133e-16	3.226605e-14	1.274235e-20	0.000000e+00	8.309558e-22	4.747491e-21	4.024678e-14	0.000000e+00	0.000000e+00	0.000000e+00	0.000000e+00	0.000000e+00
1.062894e+05	3.318916e-14	6.437178e-16	2.546148e-21	0.000000e+00	5.487910e-16	3.218328e-14	1.324603e-20	0.000000e+00	8.451052e-22	5.157053e-21	3.998753e-14	0.000000e+00	0.000000e+00	0.000000e+00	0.000000e+00	0.000000e+00
1.063141e+05	3.283763e-14	6.169827e-16	2.492039e-21	0.000000e+00	5.280695e-16	3.209472e-14	1.379032e-20	0.000000e+00	8.650431e-22	5.592928e-21	3.974027e-14	0.000000e+00	0.000000e+00	0.000000e+00	0.000000e+00	0.000000e+00
1.063394e+05	3.235113e-14	5.896196e-16	2.437345e-21	0.000000e+00	5.065838e-16	3.199684e-14	1.425176e-20	0.000000e+00	8.822800e-22	6.004522e-21	3.950318e-14	0.000000e+00	0.000000e+00	0.000000e+00	0.000000e+00	0.000000e+00
1.063653e+05	3.176761e-14	5.681552e-16	2.380956e-21	0.000000e+00	4.899636e-16	3.189411e-14	1.453844e-20	0.000000e+00	8.964467e-22	6.347374e-21	3.927637e-14	0.000000e+00	0.000000e+00	0.000000e+00	0.000000e+00	0.000000e+00
1.063919e+05	3.113881e-14	5.586141e-16	2.331680e-21	0.000000e+00	4.834855e-16	3.179513e-14	1.471319e-20	0.000000e+00	9.109859e-22	6.641684e-21	3.905677e-14	0.000000e+00	0.000000e+00	0.000000e+00	0.000000e+00	0.000000e+00
1.064190e+05	3.050927e-14	5.666356e-16	2.291279e-21	0.000000e+00	4.921629e-16	3.170647e-14	1.487282e-20	0.000000e+00	9.269798e-22	6.927567e-21	3.884425e-14	0.000000e+00	0.000000e+00	0.000000e+00	0.000000e+00	0.000000e+00
1.064467e+05	2.993058e-14	5.962516e-16	2.273934e-21	0.000000e+00	5.196703e-16	3.162985e-14	1.498467e-20	0.000000e+00	9.507827e-22	7.188733e-21	3.863945e-14	0.000000e+00	0.000000e+00	0.000000e+00	0.000000e+00	0.000000e+00
1.064752e+05	2.943218e-14	6.501048e-16	2.264786e-21	0.000000e+00	5.685074e-16	3.155511e-14	1.499817e-20	0.000000e+00	9.769555e-22	7.398319e-21	3.844186e-14	0.000000e+00	0.000000e+00	0.000000e+00	0.000000e+00	0.000000e+00
1.065042e+05	2.905194e-14	7.291838e-16	2.236933e-21	0.000000e+00	6.397441e-16	3.147400e-14	1.496294e-20	0.000000e+00	9.938946e-22	7.577655e-21	3.824937e-14	0.000000e+00	0.000000e+00	0.000000e+00	0.000000e+00	0.000000e+00
1.065340e+05	2.880516e-14	8.327142e-16	2.194579e-21	0.000000e+00	7.329007e-16	3.138083e-14	1.492160e-20	0.000000e+00	1.002836e-21	7.747199e-21	3.806211e-14	0.000000e+00	0.000000e+00	0.000000e+00	0.000000e+00	0.000000e+00
1.065644e+05	2.869674e-14	9.583323e-16	2.150518e-21	0.000000e+00	8.460763e-16	3.127584e-14	1.483499e-20	0.000000e+00	1.009284e-21	7.886133e-21	3.788134e-14	0.000000e+00	0.000000e+00	0.000000e+00	0.000000e+00	0.000000e+00
1.065956e+05	2.872821e-14	1.102197e-15	2.105581e-21	0.000000e+00	9.760280e-16	3.116644e-14	1.468624e-20	0.000000e+00	1.013629e-21	7.983892e-21	3.770499e-14	0.000000e+00	0.000000e+00	0.000000e+00	0.000000e+00	0.000000e+00
1.066274e+05	2.888396e-14	1.259727e-15	2.063561e-21	0.000000e+00	1.118808e-15	3.106031e-14	1.448792e-20	0.000000e+00	1.017760e-21	8.045538e-21	3.753217e-14	0.000000e+00	0.000000e+00	0.000000e+00	0.000000e+00	0.000000e+00
1.066601e+05	2.914955e-14	1.425556e-15	2.031303e-21	0.000000e+00	1.269716e-15	3.096535e-14	1.422129e-20	0.000000e+00	1.025284e-21	8.059090e-21	3.736387e-14	0.000000e+00	0.000000e+00	0.000000e+00	0.000000e+00	0.000000e+00
1.066934e+05	2.949814e-14	1.594089e-15	2.011050e-21	0.000000e+00	1.423792e-15	3.088425e-14	1.392215e-20	0.000000e+00	1.037733e-21	8.043310e-21	3.719940e-14	0.000000e+00	0.000000e+00	0.000000e+00	0.000000e+00	0.000000e+00
1.067276e+05	2.989900e-14	1.760053e-15	1.999937e-21	0.000000e+00	1.576307e-15	3.081417e-14	1.365556e-20	0.000000e+00	1.054031e-21	8.035848e-21	3.703759e-14	0.000000e+00	0.000000e+00	0.000000e+00	0.000000e+00	0.000000e+00
1.067625e+05	3.032817e-14	1.918266e-15	2.001193e-21	0.000000e+00	1.722561e-15	3.075197e-14	1.345734e-20	0.000000e+00	1.076238e-21	8.059590e-21	3.687930e-14	0.000000e+00	0.000000e+00	0.000000e+00	0.000000e+00	0.000000e+00
1.067983e+05	3.075373e-14	2.064330e-15	2.012071e-21	0.000000e+00	1.858517e-15	3.068891e-14	1.332595e-20	0.000000e+00	1.103257e-21	8.116039e-21	3.672415e-14	0.000000e+00	0.000000e+00	0.000000e+00	0.000000e+00	0.000000e+00
1.068349e+05	3.114906e-14	2.194713e-15	2.028142e-21	0.000000e+00	1.980882e-15	3.061821e-14	1.332500e-20	0.000000e+00	1.132921e-21	8.246848e-21	3.657174e-14	0.000000e+00	0.000000e+00	0.000000e+00	0.000000e+00	0.000000e+00
1.068724e+05	3.148842e-14	2.307006e-15	2.050742e-21	0.000000e+00	2.087350e-15	3.053356e-14	1.351908e-20	0.000000e+00	1.166151e-21	8.496581e-21	3.642174e-14	0.000000e+00	0.000000e+00	0.000000e+00	0.000000e+00	0.000000e+00
1.069107e+05	3.175633e-14	2.398755e-15	2.068622e-21	0.000000e+00	2.175563e-15	3.043600e-14	1.388689e-20	0.000000e+00	1.196630e-21	8.857227e-21	3.627435e-14	0.000000e+00	0.000000e+00	0.000000e+00	0.000000e+00	0.000000e+00
1.069499e+05	3.193607e-14	2.469385e-15	2.072840e-21	9.946323e-22	2.244851e-15	3.032631e-14	1.434833e-20	2.196413e-21	1.218959e-21	9.281666e-21	3.612847e-14	8.867816e-21	1.793126e-23	4.355757e-23	2.718578e-22	3.147220e-14
1.069900e+05	3.201857e-14	2.518768e-15	2.072888e-21	9.260079e-22	2.294957e-15	3.020957e-14	1.488930e-20	2.863919e-21	1.238424e-21	9.762958e-21	3.598581e-14	3.105099e-21	3.739261e-23	1.269245e-22	2.098712e-22	2.973841e-14
1.070311e+05	3.199995e-14	2.547442e-15	2.070514e-21	6.264450e-22	2.326236e-15	3.009140e-14	1.547692e-20	2.248607e-21	1.255979e-21	1.028110e-20	3.584554e-14	7.287271e-21	3.897995e-23	1.532225e-22	7.475135e-22	2.870002e-14
1.070731e+05	3.187993e-14	2.556255e-15	2.046743e-21	4.169483e-22	2.339336e-15	2.997820e-14	1.609474e-20	2.405741e-21	1.259888e-21	1.082590e-20	3.570694e-14	3.554178e-21	3.484456e-23	2.196914e-22	4.825289e-22	2.790734e-14
1.071161e+05	3.166511e-14	2.547077e-15	2.010523e-21	8.564165e-22	2.335857e-15	2.987467e-14	1.661581e-20	2.635962e-21	1.255187e-21	1.131140e-20	3.556930e-14	7.257683e-21	8.943636e-23	3.001679e-22	1.214026e-21	2.727055e-14
1.071601e+05	3.136065e-14	2.522383e-15	1.971851e-21	6.389182e-22	2.317972e-15	2.978712e-14	1.688944e-20	2.299558e-21	1.247906e-21	1.163124e-20	3.543488e-14	2.377429e-20	7.974757e-23	3.123341e-22	4.688913e-21	2.674549e-14
1.072051e+05	3.098338e-14	2.483233e-15	1.939611e-21	9.005696e-22	2.286575e-15	2.971280e-14	1.683245e-20	2.163187e-21	1.243712e-21	1.172153e-20	3.530152e-14	7.119624e-20	1.303468e-22	3.400236e-22	1.607071e-20	2.628260e-14
1.072512e+05	3.054483e-14	2.432743e-15	1.910457e-21	6.850891e-22	2.244469e-15	2.965339e-14	1.695782e-20	1.813065e-21	1.240621e-21	1.193587e-20	3.517056e-14	1.367089e-19	1.124959e-22	3.226901e-22	3.456885e-20	2.587329e-14
1.072984e+05	3.005853e-14	2.372527e-15	1.872908e-21	7.151096e-22	2.193093e-15	2.960354e-14	1.810943e-20	1.768974e-21	1.231184e-21	1.287851e-20	3.504011e-14	2.407110e-19	1.310305e-22	3.506510e-22	6.709482e-20	2.550212e-14
1.073466e+05	2.954637e-14	2.305331e-15	1.832761e-21	6.353065e-22	2.134948e-15	2.955812e-14	2.101515e-20	1.727174e-21	1.219087e-21	1.509411e-20	3.491153e-14	4.305947e-19	1.282196e-22	3.764032e-22	1.306504e-19	2.516811e-14
1.073960e+05	2.902163e-14	2.233205e-15	1.791386e-21	6.965304e-22	2.071909e-15	2.951126e-14	2.532301e-20	1.564795e-21	1.205220e-21	1.836328e-20	3.478511e-14	6.596851e-19	1.532311e-22	3.710410e-22	2.157080e-19	2.485925e-14
1.074465e+05	2.849836e-14	2.158192e-15	1.727589e-21	7.253066e-22	2.005862e-15	2.946001e-14	2.954924e-20	1.445175e-21	1.175166e-21	2.162688e-20	3.465850e-14	2.276534e-18	1.724395e-22	3.696787e-22	7.956659e-19	2.457193e-14
1.074982e+05	2.799763e-14	2.082008e-15	1.672596e-21	6.713214e-22	1.938401e-15	2.939733e-14	3.193190e-20	1.474418e-21	1.149932e-21	2.358004e-20	3.453376e-14	2.611887e-17	1.712528e-22	4.039861e-22	9.691268e-18	2.430660e-14
1.075511e+05	2.752588e-14	2.006866e-15	1.741648e-21	8.500859e-22	1.871593e-15	2.932213e-14	3.203244e-20	2.354518e-21	1.209795e-21	2.385878e-20	3.441144e-14	1.689714e-16	2.312694e-22	6.868539e-22	6.617857e-17	2.405560e-14
1.076052e+05	2.710077e-14	1.934427e-15	2.081472e-21	6.768479e-22	1.807005e-15	2.923210e-14	2.996800e-20	4.543398e-21	1.460314e-21	2.250746e-20	3.428914e-14	5.381236e-16	1.953547e-22	1.403804e-21	2.213804e-16	2.382187e-14
1.076606e+05	2.672649e-14	1.866029e-15	2.704504e-21	7.448160e-22	1.745910e-15	2.912638e-14	2.629134e-20	7.002456e-21	1.915791e-21	1.990534e-20	3.416876e-14	1.144757e-15	2.270327e-22	2.281320e-21	4.925977e-16	2.359738e-14
1.077173e+05	2.641552e-14	1.803054e-15	3.484789e-21	7.476869e-22	1.689631e-15	2.900959e-14	2.222951e-20	1.151308e-20	2.491654e-21	1.696126e-20	3.404888e-14	1.976165e-15	2.397394e-22	3.939383e-21	8.861993e-16	2.338780e-14
1.077753e+05	2.617005e-14	1.747273e-15	4.370829e-21	6.590648e-22	1.639861e-15	2.888358e-14	1.903604e-20	2.080911e-20	3.153535e-21	1.463404e-20	3.393074e-14	3.012394e-15	2.215153e-22	7.452172e-21	1.403310e-15	2.318370e-14
1.078347e+05	2.599350e-14	1.698842e-15	5.557850e-21	6.933714e-22	1.596784e-15	2.875205e-14	1.807924e-20	3.517558e-20	4.045200e-21	1.399974e-20	3.381317e-14	4.230676e-15	2.435242e-22	1.314390e-20	2.041516e-15	2.299244e-14
1.078954e+05	2.588546e-14	1.660006e-15	7.417373e-21	8.668117e-22	1.562552e-15	2.861853e-14	2.053248e-20	5.407048e-20	5.444579e-21	1.601146e-20	3.369597e-14	5.603468e-15	3.172406e-22	2.102324e-20	2.793874e-15	2.280498e-14
1.079576e+05	2.584829e-14	1.631268e-15	1.010490e-20	1.305030e-21	1.537680e-15	2.849076e-14	2.737382e-20	7.976641e-20	7.478485e-21	2.149196e-20	3.358167e-14	7.107943e-15	4.964562e-22	3.219140e-20	3.653617e-15	2.262752e-14
1.080212e+05	2.587605e-14	1.612896e-15	1.332857e-20	1.732438e-21	1.522468e-15	2.836952e-14	3.937069e-20	1.172728e-19	9.943130e-21	3.111506e-20	3.346737e-14	8.716654e-15	6.834833e-22	4.901458e-20	4.609782e-15	2.245789e-14
1.080862e+05	2.596493e-14	1.605965e-15	1.661002e-20	1.830045e-21	1.517975e-15	2.826067e-14	5.793599e-20	1.729227e-19	1.248713e-20	4.607997e-20	3.335311e-14	1.041168e-14	7.472137e-22	7.469754e-20	5.654725e-15	2.229770e-14
1.081528e+05	2.610842e-14	1.610220e-15	1.974533e-20	1.873760e-21	1.524006e-15	2.816319e-14	8.532051e-20	2.513661e-19	1.495576e-20	6.828044e-20	3.324083e-14	1.217210e-14	7.902997e-22	1.120168e-19	6.777961e-15	2.213386e-14
1.082210e+05	2.630140e-14	1.625453e-15	2.320883e-20	2.376467e-21	1.540405e-15	2.808295e-14	1.253595e-19	3.538724e-19	1.770729e-20	1.009243e-19	3.312871e-14	1.397854e-14	1.033607e-21	1.624089e-19	7.968686e-15	2.196904e-14
1.082907e+05	2.653441e-14	1.651301e-15	2.813700e-20	3.431011e-21	1.566867e-15	2.801555e-14	1.835463e-19	4.789541e-19	2.161907e-20	1.486275e-19	3.301829e-14	1.582164e-14	1.536395e-21	2.260314e-19	9.220890e-15	2.181788e-14
1.083621e+05	2.680068e-14	1.686660e-15	3.568923e-20	4.816619e-21	1.602380e-15	2.796273e-14	2.661110e-19	6.255746e-19	2.761003e-20	2.166977e-19	3.290799e-14	1.768042e-14	2.217409e-21	3.031408e-19	1.052123e-14	2.167771e-14
1.084351e+05	2.708992e-14	1.730712e-15	4.655605e-20	6.397744e-21	1.646200e-15	2.792234e-14	3.788480e-19	8.002871e-19	3.625675e-20	3.101844e-19	3.279754e-14	1.954799e-14	3.023892e-21	3.976743e-19	1.186394e-14	2.154792e-14
1.085098e+05	2.739523e-14	1.781733e-15	6.036235e-20	8.256376e-21	1.696710e-15	2.789090e-14	5.236921e-19	1.017523e-18	4.731273e-20	4.310453e-19	3.268866e-14	2.141400e-14	4.001484e-21	5.178583e-19	1.324090e-14	2.142081e-14
1.085863e+05	2.770652e-14	1.838589e-15	7.599645e-20	1.098689e-20	1.752850e-15	2.786523e-14	7.004144e-19	1.293442e-18	5.994091e-20	5.794620e-19	3.258038e-14	2.326663e-14	5.453720e-21	6.734494e-19	1.464272e-14	2.128705e-14
1.086645e+05	2.801718e-14	1.899253e-15	9.191179e-20	1.594187e-20	1.812701e-15	2.784133e-14	9.004504e-19	1.638720e-18	7.293587e-20	7.486630e-19	3.247354e-14	2.509856e-14	8.096050e-21	8.719573e-19	1.606249e-14	2.114473e-14
1.087446e+05	2.831802e-14	1.962740e-15	1.075897e-19	2.496728e-20	1.875331e-15	2.781795e-14	1.114718e-18	2.057720e-18	8.588259e-20	9.312889e-19	3.236621e-14	2.690471e-14	1.295929e-20	1.117844e-18	1.749460e-14	2.100034e-14
1.088265e+05	2.860321e-14	2.026904e-15	1.234105e-19	3.934295e-20	1.938692e-15	2.779021e-14	1.327189e-18	2.551926e-18	9.907816e-20	1.113994e-18	3.225965e-14	2.867906e-14	2.085171e-20	1.414058e-18	1.893275e-14	2.085893e-14
1.089104e+05	2.886548e-14	2.090530e-15	1.414175e-19	5.931676e-20	2.001620e-15	2.775459e-14	1.526820e-18	3.125935e-18	1.141695e-19	1.287388e-18	3.215346e-14	3.041752e-14	3.207240e-20	1.765260e-18	2.037187e-14	2.072320e-14
1.089962e+05	2.909917e-14	2.152344e-15	1.636930e-19	8.441836e-20	2.062889e-15	2.770795e-14	1.706096e-18	3.790111e-18	1.328710e-19	1.444905e-18	3.204763e-14	3.211182e-14	4.652737e-20	2.179512e-18	2.180402e-14	2.060059e-14
1.090840e+05	2.930003e-14	2.211407e-15	1.915940e-19	1.142960e-19	2.121589e-15	2.765028e-14	1.860512e-18	4.563061e-18	1.563396e-19	1.582438e-18	3.194359e-14	3.377106e-14	6.416227e-20	2.670006e-18	2.323305e-14	2.049278e-14
1.091738e+05	2.946352e-14	2.266450e-15	2.244078e-19	1.489775e-19	2.176492e-15	2.757773e-14	1.998640e-18	5.463666e-18	1.840554e-19	1.707002e-18	3.183971e-14	3.537938e-14	8.511885e-20	3.250710e-18	2.464590e-14	2.039435e-14
1.092657e+05	2.958670e-14	2.317004e-15	2.589031e-19	1.893901e-19	2.227133e-15	2.749161e-14	2.136811e-18	6.512683e-18	2.134075e-19	1.832396e-18	3.173706e-14	3.694529e-14	1.100566e-19	3.937310e-18	2.604627e-14	2.030527e-14
1.093598e+05	2.966636e-14	2.362169e-15	2.902749e-19	2.372759e-19	2.272632e-15	2.739098e-14	2.297519e-18	7.730571e-18	2.404277e-19	1.977953e-18	3.163470e-14	3.846563e-14	1.401461e-19	4.745923e-18	2.742995e-14	2.021929e-14
1.094561e+05	2.970341e-14	2.401895e-15	3.136921e-19	2.944116e-19	2.312924e-15	2.727824e-14	2.512984e-18	9.132932e-18	2.610497e-19	2.171711e-18	3.153164e-14	3.993933e-14	1.766364e-19	5.690206e-18	2.879428e-14	2.013294e-14
1.095546e+05	2.969593e-14	2.435699e-15	3.271752e-19	3.627032e-19	2.347530e-15	2.715145e-14	2.819468e-18	1.072154e-17	2.735200e-19	2.445617e-18	3.142679e-14	4.135861e-14	2.209116e-19	6.775428e-18	3.013176e-14	2.004032e-14
1.096554e+05	2.964364e-14	2.463538e-15	3.326899e-19	4.440786e-19	2.376391e-15	2.701497e-14	3.256079e-18	1.248501e-17	2.793722e-19	2.834523e-18	3.132390e-14	4.272594e-14	2.744266e-19	7.998280e-18	3.144231e-14	1.994291e-14
1.097585e+05	2.954602e-14	2.485273e-15	3.366141e-19	5.406926e-19	2.399358e-15	2.687125e-14	3.866436e-18	1.438579e-17	2.838955e-19	3.377660e-18	3.122251e-14	4.403069e-14	3.388330e-19	9.337871e-18	3.271633e-14	1.983463e-14
1.098641e+05	2.940861e-14	2.501228e-15	3.481109e-19	6.564462e-19	2.416730e-15	2.671951e-14	4.687032e-18	1.636875e-17	2.948328e-19	4.108480e-18	3.112197e-14	4.526289e-14	4.169503e-19	1.076034e-17	3.394449e-14	1.971864e-14
1.099721e+05	2.923021e-14	2.511392e-15	3.752080e-19	7.955413e-19	2.428481e-15	2.656707e-14	5.751570e-18	1.835940e-17	3.190898e-19	5.058327e-18	3.102433e-14	4.640657e-14	5.119050e-19	1.221701e-17	3.511279e-14	1.959639e-14
1.100826e+05	2.901232e-14	2.516252e-15	4.218526e-19	9.630594e-19	2.435072e-15	2.641262e-14	7.081741e-18	2.028838e-17	3.601942e-19	6.248248e-18	3.092695e-14	4.746247e-14	6.275133e-19	1.366028e-17	3.621965e-14	1.946829e-14
1.101957e+05	2.876231e-14	2.515713e-15	4.853730e-19	1.163930e-18	2.436398e-15	2.626098e-14	8.671776e-18	2.208286e-17	4.160452e-19	7.675131e-18	3.082948e-14	4.840049e-14	7.676286e-19	1.503807e-17	3.723993e-14	1.933812e-14
1.103115e+05	2.847775e-14	2.510779e-15	5.581342e-19	1.401885e-18	2.433421e-15	2.611452e-14	1.050522e-17	2.369890e-17	4.802283e-19	9.326215e-18	3.073125e-14	4.922871e-14	9.354283e-19	1.631614e-17	3.817749e-14	1.921107e-14
1.104299e+05	2.816860e-14	2.501358e-15	6.303913e-19	1.678350e-18	2.426045e-15	2.597475e-14	1.253125e-17	2.509180e-17	5.444025e-19	1.115787e-17	3.063124e-14	4.992270e-14	1.132615e-18	1.745857e-17	3.901108e-14	1.908464e-14
1.105511e+05	2.783257e-14	2.487804e-15	6.954211e-19	1.991372e-18	2.414605e-15	2.584399e-14	1.469011e-17	2.624016e-17	6.027212e-19	1.311789e-17	3.052984e-14	5.049447e-14	1.358594e-18	1.844480e-17	3.974774e-14	1.896395e-14
1.106751e+05	2.747757e-14	2.471099e-15	7.549159e-19	2.336906e-18	2.400045e-15	2.572461e-14	1.691848e-17	2.714021e-17	6.565759e-19	1.515020e-17	3.042776e-14	5.096023e-14	1.611234e-18	1.926643e-17	4.039824e-14	1.885364e-14
1.108020e+05	2.710464e-14	2.451040e-15	8.189336e-19	2.707880e-18	2.382168e-15	2.561654e-14	1.914939e-17	2.778256e-17	7.146826e-19	1.719482e-17	3.032626e-14	5.132080e-14	1.886151e-18	1.991120e-17	4.096151e-14	1.875166e-14
1.109318e+05	2.671862e-14	2.428709e-15	9.058433e-19	3.097469e-18	2.362018e-15	2.552097e-14	2.133084e-17	2.818112e-17	7.931535e-19	1.920456e-17	3.022687e-14	5.159264e-14	2.178912e-18	2.038371e-17	4.144922e-14	1.866019e-14
1.110647e+05	2.632546e-14	2.403863e-15	1.039493e-18	3.496361e-18	2.339357e-15	2.543914e-14	2.340386e-17	2.833635e-17	9.131199e-19	2.112551e-17	3.013014e-14	5.176184e-14	2.483114e-18	2.067938e-17	4.184886e-14	1.857562e-14
1.112007e+05	2.592845e-14	2.377618e-15	1.244210e-18	3.898748e-18	2.315268e-15	2.537264e-14	2.535359e-17	2.829192e-17	1.096392e-18	2.294313e-17	3.003497e-14	5.186550e-14	2.794608e-18	2.082567e-17	4.218925e-14	1.850377e-14
1.113398e+05	2.552725e-14	2.349625e-15	1.540783e-18	4.299066e-18	2.289411e-15	2.531767e-14	2.713893e-17	2.807105e-17	1.361899e-18	2.461901e-17	2.994328e-14	5.191361e-14	3.109268e-18	2.083614e-17	4.247780e-14	1.844263e-14
1.114822e+05	2.512874e-14	2.320932e-15	1.943621e-18	4.690983e-18	2.262808e-15	2.527510e-14	2.875994e-17	2.770172e-17	1.723103e-18	2.615185e-17	2.985270e-14	5.189456e-14	3.422272e-18	2.072869e-17	4.270440e-14	1.838760e-14
1.116279e+05	2.473662e-14	2.291440e-15	2.456346e-18	5.069740e-18	2.235361e-15	2.524430e-14	3.019585e-17	2.722487e-17	2.184000e-18	2.752144e-17	2.976283e-14	5.182374e-14	3.729802e-18	2.053178e-17	4.288108e-14	1.833838e-14
1.117770e+05	2.435205e-14	2.261815e-15	3.073612e-18	5.431520e-18	2.207721e-15	2.522318e-14	3.145897e-17	2.668062e-17	2.740584e-18	2.873766e-17	2.967162e-14	5.171307e-14	4.028640e-18	2.027430e-17	4.301732e-14	1.829499e-14
1.119296e+05	2.398033e-14	2.232026e-15	3.778425e-18	5.772417e-18	2.179859e-15	2.521154e-14	3.253609e-17	2.609962e-17	3.378349e-18	2.978721e-17	2.957807e-14	5.154570e-14	4.315426e-18	1.997887e-17	4.309876e-14	1.825281e-14
1.120857e+05	2.362169e-14	2.202755e-15	4.548975e-18	6.090690e-18	2.152444e-15	2.520656e-14	3.346208e-17	2.552393e-17	4.078274e-18	3.070083e-17	2.948241e-14	5.135943e-14	4.588359e-18	1.967763e-17	4.315670e-14	1.821485e-14
1.122455e+05	2.328174e-14	2.173961e-15	5.355106e-18	6.386221e-18	2.125438e-15	2.520704e-14	3.422864e-17	2.497870e-17	4.813604e-18	3.146989e-17	2.938502e-14	5.113934e-14	4.846851e-18	1.939049e-17	4.317859e-14	1.817624e-14
1.124090e+05	2.295884e-14	2.145670e-15	6.162659e-18	6.654914e-18	2.098869e-15	2.521024e-14	3.485371e-17	2.448394e-17	5.553684e-18	3.210995e-17	2.928341e-14	5.088163e-14	5.087291e-18	1.913388e-17	4.316106e-14	1.813473e-14
1.125762e+05	2.265661e-14	2.118740e-15	6.942601e-18	6.902942e-18	2.073578e-15	2.521573e-14	3.537549e-17	2.407878e-17	6.272171e-18	3.265542e-17	2.918136e-14	5.061066e-14	5.313908e-18	1.893963e-17	4.312471e-14	1.809093e-14
1.127474e+05	2.237625e-14	2.092567e-15	7.663757e-18	7.131267e-18	2.048979e-15	2.522076e-14	3.578146e-17	2.376612e-17	6.940532e-18	3.309414e-17	2.908016e-14	5.030242e-14	5.527040e-18	1.881162e-17	4.304907e-14	1.804114e-14
1.129226e+05	2.211620e-14	2.067636e-15	8.299915e-18	7.344805e-18	2.025547e-15	2.522437e-14	3.612143e-17	2.358031e-17	7.534486e-18	3.347161e-17	2.897809e-14	4.997667e-14	5.730152e-18	1.877877e-17	4.295099e-14	1.798567e-14
1.131018e+05	2.188438e-14	2.044055e-15	8.837984e-18	7.555525e-18	2.003393e-15	2.522203e-14	3.639461e-17	2.352561e-17	8.041486e-18	3.378676e-17	2.888038e-14	4.963743e-14	5.932356e-18	1.884646e-17	4.283401e-14	1.792673e-14
