E, cm-1	Sigma_00, cm2	Sigma_01, cm2	Sigma_02, cm2	Sigma_03, cm2	Sigma_10, cm2	Sigma_11, cm2	Sigma_12, cm2	Sigma_13, cm2	Sigma_20, cm2	Sigma_21, cm2	Sigma_22, cm2	Sigma_23, cm2	Sigma_30, cm2	Sigma_31, cm2	Sigma_32, cm2	Sigma_33, cm2	
1.052317e+05	4.699212e-14	0.000000e+00	0.000000e+00	0.000000e+00	0.000000e+00	0.000000e+00	0.000000e+00	0.000000e+00	0.000000e+00	0.000000e+00	0.000000e+00	0.000000e+00	0.000000e+00	0.000000e+00	0.000000e+00	0.000000e+00
1.052364e+05	4.887997e-14	0.000000e+00	0.000000e+00	0.000000e+00	0.000000e+00	0.000000e+00	0.000000e+00	0.000000e+00	0.000000e+00	0.000000e+00	0.000000e+00	0.000000e+00	0.000000e+00	0.000000e+00	0.000000e+00	0.000000e+00
1.052410e+05	5.745986e-14	0.000000e+00	0.000000e+00	0.000000e+00	0.000000e+00	0.000000e+00	0.000000e+00	0.000000e+00	0.000000e+00	0.000000e+00	0.000000e+00	0.000000e+00	0.000000e+00	0.000000e+00	0.000000e+00	0.000000e+00
1.052456e+05	4.071075e-14	0.000000e+00	0.000000e+00	0.000000e+00	0.000000e+00	0.000000e+00	0.000000e+00	0.000000e+00	0.000000e+00	0.000000e+00	0.000000e+00	0.000000e+00	0.000000e+00	0.000000e+00	0.000000e+00	0.000000e+00
1.052503e+05	4.841723e-14	0.000000e+00	0.000000e+00	0.000000e+00	0.000000e+00	0.000000e+00	0.000000e+00	0.000000e+00	0.000000e+00	0.000000e+00	0.000000e+00	0.000000e+00	0.000000e+00	0.000000e+00	0.000000e+00	0.000000e+00
1.052549e+05	4.003316e-14	0.000000e+00	0.000000e+00	0.000000e+00	0.000000e+00	0.000000e+00	0.000000e+00	0.000000e+00	0.000000e+00	0.000000e+00	0.000000e+00	0.000000e+00	0.000000e+00	0.000000e+00	0.000000e+00	0.000000e+00
1.052595e+05	4.471376e-14	0.000000e+00	0.000000e+00	0.000000e+00	0.000000e+00	0.000000e+00	0.000000e+00	0.000000e+00	0.000000e+00	0.000000e+00	0.000000e+00	0.000000e+00	0.000000e+00	0.000000e+00	0.000000e+00	0.000000e+00
1.052642e+05	3.890549e-14	0.000000e+00	0.000000e+00	0.000000e+00	0.000000e+00	0.000000e+00	0.000000e+00	0.000000e+00	0.000000e+00	0.000000e+00	0.000000e+00	0.000000e+00	0.000000e+00	0.000000e+00	0.000000e+00	0.000000e+00
1.052688e+05	4.017977e-14	0.000000e+00	0.000000e+00	0.000000e+00	0.000000e+00	0.000000e+00	0.000000e+00	0.000000e+00	0.000000e+00	0.000000e+00	0.000000e+00	0.000000e+00	0.000000e+00	0.000000e+00	0.000000e+00	0.000000e+00
1.052735e+05	4.548426e-14	0.000000e+00	0.000000e+00	0.000000e+00	0.000000e+00	0.000000e+00	0.000000e+00	0.000000e+00	0.000000e+00	0.000000e+00	0.000000e+00	0.000000e+00	0.000000e+00	0.000000e+00	0.000000e+00	0.000000e+00
1.052781e+05	4.558676e-14	0.000000e+00	0.000000e+00	0.000000e+00	0.000000e+00	0.000000e+00	0.000000e+00	0.000000e+00	0.000000e+00	0.000000e+00	0.000000e+00	0.000000e+00	0.000000e+00	0.000000e+00	0.000000e+00	0.000000e+00
1.052827e+05	4.663141e-14	0.000000e+00	0.000000e+00	0.000000e+00	0.000000e+00	0.000000e+00	0.000000e+00	0.000000e+00	0.000000e+00	0.000000e+00	0.000000e+00	0.000000e+00	0.000000e+00	0.000000e+00	0.000000e+00	0.000000e+00
1.052874e+05	3.868113e-14	0.000000e+00	0.000000e+00	0.000000e+00	0.000000e+00	0.000000e+00	0.000000e+00	0.000000e+00	0.000000e+00	0.000000e+00	0.000000e+00	0.000000e+00	0.000000e+00	0.000000e+00	0.000000e+00	0.000000e+00
1.052920e+05	3.591180e-14	0.000000e+00	0.000000e+00	0.000000e+00	0.000000e+00	0.000000e+00	0.000000e+00	0.000000e+00	0.000000e+00	0.000000e+00	0.000000e+00	0.000000e+00	0.000000e+00	0.000000e+00	0.000000e+00	0.000000e+00
1.052966e+05	4.655363e-14	0.000000e+00	0.000000e+00	0.000000e+00	0.000000e+00	0.000000e+00	0.000000e+00	0.000000e+00	0.000000e+00	0.000000e+00	0.000000e+00	0.000000e+00	0.000000e+00	0.000000e+00	0.000000e+00	0.000000e+00
1.053013e+05	5.066653e-14	0.000000e+00	0.000000e+00	0.000000e+00	0.000000e+00	0.000000e+00	0.000000e+00	0.000000e+00	0.000000e+00	0.000000e+00	0.000000e+00	0.000000e+00	0.000000e+00	0.000000e+00	0.000000e+00	0.000000e+00
1.053059e+05	5.371831e-14	0.000000e+00	0.000000e+00	0.000000e+00	0.000000e+00	0.000000e+00	0.000000e+00	0.000000e+00	0.000000e+00	0.000000e+00	0.000000e+00	0.000000e+00	0.000000e+00	0.000000e+00	0.000000e+00	0.000000e+00
1.053106e+05	5.210598e-14	0.000000e+00	0.000000e+00	0.000000e+00	0.000000e+00	0.000000e+00	0.000000e+00	0.000000e+00	0.000000e+00	0.000000e+00	0.000000e+00	0.000000e+00	0.000000e+00	0.000000e+00	0.000000e+00	0.000000e+00
1.053152e+05	4.722442e-14	0.000000e+00	0.000000e+00	0.000000e+00	0.000000e+00	0.000000e+00	0.000000e+00	0.000000e+00	0.000000e+00	0.000000e+00	0.000000e+00	0.000000e+00	0.000000e+00	0.000000e+00	0.000000e+00	0.000000e+00
1.053198e+05	4.969578e-14	0.000000e+00	0.000000e+00	0.000000e+00	0.000000e+00	0.000000e+00	0.000000e+00	0.000000e+00	0.000000e+00	0.000000e+00	0.000000e+00	0.000000e+00	0.000000e+00	0.000000e+00	0.000000e+00	0.000000e+00
1.053245e+05	5.109188e-14	0.000000e+00	0.000000e+00	0.000000e+00	0.000000e+00	0.000000e+00	0.000000e+00	0.000000e+00	0.000000e+00	0.000000e+00	0.000000e+00	0.000000e+00	0.000000e+00	0.000000e+00	0.000000e+00	0.000000e+00
1.053291e+05	4.500310e-14	0.000000e+00	0.000000e+00	0.000000e+00	0.000000e+00	0.000000e+00	0.000000e+00	0.000000e+00	0.000000e+00	0.000000e+00	0.000000e+00	0.000000e+00	0.000000e+00	0.000000e+00	0.000000e+00	0.000000e+00
1.053337e+05	4.467759e-14	0.000000e+00	0.000000e+00	0.000000e+00	0.000000e+00	0.000000e+00	0.000000e+00	0.000000e+00	0.000000e+00	0.000000e+00	0.000000e+00	0.000000e+00	0.000000e+00	0.000000e+00	0.000000e+00	0.000000e+00
1.053384e+05	4.468561e-14	0.000000e+00	0.000000e+00	0.000000e+00	0.000000e+00	0.000000e+00	0.000000e+00	0.000000e+00	0.000000e+00	0.000000e+00	0.000000e+00	0.000000e+00	0.000000e+00	0.000000e+00	0.000000e+00	0.000000e+00
1.053430e+05	4.878412e-14	0.000000e+00	0.000000e+00	0.000000e+00	0.000000e+00	0.000000e+00	0.000000e+00	0.000000e+00	0.000000e+00	0.000000e+00	0.000000e+00	0.000000e+00	0.000000e+00	0.000000e+00	0.000000e+00	0.000000e+00
1.053477e+05	4.500095e-14	0.000000e+00	0.000000e+00	0.000000e+00	0.000000e+00	0.000000e+00	0.000000e+00	0.000000e+00	0.000000e+00	0.000000e+00	0.000000e+00	0.000000e+00	0.000000e+00	0.000000e+00	0.000000e+00	0.000000e+00
1.053523e+05	4.877906e-14	0.000000e+00	0.000000e+00	0.000000e+00	0.000000e+00	0.000000e+00	0.000000e+00	0.000000e+00	0.000000e+00	0.000000e+00	0.000000e+00	0.000000e+00	0.000000e+00	0.000000e+00	0.000000e+00	0.000000e+00
1.053569e+05	4.616419e-14	0.000000e+00	0.000000e+00	0.000000e+00	0.000000e+00	0.000000e+00	0.000000e+00	0.000000e+00	0.000000e+00	0.000000e+00	0.000000e+00	0.000000e+00	0.000000e+00	0.000000e+00	0.000000e+00	0.000000e+00
1.053616e+05	4.541025e-14	0.000000e+00	0.000000e+00	0.000000e+00	0.000000e+00	0.000000e+00	0.000000e+00	0.000000e+00	0.000000e+00	0.000000e+00	0.000000e+00	0.000000e+00	0.000000e+00	0.000000e+00	0.000000e+00	0.000000e+00
1.053662e+05	4.455078e-14	0.000000e+00	0.000000e+00	0.000000e+00	0.000000e+00	0.000000e+00	0.000000e+00	0.000000e+00	0.000000e+00	0.000000e+00	0.000000e+00	0.000000e+00	0.000000e+00	0.000000e+00	0.000000e+00	0.000000e+00
1.053708e+05	4.553734e-14	0.000000e+00	0.000000e+00	0.000000e+00	0.000000e+00	0.000000e+00	0.000000e+00	0.000000e+00	0.000000e+00	0.000000e+00	0.000000e+00	0.000000e+00	0.000000e+00	0.000000e+00	0.000000e+00	0.000000e+00
1.053755e+05	4.679337e-14	0.000000e+00	0.000000e+00	0.000000e+00	0.000000e+00	0.000000e+00	0.000000e+00	0.000000e+00	0.000000e+00	0.000000e+00	0.000000e+00	0.000000e+00	0.000000e+00	0.000000e+00	0.000000e+00	0.000000e+00
1.053801e+05	4.187418e-14	0.000000e+00	0.000000e+00	0.000000e+00	0.000000e+00	0.000000e+00	0.000000e+00	0.000000e+00	0.000000e+00	0.000000e+00	0.000000e+00	0.000000e+00	0.000000e+00	0.000000e+00	0.000000e+00	0.000000e+00
1.053847e+05	4.132252e-14	6.343797e-20	0.000000e+00	0.000000e+00	4.055961e-22	4.805929e-14	0.000000e+00	0.000000e+00	0.000000e+00	0.000000e+00	0.000000e+00	0.000000e+00	0.000000e+00	0.000000e+00	0.000000e+00	0.000000e+00
1.053894e+05	4.687787e-14	1.493420e-18	0.000000e+00	0.000000e+00	5.194464e-20	5.519936e-14	0.000000e+00	0.000000e+00	0.000000e+00	0.000000e+00	0.000000e+00	0.000000e+00	0.000000e+00	0.000000e+00	0.000000e+00	0.000000e+00
1.053940e+05	4.128262e-14	9.851931e-19	0.000000e+00	0.000000e+00	6.068192e-20	4.840826e-14	0.000000e+00	0.000000e+00	0.000000e+00	0.000000e+00	0.000000e+00	0.000000e+00	0.000000e+00	0.000000e+00	0.000000e+00	0.000000e+00
1.053987e+05	4.309215e-14	1.108134e-17	0.000000e+00	0.000000e+00	9.635920e-19	3.868487e-14	0.000000e+00	0.000000e+00	0.000000e+00	0.000000e+00	0.000000e+00	0.000000e+00	0.000000e+00	0.000000e+00	0.000000e+00	0.000000e+00
1.054033e+05	4.717572e-14	4.939275e-18	0.000000e+00	0.000000e+00	5.481792e-19	5.484889e-14	0.000000e+00	0.000000e+00	0.000000e+00	0.000000e+00	0.000000e+00	0.000000e+00	0.000000e+00	0.000000e+00	0.000000e+00	0.000000e+00
1.054079e+05	4.608410e-14	7.126023e-18	0.000000e+00	0.000000e+00	9.533124e-19	4.706796e-14	0.000000e+00	0.000000e+00	0.000000e+00	0.000000e+00	0.000000e+00	0.000000e+00	0.000000e+00	0.000000e+00	0.000000e+00	0.000000e+00
1.054126e+05	4.497686e-14	1.195177e-17	0.000000e+00	0.000000e+00	1.857718e-18	4.259800e-14	0.000000e+00	0.000000e+00	0.000000e+00	0.000000e+00	0.000000e+00	0.000000e+00	0.000000e+00	0.000000e+00	0.000000e+00	0.000000e+00
1.054172e+05	4.398162e-14	2.087425e-17	0.000000e+00	0.000000e+00	3.674572e-18	4.646235e-14	0.000000e+00	0.000000e+00	0.000000e+00	0.000000e+00	0.000000e+00	0.000000e+00	0.000000e+00	0.000000e+00	0.000000e+00	0.000000e+00
1.054218e+05	4.488113e-14	1.670977e-17	0.000000e+00	0.000000e+00	3.269298e-18	6.238029e-14	0.000000e+00	0.000000e+00	0.000000e+00	0.000000e+00	0.000000e+00	0.000000e+00	0.000000e+00	0.000000e+00	0.000000e+00	0.000000e+00
1.054265e+05	4.842831e-14	1.358835e-17	0.000000e+00	0.000000e+00	2.912767e-18	4.029041e-14	0.000000e+00	0.000000e+00	0.000000e+00	0.000000e+00	0.000000e+00	0.000000e+00	0.000000e+00	0.000000e+00	0.000000e+00	0.000000e+00
1.054311e+05	4.320847e-14	4.193775e-17	0.000000e+00	0.000000e+00	9.738501e-18	6.424416e-14	0.000000e+00	0.000000e+00	0.000000e+00	0.000000e+00	0.000000e+00	0.000000e+00	0.000000e+00	0.000000e+00	0.000000e+00	0.000000e+00
1.054358e+05	4.503250e-14	2.124337e-17	0.000000e+00	0.000000e+00	5.295445e-18	5.318856e-14	0.000000e+00	0.000000e+00	0.000000e+00	0.000000e+00	0.000000e+00	0.000000e+00	0.000000e+00	0.000000e+00	0.000000e+00	0.000000e+00
1.054404e+05	4.688093e-14	3.209985e-17	0.000000e+00	0.000000e+00	8.525567e-18	5.049382e-14	0.000000e+00	0.000000e+00	0.000000e+00	0.000000e+00	0.000000e+00	0.000000e+00	0.000000e+00	0.000000e+00	0.000000e+00	0.000000e+00
1.054450e+05	4.812150e-14	2.861541e-17	0.000000e+00	0.000000e+00	8.047250e-18	5.072924e-14	0.000000e+00	0.000000e+00	0.000000e+00	0.000000e+00	0.000000e+00	0.000000e+00	0.000000e+00	0.000000e+00	0.000000e+00	0.000000e+00
1.054497e+05	4.535441e-14	1.628398e-17	0.000000e+00	0.000000e+00	4.823242e-18	5.841176e-14	0.000000e+00	0.000000e+00	0.000000e+00	0.000000e+00	0.000000e+00	0.000000e+00	0.000000e+00	0.000000e+00	0.000000e+00	0.000000e+00
1.054543e+05	4.598101e-14	1.707127e-17	0.000000e+00	0.000000e+00	5.301633e-18	6.124045e-14	0.000000e+00	0.000000e+00	0.000000e+00	0.000000e+00	0.000000e+00	0.000000e+00	0.000000e+00	0.000000e+00	0.000000e+00	0.000000e+00
1.054589e+05	4.224299e-14	2.058726e-17	0.000000e+00	0.000000e+00	6.677429e-18	6.188403e-14	0.000000e+00	0.000000e+00	0.000000e+00	0.000000e+00	0.000000e+00	0.000000e+00	0.000000e+00	0.000000e+00	0.000000e+00	0.000000e+00
1.054636e+05	4.751315e-14	4.538291e-17	0.000000e+00	0.000000e+00	1.532108e-17	5.398533e-14	0.000000e+00	0.000000e+00	0.000000e+00	0.000000e+00	0.000000e+00	0.000000e+00	0.000000e+00	0.000000e+00	0.000000e+00	0.000000e+00
1.054682e+05	4.723765e-14	4.078925e-17	0.000000e+00	0.000000e+00	1.428987e-17	5.910072e-14	0.000000e+00	0.000000e+00	0.000000e+00	0.000000e+00	0.000000e+00	0.000000e+00	0.000000e+00	0.000000e+00	0.000000e+00	0.000000e+00
1.054775e+05	4.888571e-14	5.199298e-17	0.000000e+00	0.000000e+00	1.946596e-17	5.965353e-14	0.000000e+00	0.000000e+00	0.000000e+00	0.000000e+00	0.000000e+00	0.000000e+00	0.000000e+00	0.000000e+00	0.000000e+00	0.000000e+00
1.054821e+05	4.306551e-14	3.120503e-17	0.000000e+00	0.000000e+00	1.203798e-17	6.184940e-14	0.000000e+00	0.000000e+00	0.000000e+00	0.000000e+00	0.000000e+00	0.000000e+00	0.000000e+00	0.000000e+00	0.000000e+00	0.000000e+00
1.054868e+05	4.793921e-14	3.202319e-17	0.000000e+00	0.000000e+00	1.270485e-17	6.504957e-14	0.000000e+00	0.000000e+00	0.000000e+00	0.000000e+00	0.000000e+00	0.000000e+00	0.000000e+00	0.000000e+00	0.000000e+00	0.000000e+00
1.054914e+05	4.745885e-14	2.935481e-17	0.000000e+00	0.000000e+00	1.195688e-17	6.542544e-14	0.000000e+00	0.000000e+00	0.000000e+00	0.000000e+00	0.000000e+00	0.000000e+00	0.000000e+00	0.000000e+00	0.000000e+00	0.000000e+00
1.054960e+05	4.915348e-14	4.510846e-17	0.000000e+00	0.000000e+00	1.883463e-17	6.067554e-14	0.000000e+00	0.000000e+00	0.000000e+00	0.000000e+00	0.000000e+00	0.000000e+00	0.000000e+00	0.000000e+00	0.000000e+00	0.000000e+00
1.055007e+05	4.582808e-14	4.489651e-17	0.000000e+00	0.000000e+00	1.918936e-17	6.306287e-14	0.000000e+00	0.000000e+00	0.000000e+00	0.000000e+00	0.000000e+00	0.000000e+00	0.000000e+00	0.000000e+00	0.000000e+00	0.000000e+00
1.055053e+05	4.746972e-14	4.842031e-17	0.000000e+00	0.000000e+00	2.115756e-17	6.165191e-14	0.000000e+00	0.000000e+00	0.000000e+00	0.000000e+00	0.000000e+00	0.000000e+00	0.000000e+00	0.000000e+00	0.000000e+00	0.000000e+00
1.055099e+05	4.753496e-14	5.627238e-17	0.000000e+00	0.000000e+00	2.510798e-17	5.682605e-14	0.000000e+00	0.000000e+00	0.000000e+00	0.000000e+00	0.000000e+00	0.000000e+00	0.000000e+00	0.000000e+00	0.000000e+00	0.000000e+00
1.055146e+05	4.640736e-14	4.219665e-17	0.000000e+00	0.000000e+00	1.920450e-17	5.811695e-14	0.000000e+00	0.000000e+00	0.000000e+00	0.000000e+00	0.000000e+00	0.000000e+00	0.000000e+00	0.000000e+00	0.000000e+00	0.000000e+00
1.055192e+05	4.824443e-14	4.422447e-17	0.000000e+00	0.000000e+00	2.050989e-17	6.105088e-14	0.000000e+00	0.000000e+00	0.000000e+00	0.000000e+00	0.000000e+00	0.000000e+00	0.000000e+00	0.000000e+00	0.000000e+00	0.000000e+00
1.055239e+05	4.749776e-14	4.094708e-17	0.000000e+00	0.000000e+00	1.933303e-17	5.811760e-14	0.000000e+00	0.000000e+00	0.000000e+00	0.000000e+00	0.000000e+00	0.000000e+00	0.000000e+00	0.000000e+00	0.000000e+00	0.000000e+00
1.055285e+05	4.850405e-14	5.007883e-17	0.000000e+00	0.000000e+00	2.405123e-17	5.677895e-14	0.000000e+00	0.000000e+00	0.000000e+00	0.000000e+00	0.000000e+00	0.000000e+00	0.000000e+00	0.000000e+00	0.000000e+00	0.000000e+00
1.055331e+05	4.636132e-14	4.034935e-17	0.000000e+00	0.000000e+00	1.969622e-17	5.861869e-14	0.000000e+00	0.000000e+00	0.000000e+00	0.000000e+00	0.000000e+00	0.000000e+00	0.000000e+00	0.000000e+00	0.000000e+00	0.000000e+00
1.055378e+05	4.900173e-14	4.169208e-17	0.000000e+00	0.000000e+00	2.067017e-17	6.032909e-14	0.000000e+00	0.000000e+00	0.000000e+00	0.000000e+00	0.000000e+00	0.000000e+00	0.000000e+00	0.000000e+00	0.000000e+00	0.000000e+00
1.055424e+05	4.583699e-14	6.607699e-17	0.000000e+00	0.000000e+00	3.324973e-17	6.065550e-14	0.000000e+00	0.000000e+00	0.000000e+00	0.000000e+00	0.000000e+00	0.000000e+00	0.000000e+00	0.000000e+00	0.000000e+00	0.000000e+00
1.055470e+05	4.483059e-14	5.732014e-17	0.000000e+00	0.000000e+00	2.925602e-17	6.244374e-14	0.000000e+00	0.000000e+00	0.000000e+00	0.000000e+00	0.000000e+00	0.000000e+00	0.000000e+00	0.000000e+00	0.000000e+00	0.000000e+00
1.055563e+05	4.848150e-14	6.080780e-17	0.000000e+00	0.000000e+00	3.187475e-17	5.679329e-14	0.000000e+00	0.000000e+00	0.000000e+00	0.000000e+00	0.000000e+00	0.000000e+00	0.000000e+00	0.000000e+00	0.000000e+00	0.000000e+00
1.055610e+05	4.543702e-14	4.648267e-17	0.000000e+00	0.000000e+00	2.467286e-17	6.253264e-14	0.000000e+00	0.000000e+00	0.000000e+00	0.000000e+00	0.000000e+00	0.000000e+00	0.000000e+00	0.000000e+00	0.000000e+00	0.000000e+00
1.055702e+05	4.585514e-14	4.973535e-17	0.000000e+00	0.000000e+00	2.703007e-17	6.611834e-14	0.000000e+00	0.000000e+00	0.000000e+00	0.000000e+00	0.000000e+00	0.000000e+00	0.000000e+00	0.000000e+00	0.000000e+00	0.000000e+00
1.055795e+05	4.303900e-14	7.002176e-17	0.000000e+00	0.000000e+00	3.889652e-17	5.880389e-14	0.000000e+00	0.000000e+00	0.000000e+00	0.000000e+00	0.000000e+00	0.000000e+00	0.000000e+00	0.000000e+00	0.000000e+00	0.000000e+00
1.055841e+05	4.747092e-14	6.537365e-17	0.000000e+00	0.000000e+00	3.669192e-17	6.074473e-14	0.000000e+00	0.000000e+00	0.000000e+00	0.000000e+00	0.000000e+00	0.000000e+00	0.000000e+00	0.000000e+00	0.000000e+00	0.000000e+00
1.055888e+05	4.448465e-14	7.230936e-17	0.000000e+00	0.000000e+00	4.099142e-17	6.472524e-14	0.000000e+00	0.000000e+00	0.000000e+00	0.000000e+00	0.000000e+00	0.000000e+00	0.000000e+00	0.000000e+00	0.000000e+00	0.000000e+00
1.055934e+05	4.681854e-14	8.757849e-17	0.000000e+00	0.000000e+00	5.012747e-17	6.570885e-14	0.000000e+00	0.000000e+00	0.000000e+00	0.000000e+00	0.000000e+00	0.000000e+00	0.000000e+00	0.000000e+00	0.000000e+00	0.000000e+00
1.056027e+05	4.740619e-14	8.326823e-17	0.000000e+00	0.000000e+00	4.853960e-17	6.495957e-14	0.000000e+00	0.000000e+00	0.000000e+00	0.000000e+00	0.000000e+00	0.000000e+00	0.000000e+00	0.000000e+00	0.000000e+00	0.000000e+00
1.056120e+05	4.466756e-14	1.042836e-16	0.000000e+00	0.000000e+00	6.183817e-17	6.178048e-14	0.000000e+00	0.000000e+00	0.000000e+00	0.000000e+00	0.000000e+00	0.000000e+00	0.000000e+00	0.000000e+00	0.000000e+00	0.000000e+00
1.056212e+05	4.119697e-14	1.428859e-16	0.000000e+00	0.000000e+00	8.609699e-17	6.311263e-14	0.000000e+00	0.000000e+00	0.000000e+00	0.000000e+00	0.000000e+00	0.000000e+00	0.000000e+00	0.000000e+00	0.000000e+00	0.000000e+00
1.056305e+05	4.403428e-14	1.430208e-16	0.000000e+00	0.000000e+00	8.748494e-17	6.660720e-14	0.000000e+00	0.000000e+00	0.000000e+00	0.000000e+00	0.000000e+00	0.000000e+00	0.000000e+00	0.000000e+00	0.000000e+00	0.000000e+00
1.056398e+05	4.866401e-14	2.380520e-16	0.000000e+00	0.000000e+00	1.476922e-16	6.519878e-14	0.000000e+00	0.000000e+00	0.000000e+00	0.000000e+00	0.000000e+00	0.000000e+00	0.000000e+00	0.000000e+00	0.000000e+00	0.000000e+00
1.056491e+05	5.124924e-14	1.573767e-16	0.000000e+00	0.000000e+00	9.895256e-17	6.466929e-14	0.000000e+00	0.000000e+00	0.000000e+00	0.000000e+00	0.000000e+00	0.000000e+00	0.000000e+00	0.000000e+00	0.000000e+00	0.000000e+00
1.056583e+05	4.580156e-14	2.104183e-16	0.000000e+00	0.000000e+00	1.339830e-16	6.137095e-14	0.000000e+00	0.000000e+00	0.000000e+00	0.000000e+00	0.000000e+00	0.000000e+00	0.000000e+00	0.000000e+00	0.000000e+00	0.000000e+00
1.056676e+05	4.546530e-14	2.208913e-16	0.000000e+00	0.000000e+00	1.423409e-16	6.371109e-14	0.000000e+00	0.000000e+00	0.000000e+00	0.000000e+00	0.000000e+00	0.000000e+00	0.000000e+00	0.000000e+00	0.000000e+00	0.000000e+00
1.056769e+05	4.615879e-14	2.779169e-16	0.000000e+00	0.000000e+00	1.811255e-16	6.137190e-14	0.000000e+00	0.000000e+00	0.000000e+00	0.000000e+00	0.000000e+00	0.000000e+00	0.000000e+00	0.000000e+00	0.000000e+00	0.000000e+00
1.056815e+05	4.395479e-14	2.923375e-16	0.000000e+00	0.000000e+00	1.915627e-16	6.304755e-14	0.000000e+00	0.000000e+00	0.000000e+00	0.000000e+00	0.000000e+00	0.000000e+00	0.000000e+00	0.000000e+00	0.000000e+00	0.000000e+00
1.056908e+05	4.468147e-14	2.214168e-16	0.000000e+00	0.000000e+00	1.466164e-16	6.083732e-14	0.000000e+00	0.000000e+00	0.000000e+00	0.000000e+00	0.000000e+00	0.000000e+00	0.000000e+00	0.000000e+00	0.000000e+00	0.000000e+00
1.057001e+05	4.603924e-14	2.975433e-16	0.000000e+00	0.000000e+00	1.989963e-16	6.107743e-14	0.000000e+00	0.000000e+00	0.000000e+00	0.000000e+00	0.000000e+00	0.000000e+00	0.000000e+00	0.000000e+00	0.000000e+00	0.000000e+00
1.057093e+05	4.550922e-14	3.009220e-16	0.000000e+00	0.000000e+00	2.031726e-16	6.527201e-14	0.000000e+00	0.000000e+00	0.000000e+00	0.000000e+00	0.000000e+00	0.000000e+00	0.000000e+00	0.000000e+00	0.000000e+00	0.000000e+00
1.057140e+05	4.878837e-14	3.622169e-16	0.000000e+00	0.000000e+00	2.456776e-16	6.493447e-14	0.000000e+00	0.000000e+00	0.000000e+00	0.000000e+00	0.000000e+00	0.000000e+00	0.000000e+00	0.000000e+00	0.000000e+00	0.000000e+00
1.057232e+05	4.719927e-14	4.544252e-16	0.000000e+00	0.000000e+00	3.109516e-16	6.530205e-14	0.000000e+00	0.000000e+00	0.000000e+00	0.000000e+00	0.000000e+00	0.000000e+00	0.000000e+00	0.000000e+00	0.000000e+00	0.000000e+00
1.057325e+05	4.517618e-14	3.960462e-16	0.000000e+00	0.000000e+00	2.732987e-16	6.117061e-14	0.000000e+00	0.000000e+00	0.000000e+00	0.000000e+00	0.000000e+00	0.000000e+00	0.000000e+00	0.000000e+00	0.000000e+00	0.000000e+00
1.057372e+05	4.820743e-14	4.022461e-16	0.000000e+00	0.000000e+00	2.787104e-16	6.410180e-14	0.000000e+00	0.000000e+00	0.000000e+00	0.000000e+00	0.000000e+00	0.000000e+00	0.000000e+00	0.000000e+00	0.000000e+00	0.000000e+00
1.057464e+05	4.738146e-14	3.982157e-16	0.000000e+00	0.000000e+00	2.781017e-16	6.316210e-14	0.000000e+00	0.000000e+00	0.000000e+00	0.000000e+00	0.000000e+00	0.000000e+00	0.000000e+00	0.000000e+00	0.000000e+00	0.000000e+00
1.057557e+05	4.597748e-14	5.043043e-16	0.000000e+00	0.000000e+00	3.548594e-16	6.079578e-14	0.000000e+00	0.000000e+00	0.000000e+00	0.000000e+00	0.000000e+00	0.000000e+00	0.000000e+00	0.000000e+00	0.000000e+00	0.000000e+00
1.057603e+05	4.359663e-14	3.448354e-16	0.000000e+00	0.000000e+00	2.435359e-16	6.360806e-14	0.000000e+00	0.000000e+00	0.000000e+00	0.000000e+00	0.000000e+00	0.000000e+00	0.000000e+00	0.000000e+00	0.000000e+00	0.000000e+00
1.057696e+05	4.848127e-14	3.878921e-16	0.000000e+00	0.000000e+00	2.758920e-16	5.901846e-14	0.000000e+00	0.000000e+00	0.000000e+00	0.000000e+00	0.000000e+00	0.000000e+00	0.000000e+00	0.000000e+00	0.000000e+00	0.000000e+00
1.057835e+05	4.583241e-14	5.515829e-16	0.000000e+00	0.000000e+00	3.963003e-16	6.120556e-14	0.000000e+00	0.000000e+00	0.000000e+00	0.000000e+00	0.000000e+00	0.000000e+00	0.000000e+00	0.000000e+00	0.000000e+00	0.000000e+00
1.057974e+05	4.477383e-14	4.401154e-16	0.000000e+00	0.000000e+00	3.192353e-16	6.635954e-14	0.000000e+00	0.000000e+00	0.000000e+00	0.000000e+00	0.000000e+00	0.000000e+00	0.000000e+00	0.000000e+00	0.000000e+00	0.000000e+00
1.058114e+05	4.340135e-14	5.957390e-16	0.000000e+00	0.000000e+00	4.360118e-16	5.820373e-14	0.000000e+00	0.000000e+00	0.000000e+00	0.000000e+00	0.000000e+00	0.000000e+00	0.000000e+00	0.000000e+00	0.000000e+00	0.000000e+00
1.058206e+05	4.458905e-14	6.574476e-16	0.000000e+00	0.000000e+00	4.839296e-16	5.937169e-14	0.000000e+00	0.000000e+00	0.000000e+00	0.000000e+00	0.000000e+00	0.000000e+00	0.000000e+00	0.000000e+00	0.000000e+00	0.000000e+00
1.058253e+05	4.606401e-14	5.418914e-16	0.000000e+00	0.000000e+00	3.999804e-16	6.385504e-14	0.000000e+00	0.000000e+00	0.000000e+00	0.000000e+00	0.000000e+00	0.000000e+00	0.000000e+00	0.000000e+00	0.000000e+00	0.000000e+00
1.058345e+05	4.300876e-14	5.418545e-16	0.000000e+00	0.000000e+00	4.021197e-16	6.215177e-14	0.000000e+00	0.000000e+00	0.000000e+00	0.000000e+00	0.000000e+00	0.000000e+00	0.000000e+00	0.000000e+00	0.000000e+00	0.000000e+00
1.058392e+05	4.631660e-14	6.487231e-16	0.000000e+00	0.000000e+00	4.826961e-16	5.835830e-14	0.000000e+00	0.000000e+00	0.000000e+00	0.000000e+00	0.000000e+00	0.000000e+00	0.000000e+00	0.000000e+00	0.000000e+00	0.000000e+00
1.058484e+05	4.446606e-14	6.528005e-16	0.000000e+00	0.000000e+00	4.882236e-16	6.244667e-14	0.000000e+00	0.000000e+00	0.000000e+00	0.000000e+00	0.000000e+00	0.000000e+00	0.000000e+00	0.000000e+00	0.000000e+00	0.000000e+00
1.058531e+05	4.928833e-14	5.402070e-16	0.000000e+00	0.000000e+00	4.050247e-16	5.163490e-14	0.000000e+00	0.000000e+00	0.000000e+00	0.000000e+00	0.000000e+00	0.000000e+00	0.000000e+00	0.000000e+00	0.000000e+00	0.000000e+00
1.058670e+05	4.609098e-14	6.739524e-16	0.000000e+00	0.000000e+00	5.089678e-16	5.844954e-14	0.000000e+00	0.000000e+00	0.000000e+00	0.000000e+00	0.000000e+00	0.000000e+00	0.000000e+00	0.000000e+00	0.000000e+00	0.000000e+00
1.058809e+05	4.668998e-14	6.581950e-16	0.000000e+00	0.000000e+00	5.004961e-16	5.834581e-14	0.000000e+00	0.000000e+00	0.000000e+00	0.000000e+00	0.000000e+00	0.000000e+00	0.000000e+00	0.000000e+00	0.000000e+00	0.000000e+00
1.058948e+05	4.681617e-14	6.547155e-16	0.000000e+00	0.000000e+00	5.011183e-16	5.600198e-14	0.000000e+00	0.000000e+00	0.000000e+00	0.000000e+00	0.000000e+00	0.000000e+00	0.000000e+00	0.000000e+00	0.000000e+00	0.000000e+00
1.058995e+05	4.451694e-14	6.069555e-16	0.000000e+00	0.000000e+00	4.655448e-16	5.970635e-14	0.000000e+00	0.000000e+00	0.000000e+00	0.000000e+00	0.000000e+00	0.000000e+00	0.000000e+00	0.000000e+00	0.000000e+00	0.000000e+00
1.059087e+05	4.512329e-14	6.675249e-16	0.000000e+00	0.000000e+00	5.141185e-16	5.441318e-14	0.000000e+00	0.000000e+00	0.000000e+00	0.000000e+00	0.000000e+00	0.000000e+00	0.000000e+00	0.000000e+00	0.000000e+00	0.000000e+00
1.059134e+05	4.726611e-14	6.918133e-16	0.000000e+00	0.000000e+00	5.338993e-16	5.896353e-14	0.000000e+00	0.000000e+00	0.000000e+00	0.000000e+00	0.000000e+00	0.000000e+00	0.000000e+00	0.000000e+00	0.000000e+00	0.000000e+00
1.059273e+05	4.731338e-14	6.533858e-16	0.000000e+00	0.000000e+00	5.072064e-16	5.786777e-14	0.000000e+00	0.000000e+00	0.000000e+00	0.000000e+00	0.000000e+00	0.000000e+00	0.000000e+00	0.000000e+00	0.000000e+00	0.000000e+00
1.059366e+05	4.577824e-14	6.943744e-16	0.000000e+00	0.000000e+00	5.410556e-16	5.570182e-14	0.000000e+00	0.000000e+00	0.000000e+00	0.000000e+00	0.000000e+00	0.000000e+00	0.000000e+00	0.000000e+00	0.000000e+00	0.000000e+00
1.059412e+05	4.548230e-14	6.426607e-16	2.607739e-20	0.000000e+00	5.016817e-16	5.493767e-14	5.082921e-20	0.000000e+00	1.609711e-22	4.019301e-22	5.243099e-14	0.000000e+00	0.000000e+00	0.000000e+00	0.000000e+00	0.000000e+00
1.059458e+05	4.559502e-14	8.281301e-16	3.284502e-20	0.000000e+00	6.476371e-16	5.543988e-14	9.709895e-20	0.000000e+00	4.133418e-22	1.562504e-21	5.544512e-14	0.000000e+00	0.000000e+00	0.000000e+00	0.000000e+00	0.000000e+00
1.059551e+05	4.690520e-14	6.811333e-16	9.625576e-20	0.000000e+00	5.345699e-16	5.534918e-14	2.681546e-19	0.000000e+00	2.422098e-21	8.597613e-21	5.497869e-14	0.000000e+00	0.000000e+00	0.000000e+00	0.000000e+00	0.000000e+00
1.059597e+05	4.586504e-14	8.022226e-16	1.827275e-19	0.000000e+00	6.306962e-16	5.678021e-14	2.616419e-19	0.000000e+00	5.725403e-21	1.042759e-20	5.576934e-14	0.000000e+00	0.000000e+00	0.000000e+00	0.000000e+00	0.000000e+00
1.059690e+05	4.642751e-14	6.738569e-16	3.038300e-19	0.000000e+00	5.315778e-16	5.528467e-14	7.763484e-19	0.000000e+00	1.319878e-20	4.275242e-20	5.937921e-14	0.000000e+00	0.000000e+00	0.000000e+00	0.000000e+00	0.000000e+00
1.059783e+05	4.541171e-14	7.354167e-16	5.764064e-19	0.000000e+00	5.820568e-16	5.723775e-14	6.869648e-19	0.000000e+00	3.184686e-20	4.795572e-20	5.650733e-14	0.000000e+00	0.000000e+00	0.000000e+00	0.000000e+00	0.000000e+00
1.059876e+05	4.638259e-14	7.908288e-16	5.277184e-19	0.000000e+00	6.279247e-16	5.731965e-14	9.688527e-19	0.000000e+00	3.523684e-20	8.147555e-20	6.045647e-14	0.000000e+00	0.000000e+00	0.000000e+00	0.000000e+00	0.000000e+00
1.059922e+05	4.500134e-14	6.777482e-16	7.260869e-19	0.000000e+00	5.389839e-16	5.489099e-14	1.335342e-18	0.000000e+00	5.258900e-20	1.216162e-19	4.562154e-14	0.000000e+00	0.000000e+00	0.000000e+00	0.000000e+00	0.000000e+00
1.059968e+05	4.795469e-14	6.895096e-16	3.590050e-19	0.000000e+00	5.491877e-16	5.681130e-14	1.967600e-18	0.000000e+00	2.800804e-20	1.927253e-19	6.618357e-14	0.000000e+00	0.000000e+00	0.000000e+00	0.000000e+00	0.000000e+00
1.060061e+05	4.475388e-14	6.355328e-16	7.739913e-19	0.000000e+00	5.077354e-16	5.559741e-14	2.716281e-18	0.000000e+00	6.887884e-20	3.025694e-19	6.015773e-14	0.000000e+00	0.000000e+00	0.000000e+00	0.000000e+00	0.000000e+00
1.060107e+05	4.722332e-14	7.968870e-16	1.126884e-18	0.000000e+00	6.375916e-16	5.773635e-14	2.515887e-18	0.000000e+00	1.063580e-19	2.967809e-19	6.077452e-14	0.000000e+00	0.000000e+00	0.000000e+00	0.000000e+00	0.000000e+00
1.060154e+05	4.510298e-14	7.791259e-16	7.888203e-19	0.000000e+00	6.242970e-16	5.466899e-14	2.543636e-18	0.000000e+00	7.865288e-20	3.165249e-19	6.442774e-14	0.000000e+00	0.000000e+00	0.000000e+00	0.000000e+00	0.000000e+00
1.060247e+05	4.573164e-14	7.673152e-16	6.298292e-19	0.000000e+00	6.166064e-16	5.607416e-14	4.007333e-18	0.000000e+00	6.939331e-20	5.494347e-19	5.756107e-14	0.000000e+00	0.000000e+00	0.000000e+00	0.000000e+00	0.000000e+00
1.060293e+05	4.622770e-14	7.419825e-16	9.556159e-19	0.000000e+00	5.970916e-16	5.829691e-14	3.135402e-18	0.000000e+00	1.102030e-19	4.493204e-19	5.332733e-14	0.000000e+00	0.000000e+00	0.000000e+00	0.000000e+00	0.000000e+00
1.060339e+05	4.289533e-14	6.790086e-16	1.042259e-18	0.000000e+00	5.471771e-16	5.494517e-14	2.745949e-18	0.000000e+00	1.254941e-19	4.102866e-19	4.921325e-14	0.000000e+00	0.000000e+00	0.000000e+00	0.000000e+00	0.000000e+00
1.060432e+05	4.563735e-14	7.188663e-16	9.392265e-19	0.000000e+00	5.808823e-16	5.518351e-14	3.673598e-18	0.000000e+00	1.224763e-19	5.928342e-19	5.566112e-14	0.000000e+00	0.000000e+00	0.000000e+00	0.000000e+00	0.000000e+00
1.060478e+05	4.544894e-14	6.400583e-16	7.951960e-19	0.000000e+00	5.178954e-16	5.717587e-14	4.700977e-18	0.000000e+00	1.076013e-19	7.861567e-19	5.819811e-14	0.000000e+00	0.000000e+00	0.000000e+00	0.000000e+00	0.000000e+00
1.060525e+05	4.181648e-14	7.023384e-16	9.507235e-19	0.000000e+00	5.690416e-16	5.705787e-14	5.227567e-18	0.000000e+00	1.332648e-19	9.044056e-19	6.088865e-14	0.000000e+00	0.000000e+00	0.000000e+00	0.000000e+00	0.000000e+00
1.060618e+05	4.576686e-14	8.034616e-16	1.162276e-18	0.000000e+00	6.526670e-16	5.695969e-14	4.092843e-18	0.000000e+00	1.740225e-19	7.543880e-19	6.102429e-14	0.000000e+00	0.000000e+00	0.000000e+00	0.000000e+00	0.000000e+00
1.060664e+05	4.451067e-14	7.411257e-16	1.269061e-18	0.000000e+00	6.027988e-16	5.608991e-14	5.022009e-18	0.000000e+00	1.959725e-19	9.534759e-19	6.150478e-14	0.000000e+00	0.000000e+00	0.000000e+00	0.000000e+00	0.000000e+00
1.060710e+05	4.387823e-14	7.377628e-16	8.965994e-19	0.000000e+00	6.008202e-16	5.365804e-14	3.890800e-18	0.000000e+00	1.426214e-19	7.599720e-19	6.005659e-14	0.000000e+00	0.000000e+00	0.000000e+00	0.000000e+00	0.000000e+00
1.060803e+05	4.377367e-14	6.994525e-16	1.061863e-18	0.000000e+00	5.710322e-16	5.749761e-14	3.640919e-18	0.000000e+00	1.786158e-19	7.501707e-19	5.779620e-14	0.000000e+00	0.000000e+00	0.000000e+00	0.000000e+00	0.000000e+00
1.060896e+05	4.427867e-14	7.579752e-16	1.309340e-18	0.000000e+00	6.203065e-16	5.809745e-14	5.099250e-18	0.000000e+00	2.319547e-19	1.103839e-18	7.143084e-14	0.000000e+00	0.000000e+00	0.000000e+00	0.000000e+00	0.000000e+00
1.060988e+05	4.534598e-14	6.779898e-16	1.206733e-18	0.000000e+00	5.561586e-16	5.089946e-14	4.604884e-18	0.000000e+00	2.243407e-19	1.043615e-18	6.346230e-14	0.000000e+00	0.000000e+00	0.000000e+00	0.000000e+00	0.000000e+00
1.061081e+05	4.269549e-14	7.598336e-16	1.270054e-18	0.000000e+00	6.247327e-16	5.493135e-14	4.880518e-18	0.000000e+00	2.469962e-19	1.154405e-18	6.348498e-14	0.000000e+00	0.000000e+00	0.000000e+00	0.000000e+00	0.000000e+00
1.061128e+05	4.437007e-14	7.532270e-16	1.260971e-18	0.000000e+00	6.200020e-16	5.175640e-14	3.955521e-18	0.000000e+00	2.505479e-19	9.548210e-19	6.303328e-14	0.000000e+00	0.000000e+00	0.000000e+00	0.000000e+00	0.000000e+00
1.061220e+05	4.475116e-14	6.781985e-16	7.832443e-19	0.000000e+00	5.594870e-16	5.636784e-14	3.259934e-18	0.000000e+00	1.621300e-19	8.179783e-19	6.807394e-14	0.000000e+00	0.000000e+00	0.000000e+00	0.000000e+00	0.000000e+00
1.061267e+05	4.570177e-14	7.121518e-16	1.524447e-18	0.000000e+00	5.881396e-16	5.549636e-14	5.292732e-18	0.000000e+00	3.217889e-19	1.352791e-18	5.671685e-14	0.000000e+00	0.000000e+00	0.000000e+00	0.000000e+00	0.000000e+00
1.061313e+05	4.401934e-14	7.410596e-16	1.212270e-18	0.000000e+00	6.126753e-16	5.416597e-14	5.106332e-18	0.000000e+00	2.607973e-19	1.328726e-18	6.428796e-14	0.000000e+00	0.000000e+00	0.000000e+00	0.000000e+00	0.000000e+00
1.061406e+05	4.695274e-14	7.260037e-16	1.463505e-18	0.000000e+00	6.015047e-16	5.620660e-14	6.244760e-18	0.000000e+00	3.265074e-19	1.681567e-18	6.589573e-14	0.000000e+00	0.000000e+00	0.000000e+00	0.000000e+00	0.000000e+00
1.061499e+05	4.644623e-14	6.534165e-16	1.553432e-18	0.000000e+00	5.424913e-16	5.529390e-14	7.186577e-18	0.000000e+00	3.586994e-19	1.998746e-18	6.109993e-14	0.000000e+00	0.000000e+00	0.000000e+00	0.000000e+00	0.000000e+00
1.061545e+05	4.524004e-14	7.351977e-16	1.951899e-18	0.000000e+00	6.110132e-16	5.654737e-14	8.110223e-18	0.000000e+00	4.582144e-19	2.290855e-18	6.378466e-14	0.000000e+00	0.000000e+00	0.000000e+00	0.000000e+00	0.000000e+00
1.061638e+05	4.334819e-14	5.772788e-16	1.262443e-18	0.000000e+00	4.807343e-16	5.243005e-14	5.763428e-18	0.000000e+00	3.059276e-19	1.677136e-18	6.353247e-14	0.000000e+00	0.000000e+00	0.000000e+00	0.000000e+00	0.000000e+00
1.061730e+05	4.663691e-14	7.543248e-16	1.773084e-18	0.000000e+00	6.294078e-16	5.138801e-14	6.084086e-18	0.000000e+00	4.428418e-19	1.821130e-18	6.286431e-14	0.000000e+00	0.000000e+00	0.000000e+00	0.000000e+00	0.000000e+00
1.061823e+05	4.332925e-14	5.755579e-16	2.273763e-18	0.000000e+00	4.811703e-16	5.544303e-14	9.758264e-18	0.000000e+00	5.844523e-19	3.000313e-18	6.326268e-14	0.000000e+00	0.000000e+00	0.000000e+00	0.000000e+00	0.000000e+00
1.061916e+05	4.530519e-14	5.851509e-16	1.681875e-18	0.000000e+00	4.901128e-16	5.070245e-14	8.855107e-18	0.000000e+00	4.443273e-19	2.793026e-18	6.813261e-14	0.000000e+00	0.000000e+00	0.000000e+00	0.000000e+00	0.000000e+00
1.061962e+05	4.531313e-14	6.364860e-16	2.154451e-18	0.000000e+00	5.336048e-16	5.368709e-14	1.271281e-17	0.000000e+00	5.767600e-19	4.059467e-18	6.191531e-14	0.000000e+00	0.000000e+00	0.000000e+00	0.000000e+00	0.000000e+00
1.062055e+05	4.213106e-14	7.032784e-16	1.523648e-18	0.000000e+00	5.906785e-16	5.218551e-14	7.693949e-18	0.000000e+00	4.184659e-19	2.515944e-18	6.316907e-14	0.000000e+00	0.000000e+00	0.000000e+00	0.000000e+00	0.000000e+00
1.062148e+05	4.759986e-14	6.289214e-16	1.172734e-18	0.000000e+00	5.291721e-16	5.179370e-14	7.458691e-18	0.000000e+00	3.300758e-19	2.495032e-18	6.213380e-14	0.000000e+00	0.000000e+00	0.000000e+00	0.000000e+00	0.000000e+00
1.062194e+05	4.438155e-14	7.330467e-16	1.295685e-18	0.000000e+00	6.173260e-16	5.351319e-14	6.161645e-18	0.000000e+00	3.690318e-19	2.083906e-18	6.712013e-14	0.000000e+00	0.000000e+00	0.000000e+00	0.000000e+00	0.000000e+00
1.062287e+05	4.525875e-14	6.492046e-16	2.811609e-18	0.000000e+00	5.476683e-16	5.258567e-14	1.061408e-17	0.000000e+00	8.194098e-19	3.666844e-18	6.649299e-14	0.000000e+00	0.000000e+00	0.000000e+00	0.000000e+00	0.000000e+00
1.062380e+05	4.331787e-14	5.956953e-16	2.388991e-18	0.000000e+00	5.033827e-16	5.152775e-14	9.129855e-18	0.000000e+00	7.117728e-19	3.218967e-18	6.147480e-14	0.000000e+00	0.000000e+00	0.000000e+00	0.000000e+00	0.000000e+00
1.062426e+05	4.751680e-14	6.080682e-16	1.882685e-18	0.000000e+00	5.142685e-16	5.440409e-14	1.126573e-17	0.000000e+00	5.669600e-19	4.011405e-18	6.445102e-14	0.000000e+00	0.000000e+00	0.000000e+00	0.000000e+00	0.000000e+00
1.062519e+05	4.488198e-14	6.527347e-16	1.678782e-18	0.000000e+00	5.529561e-16	5.294721e-14	8.663821e-18	0.000000e+00	5.161733e-19	3.144537e-18	6.681116e-14	0.000000e+00	0.000000e+00	0.000000e+00	0.000000e+00	0.000000e+00
1.062611e+05	4.791735e-14	5.588923e-16	1.576770e-18	0.000000e+00	4.742249e-16	5.435432e-14	5.043954e-18	0.000000e+00	4.946011e-19	1.864669e-18	7.026856e-14	0.000000e+00	0.000000e+00	0.000000e+00	0.000000e+00	0.000000e+00
1.062658e+05	4.756552e-14	6.928373e-16	1.420642e-18	0.000000e+00	5.883469e-16	5.265015e-14	5.609679e-18	0.000000e+00	4.499796e-19	2.092396e-18	6.402044e-14	0.000000e+00	0.000000e+00	0.000000e+00	0.000000e+00	0.000000e+00
1.062751e+05	4.624831e-14	6.497570e-16	1.792767e-18	0.000000e+00	5.526309e-16	5.461004e-14	9.619315e-18	0.000000e+00	5.786878e-19	3.650736e-18	6.612875e-14	0.000000e+00	0.000000e+00	0.000000e+00	0.000000e+00	0.000000e+00
1.062843e+05	4.656617e-14	5.096821e-16	1.907828e-18	0.000000e+00	4.341628e-16	5.228990e-14	1.163341e-17	0.000000e+00	6.271617e-19	4.489460e-18	6.429767e-14	0.000000e+00	0.000000e+00	0.000000e+00	0.000000e+00	0.000000e+00
1.062890e+05	4.506405e-14	5.623830e-16	1.998796e-18	0.000000e+00	4.794189e-16	5.331825e-14	9.854792e-18	0.000000e+00	6.629247e-19	3.834072e-18	6.434937e-14	0.000000e+00	0.000000e+00	0.000000e+00	0.000000e+00	0.000000e+00
1.063029e+05	4.562426e-14	6.150788e-16	1.345899e-18	0.000000e+00	5.255143e-16	5.160766e-14	6.907034e-18	0.000000e+00	4.580152e-19	2.751094e-18	6.263058e-14	0.000000e+00	0.000000e+00	0.000000e+00	0.000000e+00	0.000000e+00
1.063121e+05	4.702752e-14	7.160777e-16	1.395607e-18	0.000000e+00	6.126975e-16	5.461599e-14	8.278566e-18	0.000000e+00	4.828002e-19	3.347137e-18	6.655533e-14	0.000000e+00	0.000000e+00	0.000000e+00	0.000000e+00	0.000000e+00
1.063261e+05	4.664042e-14	5.827880e-16	1.390447e-18	0.000000e+00	4.997158e-16	5.467639e-14	7.484540e-18	0.000000e+00	4.925270e-19	3.091919e-18	6.423010e-14	0.000000e+00	0.000000e+00	0.000000e+00	0.000000e+00	0.000000e+00
1.063353e+05	4.596631e-14	5.664383e-16	3.524145e-18	0.000000e+00	4.863723e-16	5.598424e-14	1.009682e-17	0.000000e+00	1.267374e-18	4.228824e-18	6.122220e-14	0.000000e+00	0.000000e+00	0.000000e+00	0.000000e+00	0.000000e+00
1.063400e+05	4.484468e-14	7.103489e-16	1.817643e-18	0.000000e+00	6.103595e-16	5.208724e-14	1.164790e-17	0.000000e+00	6.585214e-19	4.911283e-18	6.650269e-14	0.000000e+00	0.000000e+00	0.000000e+00	0.000000e+00	0.000000e+00
1.063539e+05	4.438051e-14	5.975879e-16	2.079903e-18	0.000000e+00	5.145094e-16	5.497088e-14	9.016520e-18	0.000000e+00	7.699118e-19	3.876549e-18	6.740921e-14	0.000000e+00	0.000000e+00	0.000000e+00	0.000000e+00	0.000000e+00
1.063632e+05	4.487601e-14	5.411903e-16	1.778847e-18	0.000000e+00	4.665665e-16	5.061535e-14	7.836153e-18	0.000000e+00	6.676167e-19	3.411363e-18	7.033605e-14	0.000000e+00	0.000000e+00	0.000000e+00	0.000000e+00	0.000000e+00
1.063771e+05	4.433828e-14	6.455369e-16	1.866030e-18	0.000000e+00	5.576017e-16	5.058306e-14	1.029102e-17	0.000000e+00	7.144383e-19	4.561437e-18	6.149549e-14	0.000000e+00	0.000000e+00	0.000000e+00	0.000000e+00	0.000000e+00
1.063863e+05	4.700399e-14	6.391509e-16	2.145396e-18	0.000000e+00	5.527822e-16	5.469327e-14	9.495426e-18	0.000000e+00	8.319899e-19	4.257694e-18	6.185716e-14	0.000000e+00	0.000000e+00	0.000000e+00	0.000000e+00	0.000000e+00
1.063910e+05	4.488304e-14	6.018169e-16	2.224219e-18	0.000000e+00	5.208171e-16	5.340698e-14	1.236161e-17	0.000000e+00	8.679824e-19	5.574267e-18	6.578405e-14	0.000000e+00	0.000000e+00	0.000000e+00	0.000000e+00	0.000000e+00
1.064049e+05	4.707364e-14	5.875226e-16	2.564270e-18	0.000000e+00	5.093807e-16	5.314275e-14	9.988717e-18	0.000000e+00	1.019152e-18	4.578962e-18	6.455757e-14	0.000000e+00	0.000000e+00	0.000000e+00	0.000000e+00	0.000000e+00
1.064142e+05	4.484777e-14	7.205640e-16	2.017776e-18	0.000000e+00	6.254759e-16	5.243565e-14	1.024065e-17	0.000000e+00	8.114504e-19	4.744369e-18	6.374968e-14	0.000000e+00	0.000000e+00	0.000000e+00	0.000000e+00	0.000000e+00
1.064188e+05	4.674956e-14	6.917910e-16	2.047838e-18	0.000000e+00	6.008552e-16	5.383271e-14	1.034215e-17	0.000000e+00	8.283034e-19	4.816262e-18	6.344394e-14	0.000000e+00	0.000000e+00	0.000000e+00	0.000000e+00	0.000000e+00
1.064327e+05	4.657038e-14	7.380362e-16	2.039528e-18	0.000000e+00	6.421408e-16	5.291057e-14	1.131546e-17	0.000000e+00	8.389569e-19	5.349700e-18	6.203942e-14	0.000000e+00	0.000000e+00	0.000000e+00	0.000000e+00	0.000000e+00
1.064420e+05	4.765402e-14	7.391280e-16	2.043350e-18	0.000000e+00	6.438239e-16	5.127197e-14	9.235742e-18	0.000000e+00	8.497107e-19	4.409128e-18	6.549381e-14	0.000000e+00	0.000000e+00	0.000000e+00	0.000000e+00	0.000000e+00
1.064466e+05	4.744785e-14	7.193175e-16	2.124863e-18	0.000000e+00	6.269204e-16	5.222547e-14	1.044200e-17	0.000000e+00	8.883268e-19	5.008802e-18	6.837387e-14	0.000000e+00	0.000000e+00	0.000000e+00	0.000000e+00	0.000000e+00
1.064605e+05	4.580341e-14	8.228515e-16	2.321435e-18	0.000000e+00	7.183474e-16	5.151544e-14	1.098715e-17	0.000000e+00	9.857424e-19	5.344151e-18	6.710994e-14	0.000000e+00	0.000000e+00	0.000000e+00	0.000000e+00	0.000000e+00
1.064698e+05	4.647665e-14	8.234128e-16	4.079101e-18	0.000000e+00	7.196178e-16	5.262860e-14	1.181761e-17	0.000000e+00	1.749609e-18	5.799919e-18	6.582613e-14	0.000000e+00	0.000000e+00	0.000000e+00	0.000000e+00	0.000000e+00
1.064744e+05	4.724455e-14	7.715690e-16	2.125721e-18	0.000000e+00	6.746708e-16	5.157844e-14	9.638249e-18	0.000000e+00	9.162773e-19	4.751184e-18	7.080260e-14	0.000000e+00	0.000000e+00	0.000000e+00	0.000000e+00	0.000000e+00
1.064884e+05	4.446945e-14	8.153928e-16	5.275974e-18	0.000000e+00	7.141203e-16	4.885545e-14	1.072390e-17	0.000000e+00	2.307281e-18	5.354834e-18	7.163693e-14	0.000000e+00	0.000000e+00	0.000000e+00	0.000000e+00	0.000000e+00
1.065023e+05	4.645151e-14	9.063638e-16	2.062807e-18	0.000000e+00	7.950207e-16	5.080231e-14	9.145423e-18	0.000000e+00	9.147656e-19	4.623589e-18	7.264599e-14	0.000000e+00	0.000000e+00	0.000000e+00	0.000000e+00	0.000000e+00
1.065208e+05	4.568018e-14	9.305878e-16	9.967063e-18	0.000000e+00	8.179079e-16	5.043543e-14	1.138122e-17	0.000000e+00	4.499490e-18	5.845719e-18	6.395395e-14	0.000000e+00	0.000000e+00	0.000000e+00	0.000000e+00	0.000000e+00
1.065301e+05	4.492030e-14	8.908864e-16	3.024230e-18	0.000000e+00	7.837815e-16	4.984563e-14	9.105058e-18	0.000000e+00	1.377054e-18	4.712443e-18	6.485168e-14	0.000000e+00	0.000000e+00	0.000000e+00	0.000000e+00	0.000000e+00
1.065347e+05	4.499795e-14	8.237020e-16	2.159264e-18	0.000000e+00	7.250254e-16	4.943454e-14	9.484617e-18	0.000000e+00	9.873704e-19	4.927323e-18	6.283182e-14	0.000000e+00	0.000000e+00	0.000000e+00	0.000000e+00	0.000000e+00
1.065486e+05	4.324319e-14	1.007927e-15	2.212381e-18	0.000000e+00	8.884522e-16	4.982396e-14	9.620744e-18	0.000000e+00	1.024298e-18	5.053246e-18	6.611831e-14	0.000000e+00	0.000000e+00	0.000000e+00	0.000000e+00	0.000000e+00
1.065625e+05	4.643243e-14	1.005038e-15	2.762661e-18	0.000000e+00	8.871459e-16	5.133520e-14	1.010435e-17	0.000000e+00	1.294524e-18	5.363865e-18	6.428762e-14	0.000000e+00	0.000000e+00	0.000000e+00	0.000000e+00	0.000000e+00
1.065811e+05	4.621221e-14	8.840734e-16	2.553481e-18	0.000000e+00	7.817915e-16	5.159012e-14	1.123445e-17	0.000000e+00	1.215095e-18	6.045424e-18	6.247363e-14	0.000000e+00	0.000000e+00	0.000000e+00	0.000000e+00	0.000000e+00
1.065904e+05	4.545274e-14	9.590058e-16	2.566221e-18	0.000000e+00	8.488095e-16	5.128443e-14	1.005207e-17	0.000000e+00	1.230307e-18	5.444852e-18	6.277302e-14	0.000000e+00	0.000000e+00	0.000000e+00	0.000000e+00	0.000000e+00
1.065950e+05	4.573047e-14	7.889074e-16	2.388280e-18	0.000000e+00	6.985639e-16	5.315212e-14	1.178545e-17	0.000000e+00	1.149213e-18	6.404442e-18	6.735053e-14	0.000000e+00	0.000000e+00	0.000000e+00	0.000000e+00	0.000000e+00
1.066089e+05	4.819016e-14	9.606540e-16	2.198709e-18	0.000000e+00	8.517500e-16	5.141042e-14	9.572317e-18	0.000000e+00	1.069477e-18	5.251408e-18	6.893955e-14	0.000000e+00	0.000000e+00	0.000000e+00	0.000000e+00	0.000000e+00
1.066228e+05	4.633287e-14	1.132383e-15	2.519720e-18	0.000000e+00	1.005290e-15	5.166822e-14	1.043004e-17	0.000000e+00	1.238519e-18	5.774815e-18	6.456429e-14	0.000000e+00	0.000000e+00	0.000000e+00	0.000000e+00	0.000000e+00
1.066275e+05	4.687261e-14	1.119353e-15	2.267033e-18	0.000000e+00	9.941385e-16	5.083776e-14	9.735169e-18	0.000000e+00	1.118132e-18	5.406284e-18	6.928141e-14	0.000000e+00	0.000000e+00	0.000000e+00	0.000000e+00	0.000000e+00
1.066414e+05	4.715950e-14	9.559943e-16	3.382006e-18	0.000000e+00	8.501058e-16	5.274762e-14	1.282936e-17	0.000000e+00	1.684911e-18	7.187702e-18	6.471190e-14	0.000000e+00	0.000000e+00	0.000000e+00	0.000000e+00	0.000000e+00
1.066553e+05	4.726936e-14	9.350003e-16	2.081286e-18	0.000000e+00	8.324459e-16	5.113389e-14	9.797238e-18	0.000000e+00	1.047067e-18	5.536075e-18	6.655878e-14	0.000000e+00	0.000000e+00	0.000000e+00	0.000000e+00	0.000000e+00
1.066599e+05	4.630512e-14	1.003142e-15	2.606669e-18	0.000000e+00	8.934700e-16	5.112555e-14	1.049449e-17	0.000000e+00	1.315571e-18	5.946651e-18	6.554157e-14	0.000000e+00	0.000000e+00	0.000000e+00	0.000000e+00	0.000000e+00
1.066738e+05	4.595820e-14	1.041752e-15	2.470694e-18	0.000000e+00	9.289536e-16	5.214261e-14	1.163221e-17	0.000000e+00	1.258712e-18	6.645694e-18	6.734470e-14	0.000000e+00	0.000000e+00	0.000000e+00	0.000000e+00	0.000000e+00
1.066877e+05	4.754651e-14	8.820236e-16	2.210674e-18	0.000000e+00	7.874297e-16	4.963794e-14	1.014340e-17	0.000000e+00	1.136572e-18	5.841496e-18	6.563443e-14	0.000000e+00	0.000000e+00	0.000000e+00	0.000000e+00	0.000000e+00
1.066924e+05	4.723168e-14	1.051174e-15	2.310350e-18	0.000000e+00	9.387957e-16	5.212904e-14	1.104168e-17	0.000000e+00	1.191370e-18	6.375400e-18	6.298870e-14	0.000000e+00	0.000000e+00	0.000000e+00	0.000000e+00	0.000000e+00
1.067109e+05	4.657455e-14	9.590928e-16	2.794539e-18	0.000000e+00	8.578407e-16	5.207162e-14	1.297295e-17	0.000000e+00	1.457969e-18	7.567120e-18	6.609123e-14	0.000000e+00	0.000000e+00	0.000000e+00	0.000000e+00	0.000000e+00
1.067248e+05	4.852263e-14	9.191001e-16	2.461067e-18	0.000000e+00	8.229712e-16	5.049163e-14	1.266398e-17	0.000000e+00	1.294922e-18	7.441641e-18	6.557302e-14	0.000000e+00	0.000000e+00	0.000000e+00	0.000000e+00	0.000000e+00
1.067295e+05	4.647752e-14	9.818308e-16	2.212618e-18	0.000000e+00	8.794579e-16	5.021464e-14	1.262757e-17	0.000000e+00	1.167433e-18	7.438184e-18	6.517665e-14	0.000000e+00	0.000000e+00	0.000000e+00	0.000000e+00	0.000000e+00
1.067434e+05	4.600761e-14	8.548928e-16	2.585227e-18	0.000000e+00	7.665732e-16	5.161981e-14	1.194476e-17	0.000000e+00	1.375235e-18	7.086206e-18	6.579803e-14	0.000000e+00	0.000000e+00	0.000000e+00	0.000000e+00	0.000000e+00
1.067573e+05	4.456886e-14	9.949103e-16	2.172625e-18	0.000000e+00	8.930598e-16	5.188055e-14	1.050602e-17	0.000000e+00	1.164992e-18	6.275957e-18	6.664012e-14	0.000000e+00	0.000000e+00	0.000000e+00	0.000000e+00	0.000000e+00
1.067619e+05	4.693766e-14	9.140925e-16	2.366493e-18	0.000000e+00	8.207981e-16	5.175376e-14	1.008577e-17	0.000000e+00	1.272262e-18	6.038575e-18	6.663135e-14	0.000000e+00	0.000000e+00	0.000000e+00	0.000000e+00	0.000000e+00
1.067805e+05	4.528151e-14	8.430712e-16	2.604044e-18	0.000000e+00	7.580528e-16	5.003290e-14	1.180006e-17	0.000000e+00	1.414351e-18	7.127837e-18	6.505133e-14	0.000000e+00	0.000000e+00	0.000000e+00	0.000000e+00	0.000000e+00
1.067944e+05	4.491118e-14	9.245744e-16	2.684366e-18	0.000000e+00	8.321645e-16	5.114367e-14	1.190500e-17	0.000000e+00	1.468861e-18	7.237711e-18	6.439370e-14	0.000000e+00	0.000000e+00	0.000000e+00	0.000000e+00	0.000000e+00
1.067990e+05	4.645292e-14	9.805930e-16	2.705992e-18	0.000000e+00	8.828732e-16	5.014573e-14	1.112948e-17	0.000000e+00	1.484310e-18	6.780525e-18	6.480289e-14	0.000000e+00	0.000000e+00	0.000000e+00	0.000000e+00	0.000000e+00
1.068176e+05	4.718191e-14	8.411248e-16	3.223821e-18	0.000000e+00	7.582811e-16	4.999170e-14	1.342996e-17	0.000000e+00	1.785326e-18	8.249952e-18	6.637192e-14	0.000000e+00	0.000000e+00	0.000000e+00	0.000000e+00	0.000000e+00
1.068315e+05	4.556312e-14	8.776649e-16	3.673498e-18	0.000000e+00	7.919718e-16	5.266158e-14	1.344475e-17	0.000000e+00	2.048566e-18	8.308865e-18	6.255186e-14	0.000000e+00	0.000000e+00	0.000000e+00	0.000000e+00	0.000000e+00
1.068361e+05	4.505948e-14	8.712847e-16	3.125359e-18	0.000000e+00	7.864597e-16	5.072358e-14	1.247451e-17	0.000000e+00	1.746874e-18	7.724473e-18	6.588388e-14	0.000000e+00	0.000000e+00	0.000000e+00	0.000000e+00	0.000000e+00
1.068547e+05	4.541460e-14	7.968460e-16	3.226113e-18	0.000000e+00	7.201521e-16	4.883119e-14	1.266323e-17	0.000000e+00	1.819405e-18	7.902132e-18	6.413553e-14	0.000000e+00	0.000000e+00	0.000000e+00	0.000000e+00	0.000000e+00
1.068686e+05	4.564341e-14	8.128299e-16	3.692268e-18	0.000000e+00	7.352606e-16	4.793117e-14	1.119898e-17	0.000000e+00	2.095942e-18	7.027857e-18	6.154945e-14	0.000000e+00	0.000000e+00	0.000000e+00	0.000000e+00	0.000000e+00
1.068732e+05	4.621067e-14	9.401911e-16	2.980243e-18	0.000000e+00	8.507204e-16	5.075936e-14	1.160585e-17	0.000000e+00	1.695385e-18	7.296643e-18	6.533327e-14	0.000000e+00	0.000000e+00	0.000000e+00	0.000000e+00	0.000000e+00
1.068918e+05	4.469307e-14	8.539156e-16	3.178383e-18	0.000000e+00	7.735604e-16	4.973771e-14	1.325882e-17	0.000000e+00	1.823370e-18	8.396423e-18	6.663519e-14	0.000000e+00	0.000000e+00	0.000000e+00	0.000000e+00	0.000000e+00
1.069057e+05	4.601692e-14	7.414860e-16	2.708738e-18	0.000000e+00	6.722889e-16	4.904187e-14	1.237382e-17	0.000000e+00	1.563515e-18	7.877451e-18	6.777550e-14	0.000000e+00	0.000000e+00	0.000000e+00	0.000000e+00	0.000000e+00
1.069103e+05	4.631175e-14	9.215547e-16	2.924797e-18	0.000000e+00	8.357901e-16	5.029202e-14	1.325205e-17	0.000000e+00	1.691633e-18	8.451180e-18	6.578936e-14	0.000000e+00	0.000000e+00	0.000000e+00	0.000000e+00	0.000000e+00
1.069196e+05	4.590843e-14	7.167342e-16	2.893833e-18	6.758057e-17	6.503968e-16	4.980346e-14	1.077645e-17	2.835607e-17	1.680410e-18	6.895999e-18	6.393520e-14	4.414093e-17	2.090225e-23	5.983078e-24	2.883464e-22	3.130621e-14
1.069289e+05	4.547931e-14	7.311343e-16	3.192240e-18	3.983819e-19	6.638329e-16	4.898868e-14	1.325716e-17	1.768548e-18	1.860986e-18	8.512094e-18	7.087947e-14	1.806266e-18	2.347762e-21	1.147915e-20	1.825949e-20	3.967900e-14
1.069428e+05	4.349040e-14	7.023437e-16	4.146726e-18	1.226066e-18	6.382167e-16	4.825019e-14	1.196401e-17	1.447731e-18	2.431446e-18	7.720006e-18	6.932489e-14	5.446223e-18	1.710800e-20	2.223078e-20	1.296049e-19	4.083277e-14
1.069521e+05	4.509790e-14	7.821880e-16	2.983668e-18	3.643091e-18	7.111548e-16	5.040217e-14	1.244910e-17	4.660135e-18	1.756118e-18	8.059130e-18	6.475517e-14	8.021418e-18	7.014734e-20	9.869307e-20	2.624152e-19	4.322619e-14
1.069567e+05	4.612097e-14	7.639541e-16	2.988986e-18	4.418023e-18	6.947628e-16	4.811418e-14	1.319393e-17	6.358312e-18	1.762545e-18	8.555025e-18	7.003750e-14	4.292972e-18	9.668506e-20	1.530044e-19	1.593210e-19	5.059928e-14
1.069706e+05	4.416230e-14	7.008512e-16	2.567411e-18	5.639715e-18	6.378815e-16	4.953453e-14	1.285165e-17	4.234303e-18	1.522356e-18	8.372701e-18	6.844220e-14	8.616862e-18	1.674339e-19	1.381191e-19	4.314340e-19	5.909691e-14
1.069845e+05	4.522372e-14	7.163265e-16	2.992850e-18	2.049164e-18	6.524759e-16	4.873263e-14	1.198222e-17	2.765327e-18	1.784264e-18	7.842563e-18	6.724169e-14	6.651611e-18	7.657503e-20	1.134498e-19	4.169299e-19	5.357218e-14
1.069984e+05	4.570700e-14	6.535252e-16	3.609681e-18	3.556409e-18	5.957299e-16	4.887920e-14	1.292641e-17	6.249083e-18	2.163452e-18	8.499027e-18	6.660414e-14	1.104826e-17	1.597854e-19	3.080027e-19	8.282104e-19	5.013791e-14
1.070077e+05	4.349028e-14	7.606975e-16	8.919628e-18	2.247329e-17	6.937747e-16	5.038579e-14	1.497878e-17	8.101094e-18	5.364567e-18	9.877749e-18	6.510838e-14	8.945196e-18	1.121488e-18	4.432670e-19	7.422157e-19	5.635195e-14
1.070262e+05	4.594477e-14	7.072556e-16	3.224241e-18	2.985373e-18	6.456758e-16	4.992741e-14	1.447759e-17	1.839747e-18	1.952416e-18	9.602915e-18	6.302591e-14	6.239147e-18	1.782208e-19	1.203039e-19	6.150920e-19	5.622403e-14
1.070402e+05	4.580609e-14	7.256136e-16	6.805959e-18	3.184082e-18	6.629202e-16	4.979714e-14	1.234819e-17	2.293377e-18	4.141898e-18	8.225407e-18	6.488550e-14	7.901548e-18	2.130552e-19	1.679683e-19	8.687802e-19	6.083273e-14
1.070494e+05	4.421011e-14	5.838775e-16	3.834823e-18	2.713485e-18	5.336869e-16	4.836764e-14	1.492623e-17	3.551893e-18	2.341395e-18	9.970445e-18	6.805896e-14	7.203603e-18	1.944514e-19	2.784702e-19	8.454814e-19	5.522836e-14
1.070680e+05	4.190122e-14	6.333803e-16	1.215284e-17	3.008886e-18	5.794830e-16	5.148312e-14	1.586318e-17	2.197453e-18	7.467738e-18	1.065431e-17	6.606510e-14	6.982258e-18	2.437639e-19	1.945840e-19	9.205515e-19	5.741407e-14
1.070819e+05	4.565512e-14	6.761499e-16	5.798219e-18	2.813990e-18	6.190446e-16	4.931049e-14	1.618613e-17	1.718016e-18	3.579684e-18	1.091476e-17	6.794869e-14	6.300563e-18	2.473696e-19	1.649575e-19	8.971250e-19	6.230189e-14
1.070958e+05	4.461934e-14	5.728358e-16	8.765743e-18	3.817666e-18	5.248162e-16	5.156452e-14	1.503594e-17	2.747627e-18	5.436732e-18	1.017894e-17	6.776790e-14	9.438877e-18	3.615208e-19	2.839985e-19	1.441141e-18	5.618599e-14
1.071097e+05	4.470529e-14	5.888002e-16	3.813153e-18	3.480850e-18	5.398071e-16	5.189330e-14	1.410198e-17	3.518690e-18	2.375713e-18	9.583390e-18	6.668510e-14	7.870929e-18	3.529103e-19	3.891254e-19	1.280842e-18	6.373627e-14
1.071236e+05	4.478226e-14	6.692603e-16	4.616742e-18	3.277433e-18	6.139807e-16	4.901093e-14	1.385496e-17	2.286799e-18	2.889139e-18	9.451019e-18	6.807358e-14	1.482411e-17	3.538892e-19	2.691546e-19	2.557816e-18	5.795568e-14
1.071375e+05	4.345192e-14	6.933456e-16	5.401992e-18	3.343208e-18	6.364936e-16	5.007254e-14	1.741484e-17	1.878660e-18	3.395265e-18	1.192326e-17	6.757269e-14	2.936574e-17	3.827066e-19	2.342645e-19	5.348399e-18	6.012027e-14
1.071561e+05	4.343996e-14	6.191612e-16	1.073080e-17	5.110104e-18	5.688802e-16	5.196570e-14	1.607688e-17	2.231896e-18	6.782862e-18	1.106027e-17	6.802701e-14	2.528128e-17	6.284792e-19	2.987569e-19	4.919029e-18	6.023120e-14
1.071700e+05	4.456708e-14	5.397036e-16	4.707572e-18	3.118441e-18	4.961890e-16	5.123376e-14	1.467610e-17	2.493885e-18	2.988023e-18	1.013225e-17	6.726244e-14	5.894805e-17	4.031111e-19	3.506483e-19	1.200521e-17	6.242260e-14
1.071839e+05	4.384462e-14	5.820841e-16	3.907420e-18	3.071877e-18	5.354862e-16	4.924836e-14	1.214066e-17	2.052930e-18	2.490291e-18	8.410848e-18	6.574464e-14	3.593029e-17	4.161070e-19	3.022824e-19	7.636632e-18	6.122751e-14
1.071978e+05	4.513876e-14	5.889751e-16	3.697146e-18	4.885115e-18	5.421583e-16	5.116420e-14	1.439917e-17	2.145732e-18	2.365744e-18	1.000943e-17	6.870375e-14	8.272403e-17	6.915348e-19	3.299784e-19	1.830079e-17	6.338033e-14
1.072164e+05	4.455073e-14	5.197745e-16	3.615288e-18	2.926382e-18	4.788436e-16	5.104953e-14	1.571892e-17	3.541988e-18	2.325503e-18	1.097534e-17	6.650184e-14	8.216485e-17	4.376805e-19	5.750353e-19	1.910461e-17	5.759658e-14
1.072256e+05	4.592738e-14	5.695729e-16	4.623118e-18	1.078342e-17	5.249287e-16	4.598942e-14	1.476810e-17	4.536914e-18	2.981435e-18	1.033390e-17	6.569080e-14	1.245021e-16	1.655364e-18	7.556945e-19	2.963623e-17	5.634412e-14
1.072442e+05	4.440051e-14	5.830944e-16	4.496696e-18	5.712486e-18	5.378106e-16	4.999932e-14	1.208384e-17	4.946958e-18	2.914589e-18	8.491768e-18	6.684854e-14	2.055136e-16	9.213887e-19	8.650985e-19	5.114164e-17	6.431937e-14
1.072627e+05	4.525736e-14	5.950283e-16	4.530728e-18	3.529641e-18	5.492387e-16	4.965561e-14	1.280300e-17	2.511045e-18	2.951172e-18	9.034719e-18	6.867831e-14	1.708743e-16	5.962828e-19	4.595711e-19	4.431716e-17	5.514071e-14
1.072720e+05	4.602588e-14	5.721590e-16	4.750588e-18	3.502953e-18	5.283290e-16	4.780886e-14	1.373978e-17	3.699884e-18	3.101893e-18	9.715638e-18	6.638093e-14	1.889823e-16	6.049768e-19	6.919980e-19	4.998575e-17	6.124793e-14
1.072906e+05	4.550288e-14	6.936021e-16	4.484990e-18	5.541082e-18	6.409466e-16	4.664594e-14	1.613520e-17	5.911458e-18	2.942462e-18	1.145546e-17	6.713388e-14	2.155762e-16	9.981770e-19	1.152381e-18	5.919218e-17	6.301157e-14
1.073091e+05	4.678996e-14	7.028224e-16	7.926933e-18	7.818176e-18	6.499422e-16	5.049704e-14	2.809445e-17	1.472653e-17	5.224901e-18	2.002462e-17	6.830971e-14	2.323738e-16	1.465478e-18	2.985005e-18	6.608277e-17	6.127164e-14
1.073230e+05	4.578979e-14	5.661498e-16	5.521789e-18	5.508116e-18	5.238356e-16	4.802031e-14	1.363814e-17	3.414014e-18	3.652084e-18	9.748829e-18	7.020596e-14	2.395089e-16	1.062175e-18	7.115321e-19	6.983184e-17	5.988845e-14
1.073416e+05	4.611452e-14	5.433872e-16	7.262745e-18	5.700347e-18	5.031306e-16	4.817241e-14	1.405246e-17	4.652910e-18	4.825116e-18	1.008296e-17	6.912209e-14	2.693883e-16	1.139605e-18	1.004630e-18	8.106337e-17	6.533668e-14
1.073555e+05	4.583166e-14	7.542766e-16	5.497186e-18	5.992772e-18	6.987615e-16	4.904991e-14	1.409994e-17	4.420832e-18	3.664199e-18	1.014513e-17	6.913565e-14	4.374054e-16	1.229404e-18	9.789769e-19	1.346208e-16	6.378156e-14
1.073694e+05	4.552485e-14	7.154864e-16	5.308857e-18	6.265525e-18	6.631682e-16	4.919154e-14	1.625357e-17	4.829210e-18	3.550162e-18	1.172664e-17	6.805893e-14	3.602344e-16	1.317697e-18	1.095751e-18	1.132912e-16	6.264275e-14
1.073879e+05	4.553076e-14	7.130164e-16	6.538837e-18	5.762957e-18	6.613264e-16	4.907715e-14	1.584026e-17	7.937757e-18	4.391273e-18	1.146927e-17	6.704845e-14	4.155503e-16	1.251066e-18	1.857875e-18	1.343287e-16	5.764306e-14
1.074065e+05	4.528749e-14	6.208440e-16	6.428228e-18	6.090064e-18	5.762190e-16	4.870054e-14	1.272967e-17	5.408109e-18	4.334960e-18	9.249235e-18	7.045309e-14	3.907872e-16	1.362656e-18	1.303781e-18	1.296615e-16	5.960801e-14
1.074204e+05	4.605170e-14	5.597385e-16	6.990153e-18	6.998187e-18	5.197609e-16	4.836077e-14	1.789756e-17	5.964793e-18	4.728338e-18	1.303759e-17	6.730467e-14	4.106028e-16	1.600304e-18	1.468906e-18	1.388088e-16	6.330365e-14
1.074389e+05	4.621728e-14	6.126364e-16	5.824590e-18	5.645928e-18	5.692476e-16	4.910849e-14	1.464549e-17	5.297239e-18	3.955722e-18	1.070449e-17	6.763198e-14	4.325191e-16	1.327596e-18	1.340546e-18	1.497529e-16	6.413239e-14
1.074575e+05	4.704761e-14	6.593229e-16	7.387231e-18	6.782141e-18	6.130160e-16	4.859448e-14	1.726621e-17	7.196101e-18	5.036688e-18	1.266154e-17	6.807713e-14	4.098376e-16	1.637906e-18	1.869157e-18	1.451679e-16	6.094378e-14
1.074714e+05	4.591946e-14	6.722638e-16	5.744960e-18	5.896808e-18	6.253406e-16	5.006294e-14	1.567576e-17	5.021385e-18	3.928302e-18	1.152311e-17	6.673320e-14	4.992933e-16	1.451819e-18	1.329052e-18	1.797767e-16	6.247004e-14
1.074899e+05	4.559424e-14	5.887472e-16	5.746467e-18	6.620040e-18	5.479902e-16	5.044422e-14	1.465445e-17	5.535256e-18	3.944226e-18	1.080654e-17	6.486984e-14	4.459110e-16	1.670784e-18	1.500906e-18	1.639635e-16	6.416022e-14
1.075085e+05	4.496810e-14	6.561286e-16	7.030640e-18	6.630486e-18	6.110763e-16	4.984460e-14	1.771087e-17	6.348534e-18	4.843576e-18	1.310101e-17	6.616359e-14	4.164266e-16	1.713722e-18	1.761822e-18	1.562292e-16	6.269825e-14
1.075224e+05	4.615247e-14	7.153323e-16	6.623909e-18	8.814352e-18	6.665125e-16	4.757063e-14	1.642444e-17	1.044022e-17	4.575858e-18	1.217722e-17	6.630287e-14	5.551049e-16	2.317780e-18	2.946394e-18	2.112996e-16	6.054059e-14
1.075456e+05	4.568273e-14	7.181689e-16	9.830628e-18	9.241801e-18	6.696457e-16	5.029616e-14	2.071176e-17	7.644003e-18	6.821485e-18	1.541332e-17	6.755947e-14	5.518888e-16	2.498296e-18	2.216101e-18	2.150013e-16	6.376840e-14
1.075641e+05	4.391527e-14	8.126513e-16	6.642768e-18	6.581718e-18	7.581801e-16	4.744418e-14	1.771361e-17	5.847714e-18	4.625563e-18	1.322070e-17	6.794083e-14	5.450468e-16	1.817322e-18	1.730656e-18	2.161280e-16	6.344964e-14
1.075780e+05	4.517403e-14	6.540072e-16	8.205196e-18	9.222522e-18	6.104291e-16	4.981870e-14	1.881281e-17	7.631676e-18	5.728273e-18	1.407135e-17	6.611791e-14	6.518016e-16	2.585996e-18	2.292690e-18	2.617935e-16	6.332457e-14
1.075966e+05	4.762841e-14	8.090701e-16	6.868077e-18	8.150957e-18	7.555818e-16	4.943964e-14	2.028510e-17	8.260086e-18	4.811022e-18	1.521542e-17	6.649351e-14	4.960941e-16	2.331442e-18	2.529911e-18	2.025713e-16	6.396544e-14
1.076151e+05	4.605837e-14	7.270045e-16	8.829952e-18	7.823247e-18	6.793149e-16	5.060719e-14	2.169701e-17	6.871622e-18	6.205838e-18	1.631954e-17	6.508468e-14	5.663531e-16	2.281089e-18	2.144274e-18	2.349635e-16	6.251345e-14
1.076337e+05	4.498886e-14	6.621651e-16	8.282386e-18	9.129559e-18	6.190637e-16	4.982317e-14	1.907047e-17	5.185592e-18	5.839970e-18	1.438293e-17	6.516638e-14	5.869327e-16	2.711828e-18	1.647561e-18	2.472552e-16	6.426587e-14
1.076522e+05	4.420393e-14	7.738714e-16	7.901513e-18	8.979366e-18	7.238841e-16	4.810286e-14	1.889827e-17	7.337991e-18	5.589234e-18	1.429104e-17	6.623944e-14	6.774668e-16	2.715491e-18	2.372355e-18	2.896334e-16	6.207497e-14
1.076708e+05	4.610968e-14	7.765432e-16	8.293697e-18	8.298562e-18	7.267639e-16	4.907312e-14	1.995644e-17	8.229460e-18	5.885073e-18	1.513069e-17	6.628144e-14	6.662331e-16	2.553545e-18	2.705729e-18	2.889104e-16	6.149918e-14
1.076893e+05	4.549340e-14	8.409798e-16	9.168335e-18	7.811013e-18	7.874760e-16	4.817737e-14	2.037994e-17	6.824607e-18	6.525759e-18	1.549144e-17	6.422015e-14	4.855648e-16	2.444256e-18	2.280684e-18	2.134745e-16	6.171372e-14
1.077079e+05	4.377784e-14	7.531195e-16	1.081041e-17	7.909155e-18	7.055637e-16	4.713311e-14	2.138774e-17	6.273553e-18	7.717838e-18	1.629843e-17	6.504184e-14	4.995959e-16	2.515596e-18	2.129865e-18	2.225750e-16	6.179043e-14
1.077311e+05	4.553157e-14	8.952569e-16	9.134826e-18	6.499189e-18	8.392493e-16	4.766597e-14	2.581017e-17	4.947321e-18	6.545790e-18	1.972920e-17	6.598455e-14	5.406794e-16	2.108178e-18	1.711886e-18	2.447520e-16	6.139278e-14
1.077450e+05	4.571073e-14	8.397853e-16	9.896905e-18	8.438161e-18	7.875383e-16	4.765869e-14	2.738836e-17	6.567651e-18	7.107374e-18	2.097357e-17	6.152877e-14	5.576731e-16	2.768631e-18	2.297862e-18	2.547928e-16	6.444022e-14
1.077682e+05	4.591733e-14	9.236630e-16	8.955233e-18	7.514235e-18	8.667218e-16	4.746676e-14	2.300317e-17	5.169283e-18	6.454151e-18	1.766785e-17	6.411915e-14	5.004549e-16	2.511548e-18	1.841285e-18	2.320916e-16	6.110981e-14
1.077867e+05	4.545615e-14	8.423048e-16	1.242291e-17	7.595691e-18	7.907554e-16	4.869253e-14	2.922503e-17	5.458929e-18	8.978490e-18	2.249894e-17	6.206767e-14	5.494661e-16	2.575418e-18	1.971583e-18	2.577753e-16	6.393034e-14
1.078053e+05	4.644269e-14	8.431580e-16	9.461239e-18	8.196571e-18	7.919276e-16	4.835153e-14	2.717049e-17	8.754503e-18	6.856856e-18	2.096515e-17	6.370572e-14	5.305382e-16	2.818129e-18	3.204672e-18	2.516913e-16	6.596628e-14
1.078284e+05	4.527267e-14	7.582401e-16	1.319326e-17	7.298043e-18	7.125800e-16	4.841998e-14	3.100879e-17	5.168470e-18	9.593940e-18	2.399400e-17	6.247940e-14	4.669928e-16	2.551880e-18	1.923043e-18	2.245532e-16	5.950035e-14
1.078470e+05	4.478111e-14	7.798479e-16	1.242307e-17	7.005580e-18	7.332190e-16	4.797887e-14	2.819086e-17	5.135452e-18	9.057861e-18	2.186157e-17	6.258559e-14	6.466308e-16	2.481870e-18	1.935040e-18	3.141917e-16	6.515114e-14
1.078655e+05	4.625316e-14	8.718769e-16	1.678061e-17	7.126579e-18	8.201119e-16	4.849883e-14	3.051480e-17	5.782355e-18	1.226697e-17	2.371495e-17	6.275306e-14	5.299287e-16	2.557087e-18	2.205724e-18	2.601072e-16	6.073336e-14
1.078887e+05	4.537405e-14	8.598376e-16	1.242646e-17	7.785411e-18	8.092320e-16	4.910179e-14	2.936464e-17	8.168302e-18	9.113114e-18	2.288165e-17	6.285808e-14	5.496069e-16	2.836966e-18	3.162625e-18	2.730898e-16	6.512322e-14
1.079073e+05	4.655388e-14	9.562366e-16	1.439048e-17	6.121902e-18	9.003471e-16	4.671809e-14	3.314136e-17	5.070014e-18	1.058001e-17	2.587834e-17	6.251462e-14	5.375151e-16	2.257719e-18	1.985858e-18	2.696272e-16	6.407233e-14
1.079258e+05	4.747570e-14	9.739736e-16	1.388289e-17	7.392688e-18	9.174386e-16	4.737552e-14	2.999360e-17	6.661022e-18	1.023209e-17	2.346838e-17	6.295183e-14	5.470923e-16	2.758449e-18	2.638600e-18	2.769738e-16	6.566560e-14
1.079490e+05	4.650749e-14	9.177823e-16	1.672578e-17	1.082154e-17	8.649628e-16	4.707479e-14	2.838125e-17	7.410452e-18	1.236484e-17	2.226260e-17	6.323674e-14	5.392957e-16	4.095645e-18	2.975913e-18	2.760947e-16	6.357871e-14
1.079722e+05	4.644318e-14	9.350120e-16	2.440531e-17	1.184187e-17	8.816553e-16	4.657821e-14	3.599162e-17	8.029077e-18	1.809582e-17	2.830178e-17	6.289274e-14	5.490403e-16	4.543976e-18	3.267379e-18	2.841357e-16	6.494209e-14
1.079861e+05	4.592788e-14	9.021020e-16	1.528367e-17	8.592847e-18	8.508829e-16	4.890441e-14	3.071825e-17	8.569981e-18	1.135232e-17	2.419018e-17	6.235350e-14	5.206290e-16	3.323956e-18	3.514665e-18	2.711376e-16	6.626944e-14
1.080139e+05	4.749256e-14	8.556579e-16	1.820457e-17	7.498789e-18	8.075608e-16	4.851331e-14	3.122194e-17	6.694393e-18	1.356863e-17	2.465701e-17	6.283468e-14	4.907755e-16	2.946648e-18	2.787232e-18	2.587404e-16	6.633361e-14
1.080325e+05	4.767056e-14	7.791468e-16	1.890937e-17	8.676154e-18	7.356400e-16	4.787829e-14	3.167593e-17	6.021501e-18	1.412579e-17	2.506218e-17	6.330839e-14	4.812148e-16	3.444115e-18	2.531682e-18	2.557136e-16	6.462758e-14
1.080510e+05	4.544728e-14	7.582340e-16	1.577011e-17	7.021106e-18	7.161730e-16	4.818068e-14	3.944149e-17	4.815124e-18	1.180688e-17	3.126361e-17	6.286101e-14	5.268084e-16	2.814931e-18	2.043878e-18	2.821074e-16	6.432434e-14
1.080788e+05	4.809086e-14	9.332378e-16	1.509226e-17	7.123429e-18	8.819740e-16	4.647658e-14	3.614237e-17	8.831547e-18	1.133639e-17	2.872590e-17	6.333489e-14	5.722496e-16	2.897589e-18	3.801202e-18	3.098937e-16	6.223473e-14
1.081020e+05	4.725798e-14	8.442316e-16	1.391699e-17	6.762353e-18	7.982310e-16	4.759192e-14	2.405489e-17	4.614057e-18	1.048153e-17	1.916089e-17	6.266006e-14	5.811123e-16	2.783066e-18	2.008360e-18	3.175459e-16	6.516403e-14
1.081159e+05	4.454248e-14	8.175010e-16	1.523920e-17	7.844113e-18	7.731715e-16	4.767582e-14	4.090959e-17	6.119805e-18	1.149546e-17	3.262885e-17	6.242877e-14	5.972358e-16	3.250495e-18	2.681364e-18	3.280857e-16	6.519472e-14
1.081438e+05	4.436542e-14	8.859520e-16	1.498421e-17	8.054727e-18	8.383689e-16	4.758871e-14	3.470767e-17	1.198908e-17	1.133822e-17	2.775311e-17	6.116671e-14	4.826904e-16	3.382765e-18	5.320860e-18	2.679035e-16	6.753988e-14
1.081669e+05	4.694438e-14	9.476796e-16	1.568638e-17	6.645413e-18	8.971826e-16	4.962330e-14	3.642281e-17	5.344712e-18	1.189965e-17	2.918538e-17	6.317725e-14	6.032446e-16	2.821290e-18	2.396794e-18	3.376044e-16	6.557262e-14
1.081855e+05	4.666707e-14	1.046994e-15	1.414664e-17	7.430438e-18	9.915550e-16	4.738998e-14	3.198206e-17	5.319702e-18	1.075301e-17	2.566910e-17	5.977043e-14	5.360545e-16	3.181378e-18	2.405003e-18	3.019486e-16	6.676574e-14
1.082133e+05	4.777143e-14	8.755133e-16	1.170116e-17	6.293146e-18	8.295861e-16	4.641770e-14	2.718145e-17	4.543351e-18	8.920327e-18	2.186885e-17	5.942150e-14	5.503398e-16	2.727970e-18	2.078497e-18	3.129325e-16	6.626272e-14
1.082365e+05	4.745658e-14	8.951486e-16	1.616078e-17	7.415780e-18	8.485531e-16	4.915627e-14	3.242052e-17	5.812807e-18	1.234969e-17	2.613544e-17	5.933584e-14	5.185470e-16	3.246978e-18	2.684878e-18	2.971098e-16	6.668663e-14
1.082551e+05	4.580905e-14	8.634038e-16	1.331063e-17	6.592134e-18	8.187361e-16	4.866767e-14	2.755074e-17	6.096363e-18	1.019090e-17	2.224422e-17	5.748121e-14	5.068494e-16	2.909047e-18	2.837041e-18	2.921392e-16	6.301403e-14
1.082829e+05	4.416736e-14	1.023729e-15	1.352219e-17	7.457717e-18	9.712490e-16	4.845881e-14	2.991114e-17	6.091082e-18	1.038173e-17	2.420527e-17	6.003221e-14	5.244408e-16	3.328958e-18	2.865835e-18	3.049131e-16	6.175426e-14
1.083061e+05	4.560949e-14	1.017517e-15	1.421412e-17	7.993665e-18	9.657485e-16	4.759938e-14	3.490187e-17	8.395998e-18	1.093782e-17	2.829679e-17	5.981777e-14	5.358299e-16	3.601517e-18	3.985562e-18	3.137297e-16	6.338728e-14
1.083246e+05	4.621092e-14	8.683336e-16	1.222675e-17	7.911755e-18	8.244195e-16	4.947965e-14	2.834311e-17	5.607753e-18	9.425411e-18	2.301309e-17	5.949718e-14	6.092320e-16	3.590644e-18	2.680567e-18	3.586684e-16	6.786769e-14
1.083524e+05	4.739550e-14	8.123187e-16	1.438181e-17	8.117296e-18	7.716032e-16	4.896902e-14	2.867570e-17	5.694253e-18	1.111604e-17	2.333368e-17	5.831678e-14	4.679709e-16	3.723392e-18	2.749771e-18	2.777216e-16	6.456829e-14
1.083756e+05	4.661929e-14	8.371478e-16	3.979884e-17	9.285436e-18	7.954968e-16	4.878353e-14	2.880747e-17	7.677293e-18	3.082802e-17	2.348248e-17	5.778107e-14	5.511869e-16	4.296228e-18	3.738151e-18	3.292371e-16	6.665211e-14
1.083988e+05	4.770290e-14	8.900429e-16	1.734999e-17	7.990119e-18	8.460839e-16	4.895878e-14	3.246227e-17	5.683353e-18	1.346782e-17	2.650785e-17	5.972296e-14	5.138998e-16	3.728288e-18	2.789705e-18	3.089133e-16	6.686358e-14
1.084266e+05	4.656168e-14	8.016291e-16	1.396488e-17	7.399525e-18	7.623811e-16	4.809260e-14	3.017879e-17	4.165785e-18	1.086732e-17	2.469383e-17	5.915204e-14	4.769823e-16	3.487029e-18	2.064192e-18	2.888476e-16	6.600463e-14
1.084498e+05	4.549884e-14	8.104029e-16	1.905740e-17	7.892317e-18	7.710108e-16	4.835244e-14	5.093936e-17	7.774887e-18	1.486068e-17	4.175120e-17	5.768942e-14	4.648837e-16	3.749280e-18	3.882201e-18	2.832127e-16	6.654719e-14
1.084730e+05	4.373775e-14	1.004628e-15	1.699745e-17	8.231562e-18	9.561442e-16	4.746764e-14	3.335198e-17	5.389002e-18	1.328109e-17	2.738128e-17	5.799044e-14	5.007180e-16	3.941305e-18	2.711117e-18	3.068322e-16	6.423057e-14
1.085008e+05	4.623952e-14	9.158821e-16	2.107618e-17	9.224656e-18	8.720564e-16	4.748722e-14	3.941654e-17	6.551074e-18	1.650720e-17	3.242314e-17	5.904688e-14	4.900666e-16	4.457662e-18	3.324792e-18	3.023642e-16	6.520737e-14
1.085240e+05	4.678505e-14	7.414959e-16	1.669517e-17	9.685096e-18	7.062643e-16	4.770336e-14	4.275073e-17	7.458536e-18	1.310138e-17	3.522177e-17	5.979801e-14	5.162735e-16	4.715359e-18	3.812465e-18	3.203056e-16	6.692122e-14
1.085472e+05	4.697816e-14	7.489887e-16	2.026883e-17	9.283964e-18	7.136496e-16	4.786559e-14	4.783301e-17	6.526858e-18	1.593624e-17	3.947074e-17	5.858192e-14	5.546731e-16	4.553328e-18	3.359618e-18	3.459994e-16	6.441655e-14
1.085750e+05	4.758904e-14	9.127381e-16	2.070756e-17	9.241279e-18	8.700308e-16	4.785032e-14	4.561174e-17	6.562829e-18	1.631798e-17	3.770731e-17	5.882884e-14	4.859774e-16	4.571526e-18	3.405898e-18	3.050758e-16	6.433518e-14
1.086028e+05	4.674053e-14	8.725156e-16	1.803085e-17	9.439420e-18	8.320268e-16	4.724822e-14	3.466042e-17	6.413157e-18	1.424018e-17	2.870575e-17	5.870595e-14	6.191987e-16	4.708855e-18	3.354886e-18	3.911117e-16	6.624908e-14
1.086260e+05	4.541529e-14	7.900721e-16	2.016874e-17	8.986929e-18	7.536592e-16	4.737332e-14	3.444247e-17	6.349798e-18	1.595754e-17	2.856755e-17	5.881380e-14	5.661782e-16	4.513852e-18	3.343394e-18	3.594198e-16	6.912194e-14
1.086817e+05	4.587576e-14	7.122873e-16	2.822089e-17	9.114735e-18	6.799880e-16	4.892174e-14	5.579108e-17	7.716957e-18	2.242332e-17	4.643526e-17	5.717200e-14	5.017001e-16	4.651118e-18	4.124900e-18	3.222021e-16	6.805828e-14
1.087048e+05	4.694828e-14	7.466389e-16	2.173095e-17	9.976165e-18	7.130077e-16	4.659833e-14	3.978253e-17	7.799780e-18	1.729641e-17	3.315782e-17	5.994712e-14	4.693162e-16	5.123264e-18	4.194516e-18	3.028109e-16	6.705220e-14
1.087605e+05	4.802629e-14	7.373137e-16	2.490587e-17	1.045264e-17	7.046255e-16	4.663503e-14	5.162685e-17	1.391646e-17	1.990347e-17	4.317145e-17	5.824863e-14	4.800199e-16	5.448032e-18	7.589902e-18	3.130731e-16	6.624076e-14
1.087837e+05	4.633681e-14	7.254335e-16	2.342271e-17	7.621665e-18	6.934817e-16	4.744511e-14	3.324619e-17	7.111472e-18	1.874887e-17	2.783829e-17	5.629073e-14	4.979312e-16	3.996285e-18	3.900575e-18	3.261653e-16	6.523709e-14
1.088439e+05	4.608660e-14	7.046922e-16	1.813076e-17	7.453210e-18	6.741712e-16	4.746612e-14	2.836314e-17	6.653398e-18	1.457320e-17	2.382991e-17	5.820684e-14	5.472767e-16	3.967046e-18	3.701661e-18	3.624033e-16	6.593875e-14
1.088671e+05	4.649592e-14	8.753303e-16	2.535053e-17	8.367919e-18	8.376603e-16	4.705191e-14	4.364851e-17	7.824952e-18	2.040800e-17	3.671867e-17	5.663537e-14	5.609195e-16	4.478839e-18	4.376568e-18	3.729366e-16	6.602729e-14
1.089274e+05	4.525129e-14	9.272926e-16	2.347464e-17	8.534005e-18	8.880365e-16	4.941107e-14	4.458283e-17	8.285369e-18	1.897241e-17	3.762506e-17	5.659189e-14	5.849453e-16	4.632348e-18	4.696195e-18	3.928619e-16	6.672345e-14
1.089506e+05	4.721936e-14	6.221754e-16	1.970534e-17	8.030229e-18	5.960002e-16	4.908163e-14	5.413976e-17	7.929039e-18	1.594956e-17	4.574542e-17	5.743883e-14	5.462399e-16	4.381753e-18	4.516552e-18	3.682464e-16	6.634599e-14
1.090155e+05	4.762871e-14	6.136967e-16	2.679744e-17	8.534039e-18	5.883206e-16	4.821798e-14	4.207782e-17	6.862519e-18	2.177745e-17	3.567030e-17	5.593112e-14	5.726954e-16	4.723103e-18	3.961832e-18	3.900163e-16	6.834207e-14
1.090387e+05	4.636521e-14	6.274193e-16	2.303283e-17	9.691169e-18	6.016336e-16	4.721125e-14	3.958125e-17	9.671453e-18	1.874431e-17	3.359213e-17	5.634375e-14	5.804180e-16	5.389832e-18	5.609402e-18	3.966594e-16	6.846110e-14
1.091036e+05	4.692891e-14	7.218260e-16	2.747670e-17	1.119293e-17	6.926572e-16	4.775160e-14	6.770980e-17	1.601992e-17	2.244645e-17	5.764329e-17	5.588696e-14	5.585013e-16	6.308243e-18	9.408909e-18	3.853061e-16	6.797842e-14
1.091268e+05	4.710942e-14	7.645592e-16	2.320493e-17	1.011058e-17	7.338472e-16	4.878010e-14	5.709328e-17	1.313486e-17	1.898198e-17	4.865772e-17	5.623208e-14	5.364286e-16	5.724472e-18	7.748016e-18	3.712873e-16	6.854500e-14
1.091917e+05	4.598470e-14	7.666093e-16	2.697923e-17	9.795793e-18	7.363192e-16	4.706996e-14	4.895330e-17	1.143839e-17	2.214981e-17	4.184373e-17	5.610022e-14	5.145939e-16	5.615829e-18	6.827273e-18	3.593341e-16	6.596456e-14
1.092195e+05	4.773245e-14	7.150295e-16	2.125102e-17	7.752528e-18	6.869742e-16	4.845194e-14	4.570967e-17	9.984447e-18	1.747349e-17	3.911933e-17	5.659781e-14	6.285631e-16	4.467499e-18	5.988645e-18	4.405246e-16	6.673005e-14
1.092845e+05	4.496532e-14	5.640585e-16	2.887492e-17	7.916910e-18	5.422809e-16	4.753377e-14	6.163921e-17	1.045218e-17	2.382430e-17	5.290008e-17	5.560929e-14	5.340618e-16	4.615901e-18	6.338804e-18	3.773921e-16	6.817574e-14
1.093123e+05	4.643390e-14	6.132239e-16	2.912185e-17	1.004693e-17	5.897094e-16	4.629998e-14	6.207056e-17	1.724409e-17	2.406273e-17	5.333259e-17	5.289763e-14	5.882962e-16	5.886323e-18	1.050587e-17	4.171391e-16	6.572627e-14
1.093818e+05	4.701297e-14	7.839658e-16	2.791687e-17	8.906820e-18	7.544073e-16	4.852785e-14	7.476378e-17	1.182692e-17	2.314828e-17	6.442203e-17	5.597586e-14	3.776904e-16	5.280102e-18	7.285888e-18	2.700248e-16	6.682080e-14
1.094050e+05	4.569352e-14	8.462188e-16	3.034707e-17	8.653794e-18	8.144902e-16	4.770458e-14	6.261747e-17	1.083157e-17	2.519213e-17	5.400581e-17	5.569110e-14	5.107969e-16	5.149659e-18	6.696692e-18	3.661609e-16	6.475687e-14
1.094746e+05	4.605026e-14	7.365409e-16	2.917385e-17	9.552479e-18	7.093769e-16	4.722030e-14	6.936698e-17	1.193845e-17	2.429936e-17	5.998927e-17	5.434239e-14	5.328064e-16	5.747785e-18	7.458510e-18	3.849045e-16	6.679657e-14
1.095024e+05	4.607110e-14	6.416714e-16	3.207020e-17	1.065708e-17	6.181602e-16	4.817381e-14	7.008884e-17	1.434930e-17	2.674664e-17	6.067755e-17	5.507703e-14	3.992983e-16	6.440055e-18	9.001058e-18	2.893218e-16	6.802855e-14
1.095766e+05	4.673483e-14	6.739227e-16	2.614389e-17	1.144469e-17	6.496510e-16	4.743595e-14	6.420313e-17	1.524199e-17	2.187810e-17	5.573470e-17	5.615861e-14	5.704257e-16	6.993250e-18	9.661551e-18	4.165190e-16	6.677996e-14
1.096044e+05	4.603826e-14	6.464812e-16	2.547185e-17	9.746636e-18	6.233458e-16	4.872461e-14	6.227433e-17	1.360744e-17	2.134213e-17	5.411446e-17	5.552025e-14	5.689145e-16	5.979755e-18	8.658290e-18	4.165799e-16	6.637001e-14
1.096786e+05	4.586908e-14	6.665297e-16	3.004987e-17	1.172594e-17	6.430744e-16	4.714902e-14	7.447283e-17	1.734658e-17	2.525913e-17	6.488315e-17	5.606424e-14	4.983565e-16	7.269628e-18	1.114645e-17	3.675606e-16	6.925661e-14
1.097064e+05	4.549601e-14	6.670259e-16	2.703710e-17	1.105184e-17	6.436989e-16	4.803440e-14	7.209641e-17	1.991866e-17	2.275345e-17	6.287248e-17	5.554461e-14	4.937679e-16	6.877802e-18	1.284503e-17	3.651328e-16	6.826697e-14
1.097806e+05	4.608443e-14	6.577845e-16	2.723567e-17	9.388848e-18	6.351554e-16	4.673608e-14	7.772711e-17	1.586318e-17	2.299086e-17	6.795060e-17	5.598937e-14	4.601802e-16	5.900660e-18	1.032481e-17	3.426092e-16	6.883956e-14
1.098084e+05	4.658041e-14	7.823679e-16	2.950027e-17	1.121868e-17	7.556164e-16	4.669705e-14	7.745833e-17	2.020235e-17	2.493043e-17	6.777689e-17	5.533980e-14	3.867753e-16	7.075974e-18	1.319338e-17	2.886685e-16	6.770109e-14
1.098873e+05	4.564422e-14	5.902293e-16	2.937431e-17	1.074990e-17	5.703890e-16	4.802013e-14	8.872447e-17	2.546212e-17	2.490096e-17	7.782899e-17	5.470637e-14	4.776217e-16	6.847452e-18	1.678296e-17	3.588889e-16	6.745890e-14
1.099151e+05	4.634611e-14	6.433669e-16	3.372774e-17	1.193566e-17	6.218688e-16	4.820129e-14	9.728650e-17	2.234909e-17	2.862190e-17	8.541294e-17	5.636248e-14	3.948627e-16	7.628467e-18	1.477783e-17	2.973896e-16	6.782158e-14
1.099939e+05	4.583389e-14	6.404338e-16	3.778358e-17	1.135574e-17	6.193876e-16	4.758685e-14	9.952481e-17	1.739086e-17	3.215833e-17	8.758577e-17	5.553941e-14	3.787577e-16	7.325586e-18	1.160005e-17	2.870768e-16	6.798929e-14
1.100264e+05	4.618323e-14	6.418444e-16	3.053300e-17	9.749427e-18	6.208945e-16	4.736260e-14	9.092667e-17	1.897825e-17	2.601797e-17	8.009533e-17	5.489304e-14	5.462384e-16	6.312757e-18	1.270305e-17	4.150671e-16	6.617168e-14
1.101052e+05	4.630025e-14	6.639804e-16	2.997632e-17	8.473231e-18	6.426581e-16	4.880011e-14	8.682596e-17	1.522852e-17	2.561524e-17	7.665578e-17	5.489820e-14	3.402763e-16	5.534686e-18	1.027725e-17	2.601091e-16	6.600103e-14
1.101377e+05	4.655284e-14	6.231953e-16	3.312996e-17	8.574566e-18	6.033150e-16	4.739334e-14	9.893446e-17	1.745248e-17	2.834193e-17	8.742510e-17	5.522213e-14	3.204405e-16	5.620533e-18	1.181687e-17	2.455298e-16	6.791247e-14
1.102211e+05	4.659204e-14	6.675279e-16	2.738919e-17	9.679036e-18	6.465893e-16	4.717981e-14	6.976432e-17	1.487454e-17	2.349699e-17	6.178845e-17	5.409651e-14	4.653233e-16	6.400232e-18	1.015426e-17	3.586620e-16	6.644185e-14
1.102536e+05	4.495870e-14	6.867321e-16	3.554435e-17	1.210156e-17	6.653302e-16	4.662905e-14	1.010868e-16	2.426855e-17	3.052586e-17	8.960695e-17	5.368994e-14	3.704376e-16	8.028593e-18	1.661850e-17	2.861645e-16	6.864879e-14
1.103371e+05	4.409749e-14	6.444992e-16	3.445698e-17	1.444251e-17	6.247416e-16	4.821973e-14	8.142204e-17	3.370940e-17	2.967148e-17	7.233124e-17	5.510422e-14	3.537840e-16	9.661052e-18	2.326242e-17	2.748261e-16	6.613206e-14
1.103695e+05	4.533388e-14	5.651953e-16	3.112936e-17	1.770279e-17	5.479782e-16	4.735202e-14	9.494176e-17	4.008218e-17	2.683330e-17	8.441050e-17	5.522525e-14	3.314705e-16	1.187895e-17	2.774106e-17	2.580343e-16	6.777417e-14
1.104530e+05	4.553238e-14	7.288692e-16	3.803581e-17	1.280259e-17	7.070208e-16	4.667076e-14	8.435690e-17	2.758551e-17	3.287045e-17	7.515382e-17	5.432937e-14	4.124624e-16	8.658079e-18	1.923190e-17	3.227715e-16	6.726043e-14
1.104901e+05	4.585731e-14	6.875866e-16	3.629360e-17	1.681438e-17	6.671209e-16	4.753868e-14	9.703707e-17	3.752412e-17	3.139958e-17	8.652752e-17	5.489246e-14	4.470024e-16	1.140953e-17	2.624339e-17	3.505926e-16	6.653670e-14
1.106106e+05	4.581030e-14	6.659978e-16	2.729399e-17	1.005395e-17	6.466187e-16	4.751514e-14	8.338620e-17	2.055231e-17	2.369595e-17	7.456341e-17	5.322065e-14	3.549628e-16	6.894555e-18	1.451626e-17	2.803790e-16	6.809040e-14
