E, cm-1	Sigma_00, cm2	Sigma_01, cm2	Sigma_02, cm2	Sigma_03, cm2	Sigma_10, cm2	Sigma_11, cm2	Sigma_12, cm2	Sigma_13, cm2	Sigma_20, cm2	Sigma_21, cm2	Sigma_22, cm2	Sigma_23, cm2	Sigma_30, cm2	Sigma_31, cm2	Sigma_32, cm2	Sigma_33, cm2	
1.052317e+05	4.541038e-14	0.000000e+00	0.000000e+00	0.000000e+00	0.000000e+00	0.000000e+00	0.000000e+00	0.000000e+00	0.000000e+00	0.000000e+00	0.000000e+00	0.000000e+00	0.000000e+00	0.000000e+00	0.000000e+00	0.000000e+00
1.052364e+05	4.527223e-14	0.000000e+00	0.000000e+00	0.000000e+00	0.000000e+00	0.000000e+00	0.000000e+00	0.000000e+00	0.000000e+00	0.000000e+00	0.000000e+00	0.000000e+00	0.000000e+00	0.000000e+00	0.000000e+00	0.000000e+00
1.052410e+05	4.455940e-14	0.000000e+00	0.000000e+00	0.000000e+00	0.000000e+00	0.000000e+00	0.000000e+00	0.000000e+00	0.000000e+00	0.000000e+00	0.000000e+00	0.000000e+00	0.000000e+00	0.000000e+00	0.000000e+00	0.000000e+00
1.052456e+05	4.376609e-14	0.000000e+00	0.000000e+00	0.000000e+00	0.000000e+00	0.000000e+00	0.000000e+00	0.000000e+00	0.000000e+00	0.000000e+00	0.000000e+00	0.000000e+00	0.000000e+00	0.000000e+00	0.000000e+00	0.000000e+00
1.052503e+05	4.344251e-14	0.000000e+00	0.000000e+00	0.000000e+00	0.000000e+00	0.000000e+00	0.000000e+00	0.000000e+00	0.000000e+00	0.000000e+00	0.000000e+00	0.000000e+00	0.000000e+00	0.000000e+00	0.000000e+00	0.000000e+00
1.052549e+05	4.281202e-14	0.000000e+00	0.000000e+00	0.000000e+00	0.000000e+00	0.000000e+00	0.000000e+00	0.000000e+00	0.000000e+00	0.000000e+00	0.000000e+00	0.000000e+00	0.000000e+00	0.000000e+00	0.000000e+00	0.000000e+00
1.052595e+05	4.245279e-14	0.000000e+00	0.000000e+00	0.000000e+00	0.000000e+00	0.000000e+00	0.000000e+00	0.000000e+00	0.000000e+00	0.000000e+00	0.000000e+00	0.000000e+00	0.000000e+00	0.000000e+00	0.000000e+00	0.000000e+00
1.052642e+05	4.198555e-14	0.000000e+00	0.000000e+00	0.000000e+00	0.000000e+00	0.000000e+00	0.000000e+00	0.000000e+00	0.000000e+00	0.000000e+00	0.000000e+00	0.000000e+00	0.000000e+00	0.000000e+00	0.000000e+00	0.000000e+00
1.052688e+05	4.175103e-14	0.000000e+00	0.000000e+00	0.000000e+00	0.000000e+00	0.000000e+00	0.000000e+00	0.000000e+00	0.000000e+00	0.000000e+00	0.000000e+00	0.000000e+00	0.000000e+00	0.000000e+00	0.000000e+00	0.000000e+00
1.052735e+05	4.150764e-14	0.000000e+00	0.000000e+00	0.000000e+00	0.000000e+00	0.000000e+00	0.000000e+00	0.000000e+00	0.000000e+00	0.000000e+00	0.000000e+00	0.000000e+00	0.000000e+00	0.000000e+00	0.000000e+00	0.000000e+00
1.052781e+05	4.110687e-14	0.000000e+00	0.000000e+00	0.000000e+00	0.000000e+00	0.000000e+00	0.000000e+00	0.000000e+00	0.000000e+00	0.000000e+00	0.000000e+00	0.000000e+00	0.000000e+00	0.000000e+00	0.000000e+00	0.000000e+00
1.052827e+05	4.094880e-14	0.000000e+00	0.000000e+00	0.000000e+00	0.000000e+00	0.000000e+00	0.000000e+00	0.000000e+00	0.000000e+00	0.000000e+00	0.000000e+00	0.000000e+00	0.000000e+00	0.000000e+00	0.000000e+00	0.000000e+00
1.052874e+05	4.075642e-14	0.000000e+00	0.000000e+00	0.000000e+00	0.000000e+00	0.000000e+00	0.000000e+00	0.000000e+00	0.000000e+00	0.000000e+00	0.000000e+00	0.000000e+00	0.000000e+00	0.000000e+00	0.000000e+00	0.000000e+00
1.052920e+05	4.046779e-14	0.000000e+00	0.000000e+00	0.000000e+00	0.000000e+00	0.000000e+00	0.000000e+00	0.000000e+00	0.000000e+00	0.000000e+00	0.000000e+00	0.000000e+00	0.000000e+00	0.000000e+00	0.000000e+00	0.000000e+00
1.052966e+05	4.031728e-14	0.000000e+00	0.000000e+00	0.000000e+00	0.000000e+00	0.000000e+00	0.000000e+00	0.000000e+00	0.000000e+00	0.000000e+00	0.000000e+00	0.000000e+00	0.000000e+00	0.000000e+00	0.000000e+00	0.000000e+00
1.053013e+05	4.012229e-14	0.000000e+00	0.000000e+00	0.000000e+00	0.000000e+00	0.000000e+00	0.000000e+00	0.000000e+00	0.000000e+00	0.000000e+00	0.000000e+00	0.000000e+00	0.000000e+00	0.000000e+00	0.000000e+00	0.000000e+00
1.053059e+05	3.994022e-14	0.000000e+00	0.000000e+00	0.000000e+00	0.000000e+00	0.000000e+00	0.000000e+00	0.000000e+00	0.000000e+00	0.000000e+00	0.000000e+00	0.000000e+00	0.000000e+00	0.000000e+00	0.000000e+00	0.000000e+00
1.053106e+05	3.976898e-14	0.000000e+00	0.000000e+00	0.000000e+00	0.000000e+00	0.000000e+00	0.000000e+00	0.000000e+00	0.000000e+00	0.000000e+00	0.000000e+00	0.000000e+00	0.000000e+00	0.000000e+00	0.000000e+00	0.000000e+00
1.053152e+05	3.960533e-14	0.000000e+00	0.000000e+00	0.000000e+00	0.000000e+00	0.000000e+00	0.000000e+00	0.000000e+00	0.000000e+00	0.000000e+00	0.000000e+00	0.000000e+00	0.000000e+00	0.000000e+00	0.000000e+00	0.000000e+00
1.053198e+05	3.944896e-14	0.000000e+00	0.000000e+00	0.000000e+00	0.000000e+00	0.000000e+00	0.000000e+00	0.000000e+00	0.000000e+00	0.000000e+00	0.000000e+00	0.000000e+00	0.000000e+00	0.000000e+00	0.000000e+00	0.000000e+00
1.053245e+05	3.929897e-14	0.000000e+00	0.000000e+00	0.000000e+00	0.000000e+00	0.000000e+00	0.000000e+00	0.000000e+00	0.000000e+00	0.000000e+00	0.000000e+00	0.000000e+00	0.000000e+00	0.000000e+00	0.000000e+00	0.000000e+00
1.053291e+05	3.915549e-14	0.000000e+00	0.000000e+00	0.000000e+00	0.000000e+00	0.000000e+00	0.000000e+00	0.000000e+00	0.000000e+00	0.000000e+00	0.000000e+00	0.000000e+00	0.000000e+00	0.000000e+00	0.000000e+00	0.000000e+00
1.053337e+05	3.901860e-14	0.000000e+00	0.000000e+00	0.000000e+00	0.000000e+00	0.000000e+00	0.000000e+00	0.000000e+00	0.000000e+00	0.000000e+00	0.000000e+00	0.000000e+00	0.000000e+00	0.000000e+00	0.000000e+00	0.000000e+00
1.053384e+05	3.888688e-14	0.000000e+00	0.000000e+00	0.000000e+00	0.000000e+00	0.000000e+00	0.000000e+00	0.000000e+00	0.000000e+00	0.000000e+00	0.000000e+00	0.000000e+00	0.000000e+00	0.000000e+00	0.000000e+00	0.000000e+00
1.053430e+05	3.876047e-14	0.000000e+00	0.000000e+00	0.000000e+00	0.000000e+00	0.000000e+00	0.000000e+00	0.000000e+00	0.000000e+00	0.000000e+00	0.000000e+00	0.000000e+00	0.000000e+00	0.000000e+00	0.000000e+00	0.000000e+00
1.053477e+05	3.861430e-14	0.000000e+00	0.000000e+00	0.000000e+00	0.000000e+00	0.000000e+00	0.000000e+00	0.000000e+00	0.000000e+00	0.000000e+00	0.000000e+00	0.000000e+00	0.000000e+00	0.000000e+00	0.000000e+00	0.000000e+00
1.053523e+05	3.849644e-14	0.000000e+00	0.000000e+00	0.000000e+00	0.000000e+00	0.000000e+00	0.000000e+00	0.000000e+00	0.000000e+00	0.000000e+00	0.000000e+00	0.000000e+00	0.000000e+00	0.000000e+00	0.000000e+00	0.000000e+00
1.053569e+05	3.838230e-14	0.000000e+00	0.000000e+00	0.000000e+00	0.000000e+00	0.000000e+00	0.000000e+00	0.000000e+00	0.000000e+00	0.000000e+00	0.000000e+00	0.000000e+00	0.000000e+00	0.000000e+00	0.000000e+00	0.000000e+00
1.053616e+05	3.827059e-14	0.000000e+00	0.000000e+00	0.000000e+00	0.000000e+00	0.000000e+00	0.000000e+00	0.000000e+00	0.000000e+00	0.000000e+00	0.000000e+00	0.000000e+00	0.000000e+00	0.000000e+00	0.000000e+00	0.000000e+00
1.053662e+05	3.816195e-14	0.000000e+00	0.000000e+00	0.000000e+00	0.000000e+00	0.000000e+00	0.000000e+00	0.000000e+00	0.000000e+00	0.000000e+00	0.000000e+00	0.000000e+00	0.000000e+00	0.000000e+00	0.000000e+00	0.000000e+00
1.053708e+05	3.803910e-14	0.000000e+00	0.000000e+00	0.000000e+00	0.000000e+00	0.000000e+00	0.000000e+00	0.000000e+00	0.000000e+00	0.000000e+00	0.000000e+00	0.000000e+00	0.000000e+00	0.000000e+00	0.000000e+00	0.000000e+00
1.053755e+05	3.794000e-14	0.000000e+00	0.000000e+00	0.000000e+00	0.000000e+00	0.000000e+00	0.000000e+00	0.000000e+00	0.000000e+00	0.000000e+00	0.000000e+00	0.000000e+00	0.000000e+00	0.000000e+00	0.000000e+00	0.000000e+00
1.053801e+05	3.784347e-14	0.000000e+00	0.000000e+00	0.000000e+00	0.000000e+00	0.000000e+00	0.000000e+00	0.000000e+00	0.000000e+00	0.000000e+00	0.000000e+00	0.000000e+00	0.000000e+00	0.000000e+00	0.000000e+00	0.000000e+00
1.053847e+05	3.774914e-14	3.775066e-19	0.000000e+00	0.000000e+00	2.413621e-21	5.261041e-14	0.000000e+00	0.000000e+00	0.000000e+00	0.000000e+00	0.000000e+00	0.000000e+00	0.000000e+00	0.000000e+00	0.000000e+00	0.000000e+00
1.053894e+05	3.765734e-14	1.660267e-19	0.000000e+00	0.000000e+00	5.774798e-21	4.713152e-14	0.000000e+00	0.000000e+00	0.000000e+00	0.000000e+00	0.000000e+00	0.000000e+00	0.000000e+00	0.000000e+00	0.000000e+00	0.000000e+00
1.053940e+05	3.755596e-14	2.576572e-19	0.000000e+00	0.000000e+00	1.587012e-20	4.572172e-14	0.000000e+00	0.000000e+00	0.000000e+00	0.000000e+00	0.000000e+00	0.000000e+00	0.000000e+00	0.000000e+00	0.000000e+00	0.000000e+00
1.053987e+05	3.747066e-14	3.385383e-19	0.000000e+00	0.000000e+00	2.943802e-20	4.491458e-14	0.000000e+00	0.000000e+00	0.000000e+00	0.000000e+00	0.000000e+00	0.000000e+00	0.000000e+00	0.000000e+00	0.000000e+00	0.000000e+00
1.054033e+05	3.738740e-14	3.837001e-19	0.000000e+00	0.000000e+00	4.258447e-20	4.431274e-14	0.000000e+00	0.000000e+00	0.000000e+00	0.000000e+00	0.000000e+00	0.000000e+00	0.000000e+00	0.000000e+00	0.000000e+00	0.000000e+00
1.054079e+05	3.730660e-14	4.262812e-19	0.000000e+00	0.000000e+00	5.702748e-20	4.379522e-14	0.000000e+00	0.000000e+00	0.000000e+00	0.000000e+00	0.000000e+00	0.000000e+00	0.000000e+00	0.000000e+00	0.000000e+00	0.000000e+00
1.054126e+05	3.722686e-14	4.350912e-19	0.000000e+00	0.000000e+00	6.762820e-20	4.332743e-14	0.000000e+00	0.000000e+00	0.000000e+00	0.000000e+00	0.000000e+00	0.000000e+00	0.000000e+00	0.000000e+00	0.000000e+00	0.000000e+00
1.054172e+05	3.714085e-14	4.135328e-19	0.000000e+00	0.000000e+00	7.279570e-20	4.290988e-14	0.000000e+00	0.000000e+00	0.000000e+00	0.000000e+00	0.000000e+00	0.000000e+00	0.000000e+00	0.000000e+00	0.000000e+00	0.000000e+00
1.054218e+05	3.705529e-14	3.880455e-19	0.000000e+00	0.000000e+00	7.592185e-20	4.254463e-14	0.000000e+00	0.000000e+00	0.000000e+00	0.000000e+00	0.000000e+00	0.000000e+00	0.000000e+00	0.000000e+00	0.000000e+00	0.000000e+00
1.054265e+05	3.698435e-14	3.835513e-19	0.000000e+00	0.000000e+00	8.221719e-20	4.222504e-14	0.000000e+00	0.000000e+00	0.000000e+00	0.000000e+00	0.000000e+00	0.000000e+00	0.000000e+00	0.000000e+00	0.000000e+00	0.000000e+00
1.054311e+05	3.691577e-14	4.131575e-19	0.000000e+00	0.000000e+00	9.594063e-20	4.193922e-14	0.000000e+00	0.000000e+00	0.000000e+00	0.000000e+00	0.000000e+00	0.000000e+00	0.000000e+00	0.000000e+00	0.000000e+00	0.000000e+00
1.054358e+05	3.684762e-14	4.749424e-19	0.000000e+00	0.000000e+00	1.183913e-19	4.167172e-14	0.000000e+00	0.000000e+00	0.000000e+00	0.000000e+00	0.000000e+00	0.000000e+00	0.000000e+00	0.000000e+00	0.000000e+00	0.000000e+00
1.054404e+05	3.678009e-14	5.511783e-19	0.000000e+00	0.000000e+00	1.463903e-19	4.141831e-14	0.000000e+00	0.000000e+00	0.000000e+00	0.000000e+00	0.000000e+00	0.000000e+00	0.000000e+00	0.000000e+00	0.000000e+00	0.000000e+00
1.054450e+05	3.670757e-14	6.266248e-19	0.000000e+00	0.000000e+00	1.762200e-19	4.117672e-14	0.000000e+00	0.000000e+00	0.000000e+00	0.000000e+00	0.000000e+00	0.000000e+00	0.000000e+00	0.000000e+00	0.000000e+00	0.000000e+00
1.054497e+05	3.663355e-14	6.932097e-19	0.000000e+00	0.000000e+00	2.053256e-19	4.094810e-14	0.000000e+00	0.000000e+00	0.000000e+00	0.000000e+00	0.000000e+00	0.000000e+00	0.000000e+00	0.000000e+00	0.000000e+00	0.000000e+00
1.054543e+05	3.657177e-14	7.553095e-19	0.000000e+00	0.000000e+00	2.345680e-19	4.073357e-14	0.000000e+00	0.000000e+00	0.000000e+00	0.000000e+00	0.000000e+00	0.000000e+00	0.000000e+00	0.000000e+00	0.000000e+00	0.000000e+00
1.054589e+05	3.650919e-14	8.057256e-19	0.000000e+00	0.000000e+00	2.613352e-19	4.053385e-14	0.000000e+00	0.000000e+00	0.000000e+00	0.000000e+00	0.000000e+00	0.000000e+00	0.000000e+00	0.000000e+00	0.000000e+00	0.000000e+00
1.054636e+05	3.644685e-14	8.685535e-19	0.000000e+00	0.000000e+00	2.932200e-19	4.034588e-14	0.000000e+00	0.000000e+00	0.000000e+00	0.000000e+00	0.000000e+00	0.000000e+00	0.000000e+00	0.000000e+00	0.000000e+00	0.000000e+00
1.054682e+05	3.637970e-14	9.479188e-19	0.000000e+00	0.000000e+00	3.320884e-19	4.016725e-14	0.000000e+00	0.000000e+00	0.000000e+00	0.000000e+00	0.000000e+00	0.000000e+00	0.000000e+00	0.000000e+00	0.000000e+00	0.000000e+00
1.054775e+05	3.625448e-14	1.157113e-18	0.000000e+00	0.000000e+00	4.332184e-19	3.983262e-14	0.000000e+00	0.000000e+00	0.000000e+00	0.000000e+00	0.000000e+00	0.000000e+00	0.000000e+00	0.000000e+00	0.000000e+00	0.000000e+00
1.054821e+05	3.619671e-14	1.274789e-18	0.000000e+00	0.000000e+00	4.917762e-19	3.967623e-14	0.000000e+00	0.000000e+00	0.000000e+00	0.000000e+00	0.000000e+00	0.000000e+00	0.000000e+00	0.000000e+00	0.000000e+00	0.000000e+00
1.054868e+05	3.613335e-14	1.387270e-18	0.000000e+00	0.000000e+00	5.503842e-19	3.952715e-14	0.000000e+00	0.000000e+00	0.000000e+00	0.000000e+00	0.000000e+00	0.000000e+00	0.000000e+00	0.000000e+00	0.000000e+00	0.000000e+00
1.054914e+05	3.607776e-14	1.495446e-18	0.000000e+00	0.000000e+00	6.091288e-19	3.938500e-14	0.000000e+00	0.000000e+00	0.000000e+00	0.000000e+00	0.000000e+00	0.000000e+00	0.000000e+00	0.000000e+00	0.000000e+00	0.000000e+00
1.054960e+05	3.602230e-14	1.587249e-18	0.000000e+00	0.000000e+00	6.627418e-19	3.924805e-14	0.000000e+00	0.000000e+00	0.000000e+00	0.000000e+00	0.000000e+00	0.000000e+00	0.000000e+00	0.000000e+00	0.000000e+00	0.000000e+00
1.055007e+05	3.596296e-14	1.680598e-18	0.000000e+00	0.000000e+00	7.183097e-19	3.911645e-14	0.000000e+00	0.000000e+00	0.000000e+00	0.000000e+00	0.000000e+00	0.000000e+00	0.000000e+00	0.000000e+00	0.000000e+00	0.000000e+00
1.055053e+05	3.590978e-14	1.767953e-18	0.000000e+00	0.000000e+00	7.725184e-19	3.898830e-14	0.000000e+00	0.000000e+00	0.000000e+00	0.000000e+00	0.000000e+00	0.000000e+00	0.000000e+00	0.000000e+00	0.000000e+00	0.000000e+00
1.055099e+05	3.585262e-14	1.859601e-18	0.000000e+00	0.000000e+00	8.297290e-19	3.886391e-14	0.000000e+00	0.000000e+00	0.000000e+00	0.000000e+00	0.000000e+00	0.000000e+00	0.000000e+00	0.000000e+00	0.000000e+00	0.000000e+00
1.055146e+05	3.580192e-14	1.952375e-18	0.000000e+00	0.000000e+00	8.885629e-19	3.874237e-14	0.000000e+00	0.000000e+00	0.000000e+00	0.000000e+00	0.000000e+00	0.000000e+00	0.000000e+00	0.000000e+00	0.000000e+00	0.000000e+00
1.055192e+05	3.574700e-14	2.047799e-18	0.000000e+00	0.000000e+00	9.497035e-19	3.862435e-14	0.000000e+00	0.000000e+00	0.000000e+00	0.000000e+00	0.000000e+00	0.000000e+00	0.000000e+00	0.000000e+00	0.000000e+00	0.000000e+00
1.055239e+05	3.569847e-14	2.146295e-18	0.000000e+00	0.000000e+00	1.013366e-18	3.850904e-14	0.000000e+00	0.000000e+00	0.000000e+00	0.000000e+00	0.000000e+00	0.000000e+00	0.000000e+00	0.000000e+00	0.000000e+00	0.000000e+00
1.055285e+05	3.565019e-14	2.251421e-18	0.000000e+00	0.000000e+00	1.081284e-18	3.839645e-14	0.000000e+00	0.000000e+00	0.000000e+00	0.000000e+00	0.000000e+00	0.000000e+00	0.000000e+00	0.000000e+00	0.000000e+00	0.000000e+00
1.055331e+05	3.559883e-14	2.375503e-18	0.000000e+00	0.000000e+00	1.159583e-18	3.828724e-14	0.000000e+00	0.000000e+00	0.000000e+00	0.000000e+00	0.000000e+00	0.000000e+00	0.000000e+00	0.000000e+00	0.000000e+00	0.000000e+00
1.055378e+05	3.555217e-14	2.523540e-18	0.000000e+00	0.000000e+00	1.251125e-18	3.818024e-14	0.000000e+00	0.000000e+00	0.000000e+00	0.000000e+00	0.000000e+00	0.000000e+00	0.000000e+00	0.000000e+00	0.000000e+00	0.000000e+00
1.055424e+05	3.549690e-14	2.699796e-18	0.000000e+00	0.000000e+00	1.358529e-18	3.807661e-14	0.000000e+00	0.000000e+00	0.000000e+00	0.000000e+00	0.000000e+00	0.000000e+00	0.000000e+00	0.000000e+00	0.000000e+00	0.000000e+00
1.055470e+05	3.546810e-14	2.947073e-18	0.000000e+00	0.000000e+00	1.504177e-18	3.797501e-14	0.000000e+00	0.000000e+00	0.000000e+00	0.000000e+00	0.000000e+00	0.000000e+00	0.000000e+00	0.000000e+00	0.000000e+00	0.000000e+00
1.055563e+05	3.537506e-14	3.574918e-18	0.000000e+00	0.000000e+00	1.873931e-18	3.778361e-14	0.000000e+00	0.000000e+00	0.000000e+00	0.000000e+00	0.000000e+00	0.000000e+00	0.000000e+00	0.000000e+00	0.000000e+00	0.000000e+00
1.055610e+05	3.530709e-14	3.975544e-18	0.000000e+00	0.000000e+00	2.110207e-18	3.769269e-14	0.000000e+00	0.000000e+00	0.000000e+00	0.000000e+00	0.000000e+00	0.000000e+00	0.000000e+00	0.000000e+00	0.000000e+00	0.000000e+00
1.055702e+05	3.521424e-14	5.222583e-18	0.000000e+00	0.000000e+00	2.838359e-18	3.751970e-14	0.000000e+00	0.000000e+00	0.000000e+00	0.000000e+00	0.000000e+00	0.000000e+00	0.000000e+00	0.000000e+00	0.000000e+00	0.000000e+00
1.055795e+05	3.517028e-14	6.976317e-18	0.000000e+00	0.000000e+00	3.875288e-18	3.735874e-14	0.000000e+00	0.000000e+00	0.000000e+00	0.000000e+00	0.000000e+00	0.000000e+00	0.000000e+00	0.000000e+00	0.000000e+00	0.000000e+00
1.055841e+05	3.515660e-14	8.265117e-18	0.000000e+00	0.000000e+00	4.638918e-18	3.728180e-14	0.000000e+00	0.000000e+00	0.000000e+00	0.000000e+00	0.000000e+00	0.000000e+00	0.000000e+00	0.000000e+00	0.000000e+00	0.000000e+00
1.055888e+05	3.502055e-14	9.146802e-18	0.000000e+00	0.000000e+00	5.185226e-18	3.720689e-14	0.000000e+00	0.000000e+00	0.000000e+00	0.000000e+00	0.000000e+00	0.000000e+00	0.000000e+00	0.000000e+00	0.000000e+00	0.000000e+00
1.055934e+05	3.499300e-14	1.054640e-17	0.000000e+00	0.000000e+00	6.036465e-18	3.713401e-14	0.000000e+00	0.000000e+00	0.000000e+00	0.000000e+00	0.000000e+00	0.000000e+00	0.000000e+00	0.000000e+00	0.000000e+00	0.000000e+00
1.056027e+05	3.488176e-14	1.254018e-17	0.000000e+00	0.000000e+00	7.310053e-18	3.699140e-14	0.000000e+00	0.000000e+00	0.000000e+00	0.000000e+00	0.000000e+00	0.000000e+00	0.000000e+00	0.000000e+00	0.000000e+00	0.000000e+00
1.056120e+05	3.497457e-14	1.365519e-17	0.000000e+00	0.000000e+00	8.097264e-18	3.685210e-14	0.000000e+00	0.000000e+00	0.000000e+00	0.000000e+00	0.000000e+00	0.000000e+00	0.000000e+00	0.000000e+00	0.000000e+00	0.000000e+00
1.056212e+05	3.494691e-14	1.604395e-17	0.000000e+00	0.000000e+00	9.667398e-18	3.671533e-14	0.000000e+00	0.000000e+00	0.000000e+00	0.000000e+00	0.000000e+00	0.000000e+00	0.000000e+00	0.000000e+00	0.000000e+00	0.000000e+00
1.056305e+05	3.472435e-14	1.832881e-17	0.000000e+00	0.000000e+00	1.121162e-17	3.658196e-14	0.000000e+00	0.000000e+00	0.000000e+00	0.000000e+00	0.000000e+00	0.000000e+00	0.000000e+00	0.000000e+00	0.000000e+00	0.000000e+00
1.056398e+05	3.433391e-14	2.051159e-17	0.000000e+00	0.000000e+00	1.272580e-17	3.645339e-14	0.000000e+00	0.000000e+00	0.000000e+00	0.000000e+00	0.000000e+00	0.000000e+00	0.000000e+00	0.000000e+00	0.000000e+00	0.000000e+00
1.056491e+05	3.430453e-14	2.582585e-17	0.000000e+00	0.000000e+00	1.623833e-17	3.632544e-14	0.000000e+00	0.000000e+00	0.000000e+00	0.000000e+00	0.000000e+00	0.000000e+00	0.000000e+00	0.000000e+00	0.000000e+00	0.000000e+00
1.056583e+05	3.442838e-14	2.951685e-17	0.000000e+00	0.000000e+00	1.879474e-17	3.620444e-14	0.000000e+00	0.000000e+00	0.000000e+00	0.000000e+00	0.000000e+00	0.000000e+00	0.000000e+00	0.000000e+00	0.000000e+00	0.000000e+00
1.056676e+05	3.446299e-14	3.281110e-17	0.000000e+00	0.000000e+00	2.114326e-17	3.608901e-14	0.000000e+00	0.000000e+00	0.000000e+00	0.000000e+00	0.000000e+00	0.000000e+00	0.000000e+00	0.000000e+00	0.000000e+00	0.000000e+00
1.056769e+05	3.463383e-14	3.766658e-17	0.000000e+00	0.000000e+00	2.454827e-17	3.597522e-14	0.000000e+00	0.000000e+00	0.000000e+00	0.000000e+00	0.000000e+00	0.000000e+00	0.000000e+00	0.000000e+00	0.000000e+00	0.000000e+00
1.056815e+05	3.463939e-14	3.928168e-17	0.000000e+00	0.000000e+00	2.574048e-17	3.592008e-14	0.000000e+00	0.000000e+00	0.000000e+00	0.000000e+00	0.000000e+00	0.000000e+00	0.000000e+00	0.000000e+00	0.000000e+00	0.000000e+00
1.056908e+05	3.448547e-14	4.135535e-17	0.000000e+00	0.000000e+00	2.738443e-17	3.581692e-14	0.000000e+00	0.000000e+00	0.000000e+00	0.000000e+00	0.000000e+00	0.000000e+00	0.000000e+00	0.000000e+00	0.000000e+00	0.000000e+00
1.057001e+05	3.420148e-14	4.542882e-17	0.000000e+00	0.000000e+00	3.038270e-17	3.571163e-14	0.000000e+00	0.000000e+00	0.000000e+00	0.000000e+00	0.000000e+00	0.000000e+00	0.000000e+00	0.000000e+00	0.000000e+00	0.000000e+00
1.057093e+05	3.367173e-14	4.762241e-17	0.000000e+00	0.000000e+00	3.215309e-17	3.561246e-14	0.000000e+00	0.000000e+00	0.000000e+00	0.000000e+00	0.000000e+00	0.000000e+00	0.000000e+00	0.000000e+00	0.000000e+00	0.000000e+00
1.057140e+05	3.356944e-14	5.086031e-17	0.000000e+00	0.000000e+00	3.449655e-17	3.556069e-14	0.000000e+00	0.000000e+00	0.000000e+00	0.000000e+00	0.000000e+00	0.000000e+00	0.000000e+00	0.000000e+00	0.000000e+00	0.000000e+00
1.057232e+05	3.332875e-14	5.239728e-17	0.000000e+00	0.000000e+00	3.585413e-17	3.546147e-14	0.000000e+00	0.000000e+00	0.000000e+00	0.000000e+00	0.000000e+00	0.000000e+00	0.000000e+00	0.000000e+00	0.000000e+00	0.000000e+00
1.057325e+05	3.340930e-14	5.846131e-17	0.000000e+00	0.000000e+00	4.034227e-17	3.536575e-14	0.000000e+00	0.000000e+00	0.000000e+00	0.000000e+00	0.000000e+00	0.000000e+00	0.000000e+00	0.000000e+00	0.000000e+00	0.000000e+00
1.057372e+05	3.349771e-14	6.085110e-17	0.000000e+00	0.000000e+00	4.216283e-17	3.531836e-14	0.000000e+00	0.000000e+00	0.000000e+00	0.000000e+00	0.000000e+00	0.000000e+00	0.000000e+00	0.000000e+00	0.000000e+00	0.000000e+00
1.057464e+05	3.376988e-14	6.403482e-17	0.000000e+00	0.000000e+00	4.471996e-17	3.522383e-14	0.000000e+00	0.000000e+00	0.000000e+00	0.000000e+00	0.000000e+00	0.000000e+00	0.000000e+00	0.000000e+00	0.000000e+00	0.000000e+00
1.057557e+05	3.414270e-14	7.170865e-17	0.000000e+00	0.000000e+00	5.045860e-17	3.513453e-14	0.000000e+00	0.000000e+00	0.000000e+00	0.000000e+00	0.000000e+00	0.000000e+00	0.000000e+00	0.000000e+00	0.000000e+00	0.000000e+00
1.057603e+05	3.426864e-14	7.424788e-17	0.000000e+00	0.000000e+00	5.243668e-17	3.509125e-14	0.000000e+00	0.000000e+00	0.000000e+00	0.000000e+00	0.000000e+00	0.000000e+00	0.000000e+00	0.000000e+00	0.000000e+00	0.000000e+00
1.057696e+05	3.449659e-14	7.983566e-17	0.000000e+00	0.000000e+00	5.678388e-17	3.500285e-14	0.000000e+00	0.000000e+00	0.000000e+00	0.000000e+00	0.000000e+00	0.000000e+00	0.000000e+00	0.000000e+00	0.000000e+00	0.000000e+00
1.057835e+05	3.440068e-14	9.133686e-17	0.000000e+00	0.000000e+00	6.562354e-17	3.487751e-14	0.000000e+00	0.000000e+00	0.000000e+00	0.000000e+00	0.000000e+00	0.000000e+00	0.000000e+00	0.000000e+00	0.000000e+00	0.000000e+00
1.057974e+05	3.391998e-14	1.031699e-16	0.000000e+00	0.000000e+00	7.483374e-17	3.475158e-14	0.000000e+00	0.000000e+00	0.000000e+00	0.000000e+00	0.000000e+00	0.000000e+00	0.000000e+00	0.000000e+00	0.000000e+00	0.000000e+00
1.058114e+05	3.323002e-14	1.148195e-16	0.000000e+00	0.000000e+00	8.403454e-17	3.463308e-14	0.000000e+00	0.000000e+00	0.000000e+00	0.000000e+00	0.000000e+00	0.000000e+00	0.000000e+00	0.000000e+00	0.000000e+00	0.000000e+00
1.058206e+05	3.276348e-14	1.237678e-16	0.000000e+00	0.000000e+00	9.110217e-17	3.455089e-14	0.000000e+00	0.000000e+00	0.000000e+00	0.000000e+00	0.000000e+00	0.000000e+00	0.000000e+00	0.000000e+00	0.000000e+00	0.000000e+00
1.058253e+05	3.256399e-14	1.285417e-16	0.000000e+00	0.000000e+00	9.487913e-17	3.451138e-14	0.000000e+00	0.000000e+00	0.000000e+00	0.000000e+00	0.000000e+00	0.000000e+00	0.000000e+00	0.000000e+00	0.000000e+00	0.000000e+00
1.058345e+05	3.225220e-14	1.367733e-16	0.000000e+00	0.000000e+00	1.015019e-16	3.443329e-14	0.000000e+00	0.000000e+00	0.000000e+00	0.000000e+00	0.000000e+00	0.000000e+00	0.000000e+00	0.000000e+00	0.000000e+00	0.000000e+00
1.058392e+05	3.214272e-14	1.410167e-16	0.000000e+00	0.000000e+00	1.049265e-16	3.439417e-14	0.000000e+00	0.000000e+00	0.000000e+00	0.000000e+00	0.000000e+00	0.000000e+00	0.000000e+00	0.000000e+00	0.000000e+00	0.000000e+00
1.058484e+05	3.204190e-14	1.503751e-16	0.000000e+00	0.000000e+00	1.124642e-16	3.431332e-14	0.000000e+00	0.000000e+00	0.000000e+00	0.000000e+00	0.000000e+00	0.000000e+00	0.000000e+00	0.000000e+00	0.000000e+00	0.000000e+00
1.058531e+05	3.205041e-14	1.551370e-16	0.000000e+00	0.000000e+00	1.163153e-16	3.427305e-14	0.000000e+00	0.000000e+00	0.000000e+00	0.000000e+00	0.000000e+00	0.000000e+00	0.000000e+00	0.000000e+00	0.000000e+00	0.000000e+00
1.058670e+05	3.225763e-14	1.684984e-16	0.000000e+00	0.000000e+00	1.272497e-16	3.415712e-14	0.000000e+00	0.000000e+00	0.000000e+00	0.000000e+00	0.000000e+00	0.000000e+00	0.000000e+00	0.000000e+00	0.000000e+00	0.000000e+00
1.058809e+05	3.267330e-14	1.826994e-16	0.000000e+00	0.000000e+00	1.389259e-16	3.404084e-14	0.000000e+00	0.000000e+00	0.000000e+00	0.000000e+00	0.000000e+00	0.000000e+00	0.000000e+00	0.000000e+00	0.000000e+00	0.000000e+00
1.058948e+05	3.316093e-14	1.968399e-16	0.000000e+00	0.000000e+00	1.506610e-16	3.392843e-14	0.000000e+00	0.000000e+00	0.000000e+00	0.000000e+00	0.000000e+00	0.000000e+00	0.000000e+00	0.000000e+00	0.000000e+00	0.000000e+00
1.058995e+05	3.331750e-14	2.015682e-16	0.000000e+00	0.000000e+00	1.546061e-16	3.389079e-14	0.000000e+00	0.000000e+00	0.000000e+00	0.000000e+00	0.000000e+00	0.000000e+00	0.000000e+00	0.000000e+00	0.000000e+00	0.000000e+00
1.059087e+05	3.359751e-14	2.109751e-16	0.000000e+00	0.000000e+00	1.624901e-16	3.381644e-14	0.000000e+00	0.000000e+00	0.000000e+00	0.000000e+00	0.000000e+00	0.000000e+00	0.000000e+00	0.000000e+00	0.000000e+00	0.000000e+00
1.059134e+05	3.371466e-14	2.156369e-16	0.000000e+00	0.000000e+00	1.664154e-16	3.377925e-14	0.000000e+00	0.000000e+00	0.000000e+00	0.000000e+00	0.000000e+00	0.000000e+00	0.000000e+00	0.000000e+00	0.000000e+00	0.000000e+00
1.059273e+05	3.394128e-14	2.290627e-16	0.000000e+00	0.000000e+00	1.778154e-16	3.367258e-14	0.000000e+00	0.000000e+00	0.000000e+00	0.000000e+00	0.000000e+00	0.000000e+00	0.000000e+00	0.000000e+00	0.000000e+00	0.000000e+00
1.059366e+05	3.397660e-14	2.375393e-16	0.000000e+00	0.000000e+00	1.850903e-16	3.360234e-14	0.000000e+00	0.000000e+00	0.000000e+00	0.000000e+00	0.000000e+00	0.000000e+00	0.000000e+00	0.000000e+00	0.000000e+00	0.000000e+00
1.059412e+05	3.395943e-14	2.417749e-16	1.795477e-20	0.000000e+00	1.887373e-16	3.356843e-14	4.132880e-19	0.000000e+00	1.108316e-22	3.268060e-21	5.364402e-14	0.000000e+00	0.000000e+00	0.000000e+00	0.000000e+00	0.000000e+00
1.059458e+05	3.391955e-14	2.452512e-16	5.158217e-21	0.000000e+00	1.917982e-16	3.353501e-14	3.291677e-20	0.000000e+00	6.491415e-23	5.296924e-22	5.161666e-14	0.000000e+00	0.000000e+00	0.000000e+00	0.000000e+00	0.000000e+00
1.059551e+05	3.377517e-14	2.519045e-16	2.816685e-21	0.000000e+00	1.977007e-16	3.347027e-14	1.491386e-20	0.000000e+00	7.087668e-23	4.781705e-22	4.974915e-14	0.000000e+00	0.000000e+00	0.000000e+00	0.000000e+00	0.000000e+00
1.059597e+05	3.367299e-14	2.544435e-16	2.844114e-21	0.000000e+00	2.000399e-16	3.343846e-14	1.553088e-19	0.000000e+00	8.911463e-23	6.189747e-21	4.913422e-14	0.000000e+00	0.000000e+00	0.000000e+00	0.000000e+00	0.000000e+00
1.059690e+05	3.342039e-14	2.581199e-16	4.004330e-21	0.000000e+00	2.036201e-16	3.337893e-14	4.678427e-19	0.000000e+00	1.739535e-22	2.576344e-20	4.816693e-14	0.000000e+00	0.000000e+00	0.000000e+00	0.000000e+00	0.000000e+00
1.059783e+05	3.311594e-14	2.594051e-16	4.150394e-21	0.000000e+00	2.053101e-16	3.332310e-14	2.486721e-20	0.000000e+00	2.293122e-22	1.735933e-21	4.738430e-14	0.000000e+00	0.000000e+00	0.000000e+00	0.000000e+00	0.000000e+00
1.059876e+05	3.277710e-14	2.586434e-16	3.580547e-21	0.000000e+00	2.053651e-16	3.327010e-14	1.401630e-20	0.000000e+00	2.390804e-22	1.178699e-21	4.672674e-14	0.000000e+00	0.000000e+00	0.000000e+00	0.000000e+00	0.000000e+00
1.059922e+05	3.260117e-14	2.570951e-16	3.241408e-21	0.000000e+00	2.044567e-16	3.324620e-14	1.530734e-20	0.000000e+00	2.347686e-22	1.394115e-21	4.644450e-14	0.000000e+00	0.000000e+00	0.000000e+00	0.000000e+00	0.000000e+00
1.059968e+05	3.242175e-14	2.558086e-16	2.925434e-21	0.000000e+00	2.037490e-16	3.322100e-14	1.008234e-20	0.000000e+00	2.282299e-22	9.875592e-22	4.618960e-14	0.000000e+00	0.000000e+00	0.000000e+00	0.000000e+00	0.000000e+00
1.060061e+05	3.206649e-14	2.521573e-16	2.472214e-21	0.000000e+00	2.014518e-16	3.317514e-14	9.675822e-21	0.000000e+00	2.200067e-22	1.077800e-21	4.573667e-14	0.000000e+00	0.000000e+00	0.000000e+00	0.000000e+00	0.000000e+00
1.060107e+05	3.189357e-14	2.504825e-16	2.290916e-21	0.000000e+00	2.004118e-16	3.315185e-14	6.547175e-19	0.000000e+00	2.162220e-22	7.723227e-20	4.552731e-14	0.000000e+00	0.000000e+00	0.000000e+00	0.000000e+00	0.000000e+00
1.060154e+05	3.172649e-14	2.492911e-16	2.246577e-21	0.000000e+00	1.997517e-16	3.312898e-14	8.515164e-21	0.000000e+00	2.240051e-22	1.059610e-21	4.532531e-14	0.000000e+00	0.000000e+00	0.000000e+00	0.000000e+00	0.000000e+00
1.060247e+05	3.141138e-14	2.487114e-16	1.970571e-21	0.000000e+00	1.998618e-16	3.308196e-14	9.216199e-21	0.000000e+00	2.171135e-22	1.263608e-21	4.494385e-14	0.000000e+00	0.000000e+00	0.000000e+00	0.000000e+00	0.000000e+00
1.060293e+05	3.126648e-14	2.495645e-16	1.930696e-21	0.000000e+00	2.008307e-16	3.305854e-14	1.715466e-20	0.000000e+00	2.226507e-22	2.458357e-21	4.476622e-14	0.000000e+00	0.000000e+00	0.000000e+00	0.000000e+00	0.000000e+00
1.060339e+05	3.113250e-14	2.513793e-16	1.865743e-21	0.000000e+00	2.025733e-16	3.303308e-14	1.231669e-20	0.000000e+00	2.246464e-22	1.840302e-21	4.459710e-14	0.000000e+00	0.000000e+00	0.000000e+00	0.000000e+00	0.000000e+00
1.060432e+05	3.089878e-14	2.576084e-16	1.793619e-21	0.000000e+00	2.081613e-16	3.298273e-14	9.556781e-21	0.000000e+00	2.338901e-22	1.542245e-21	4.428059e-14	0.000000e+00	0.000000e+00	0.000000e+00	0.000000e+00	0.000000e+00
1.060478e+05	3.079959e-14	2.614472e-16	1.808561e-21	0.000000e+00	2.115468e-16	3.295699e-14	8.063808e-21	0.000000e+00	2.447240e-22	1.348531e-21	4.413088e-14	0.000000e+00	0.000000e+00	0.000000e+00	0.000000e+00	0.000000e+00
1.060525e+05	3.071392e-14	2.666809e-16	1.878437e-21	0.000000e+00	2.160675e-16	3.292942e-14	1.591240e-20	0.000000e+00	2.633043e-22	2.752956e-21	4.398618e-14	0.000000e+00	0.000000e+00	0.000000e+00	0.000000e+00	0.000000e+00
1.060618e+05	3.058038e-14	2.800215e-16	2.044178e-21	0.000000e+00	2.274667e-16	3.287293e-14	2.149364e-19	0.000000e+00	3.060659e-22	3.961683e-20	4.371089e-14	0.000000e+00	0.000000e+00	0.000000e+00	0.000000e+00	0.000000e+00
1.060664e+05	3.053351e-14	2.881492e-16	2.190630e-21	0.000000e+00	2.343678e-16	3.284386e-14	9.824966e-21	0.000000e+00	3.382843e-22	1.865363e-21	4.358049e-14	0.000000e+00	0.000000e+00	0.000000e+00	0.000000e+00	0.000000e+00
1.060710e+05	3.049907e-14	2.967747e-16	2.237317e-21	0.000000e+00	2.416878e-16	3.281489e-14	1.081343e-20	0.000000e+00	3.558885e-22	2.112138e-21	4.345494e-14	0.000000e+00	0.000000e+00	0.000000e+00	0.000000e+00	0.000000e+00
1.060803e+05	3.046924e-14	3.160973e-16	2.269811e-21	0.000000e+00	2.580615e-16	3.275414e-14	9.127788e-21	0.000000e+00	3.818047e-22	1.880679e-21	4.321730e-14	0.000000e+00	0.000000e+00	0.000000e+00	0.000000e+00	0.000000e+00
1.060896e+05	3.048698e-14	3.375678e-16	2.565954e-21	0.000000e+00	2.762564e-16	3.269254e-14	9.389064e-21	0.000000e+00	4.545686e-22	2.032458e-21	4.299486e-14	0.000000e+00	0.000000e+00	0.000000e+00	0.000000e+00	0.000000e+00
1.060988e+05	3.054818e-14	3.608405e-16	2.856916e-21	0.000000e+00	2.959994e-16	3.263122e-14	1.156891e-20	0.000000e+00	5.311222e-22	2.621886e-21	4.278520e-14	0.000000e+00	0.000000e+00	0.000000e+00	0.000000e+00	0.000000e+00
1.061081e+05	3.064782e-14	3.854401e-16	2.604638e-21	0.000000e+00	3.169076e-16	3.256781e-14	1.004327e-20	0.000000e+00	5.065420e-22	2.375567e-21	4.258807e-14	0.000000e+00	0.000000e+00	0.000000e+00	0.000000e+00	0.000000e+00
1.061128e+05	3.070921e-14	3.981695e-16	2.668305e-21	0.000000e+00	3.277443e-16	3.253644e-14	8.914774e-21	0.000000e+00	5.301770e-22	2.151932e-21	4.249398e-14	0.000000e+00	0.000000e+00	0.000000e+00	0.000000e+00	0.000000e+00
1.061220e+05	3.085544e-14	4.231343e-16	2.872471e-21	0.000000e+00	3.490691e-16	3.247267e-14	8.873886e-21	0.000000e+00	5.945957e-22	2.226624e-21	4.231308e-14	0.000000e+00	0.000000e+00	0.000000e+00	0.000000e+00	0.000000e+00
1.061267e+05	3.093638e-14	4.355984e-16	3.062512e-21	0.000000e+00	3.597445e-16	3.244164e-14	9.261815e-21	0.000000e+00	6.464523e-22	2.367265e-21	4.222551e-14	0.000000e+00	0.000000e+00	0.000000e+00	0.000000e+00	0.000000e+00
1.061313e+05	3.102343e-14	4.479990e-16	3.740194e-21	0.000000e+00	3.703858e-16	3.240922e-14	1.291320e-20	0.000000e+00	8.046330e-22	3.360162e-21	4.214041e-14	0.000000e+00	0.000000e+00	0.000000e+00	0.000000e+00	0.000000e+00
1.061406e+05	3.120646e-14	4.721111e-16	2.853777e-21	0.000000e+00	3.911510e-16	3.234913e-14	9.891710e-21	0.000000e+00	6.366765e-22	2.663606e-21	4.197431e-14	0.000000e+00	0.000000e+00	0.000000e+00	0.000000e+00	0.000000e+00
1.061499e+05	3.140046e-14	4.940030e-16	2.908211e-21	0.000000e+00	4.101401e-16	3.229119e-14	1.014961e-20	0.000000e+00	6.715281e-22	2.822831e-21	4.181497e-14	0.000000e+00	0.000000e+00	0.000000e+00	0.000000e+00	0.000000e+00
1.061545e+05	3.149783e-14	5.049702e-16	4.469537e-21	0.000000e+00	4.196741e-16	3.226265e-14	1.059345e-20	0.000000e+00	1.049238e-21	2.992281e-21	4.173777e-14	0.000000e+00	0.000000e+00	0.000000e+00	0.000000e+00	0.000000e+00
1.061638e+05	3.169339e-14	5.245113e-16	3.061019e-21	0.000000e+00	4.367917e-16	3.220794e-14	9.327250e-21	0.000000e+00	7.417761e-22	2.714194e-21	4.158728e-14	0.000000e+00	0.000000e+00	0.000000e+00	0.000000e+00	0.000000e+00
1.061730e+05	3.188402e-14	5.425669e-16	6.835929e-21	0.000000e+00	4.527172e-16	3.215476e-14	2.481791e-20	0.000000e+00	1.707327e-21	7.428665e-21	4.144128e-14	0.000000e+00	0.000000e+00	0.000000e+00	0.000000e+00	0.000000e+00
1.061823e+05	3.206531e-14	5.577704e-16	2.873824e-21	0.000000e+00	4.662998e-16	3.210582e-14	1.032812e-20	0.000000e+00	7.386930e-22	3.175523e-21	4.129995e-14	0.000000e+00	0.000000e+00	0.000000e+00	0.000000e+00	0.000000e+00
1.061916e+05	3.223205e-14	5.713417e-16	3.420359e-21	0.000000e+00	4.785464e-16	3.205676e-14	1.287386e-20	0.000000e+00	9.036096e-22	4.060595e-21	4.116401e-14	0.000000e+00	0.000000e+00	0.000000e+00	0.000000e+00	0.000000e+00
1.061962e+05	3.230836e-14	5.762886e-16	3.028213e-21	0.000000e+00	4.831377e-16	3.203322e-14	1.019545e-20	0.000000e+00	8.106717e-22	3.255622e-21	4.109847e-14	0.000000e+00	0.000000e+00	0.000000e+00	0.000000e+00	0.000000e+00
1.062055e+05	3.244686e-14	5.857347e-16	7.767517e-20	0.000000e+00	4.919544e-16	3.198652e-14	1.135907e-20	0.000000e+00	2.133329e-20	3.714451e-21	4.097073e-14	0.000000e+00	0.000000e+00	0.000000e+00	0.000000e+00	0.000000e+00
1.062148e+05	3.256267e-14	5.918690e-16	2.994614e-21	0.000000e+00	4.979963e-16	3.194263e-14	1.032140e-20	0.000000e+00	8.428588e-22	3.452647e-21	4.084832e-14	0.000000e+00	0.000000e+00	0.000000e+00	0.000000e+00	0.000000e+00
1.062194e+05	3.261197e-14	5.940791e-16	8.869061e-21	0.000000e+00	5.002962e-16	3.192232e-14	3.813355e-20	0.000000e+00	2.526050e-21	1.289700e-20	4.078862e-14	0.000000e+00	0.000000e+00	0.000000e+00	0.000000e+00	0.000000e+00
1.062287e+05	3.269137e-14	5.974204e-16	2.698756e-21	0.000000e+00	5.039833e-16	3.188201e-14	1.095469e-20	0.000000e+00	7.865203e-22	3.784514e-21	4.067194e-14	0.000000e+00	0.000000e+00	0.000000e+00	0.000000e+00	0.000000e+00
1.062380e+05	3.274641e-14	5.975377e-16	3.002975e-21	0.000000e+00	5.049396e-16	3.184710e-14	1.129266e-20	0.000000e+00	8.947020e-22	3.981522e-21	4.055959e-14	0.000000e+00	0.000000e+00	0.000000e+00	0.000000e+00	0.000000e+00
1.062426e+05	3.276378e-14	5.972353e-16	2.773089e-21	0.000000e+00	5.051067e-16	3.182907e-14	1.128216e-20	0.000000e+00	8.351000e-22	4.017256e-21	4.050413e-14	0.000000e+00	0.000000e+00	0.000000e+00	0.000000e+00	0.000000e+00
1.062519e+05	3.277947e-14	5.952948e-16	3.155661e-21	0.000000e+00	5.042965e-16	3.179755e-14	1.089103e-20	0.000000e+00	9.702674e-22	3.952904e-21	4.039704e-14	0.000000e+00	0.000000e+00	0.000000e+00	0.000000e+00	0.000000e+00
1.062611e+05	3.276829e-14	5.904709e-16	9.153346e-20	0.000000e+00	5.010195e-16	3.176817e-14	4.764135e-20	0.000000e+00	2.871221e-20	1.761224e-20	4.029163e-14	0.000000e+00	0.000000e+00	0.000000e+00	0.000000e+00	0.000000e+00
1.062658e+05	3.275440e-14	5.886748e-16	2.663953e-21	0.000000e+00	4.998937e-16	3.175451e-14	1.127114e-20	0.000000e+00	8.437906e-22	4.204107e-21	4.024060e-14	0.000000e+00	0.000000e+00	0.000000e+00	0.000000e+00	0.000000e+00
1.062751e+05	3.270585e-14	5.815407e-16	2.474986e-21	0.000000e+00	4.946116e-16	3.172744e-14	1.972162e-20	0.000000e+00	7.989016e-22	7.484776e-21	4.013860e-14	0.000000e+00	0.000000e+00	0.000000e+00	0.000000e+00	0.000000e+00
1.062843e+05	3.263548e-14	5.741135e-16	3.007235e-21	0.000000e+00	4.890474e-16	3.170248e-14	2.102074e-20	0.000000e+00	9.885708e-22	8.112136e-21	4.004027e-14	0.000000e+00	0.000000e+00	0.000000e+00	0.000000e+00	0.000000e+00
1.062890e+05	3.259184e-14	5.704525e-16	2.884556e-21	0.000000e+00	4.862980e-16	3.168974e-14	1.209828e-20	0.000000e+00	9.566979e-22	4.706914e-21	3.999201e-14	0.000000e+00	0.000000e+00	0.000000e+00	0.000000e+00	0.000000e+00
1.063029e+05	3.242832e-14	5.579315e-16	2.734582e-21	0.000000e+00	4.766885e-16	3.165010e-14	1.182909e-20	0.000000e+00	9.305903e-22	4.711564e-21	3.984973e-14	0.000000e+00	0.000000e+00	0.000000e+00	0.000000e+00	0.000000e+00
1.063121e+05	3.229885e-14	5.472188e-16	2.736068e-21	0.000000e+00	4.682167e-16	3.162637e-14	1.179803e-20	0.000000e+00	9.465231e-22	4.770106e-21	3.975873e-14	0.000000e+00	0.000000e+00	0.000000e+00	0.000000e+00	0.000000e+00
1.063261e+05	3.207196e-14	5.335030e-16	2.489558e-21	0.000000e+00	4.574561e-16	3.158557e-14	1.201591e-20	0.000000e+00	8.818561e-22	4.963863e-21	3.962568e-14	0.000000e+00	0.000000e+00	0.000000e+00	0.000000e+00	0.000000e+00
1.063353e+05	3.190312e-14	5.246085e-16	2.288238e-21	0.000000e+00	4.504552e-16	3.155596e-14	1.254622e-20	0.000000e+00	8.229101e-22	5.254696e-21	3.953966e-14	0.000000e+00	0.000000e+00	0.000000e+00	0.000000e+00	0.000000e+00
1.063400e+05	3.181568e-14	5.203975e-16	2.403414e-21	0.000000e+00	4.471458e-16	3.154178e-14	1.595124e-20	0.000000e+00	8.707429e-22	6.725768e-21	3.949770e-14	0.000000e+00	0.000000e+00	0.000000e+00	0.000000e+00	0.000000e+00
1.063539e+05	3.153672e-14	5.098255e-16	7.625154e-20	0.000000e+00	4.389479e-16	3.149289e-14	1.387029e-19	0.000000e+00	2.822581e-20	5.963374e-20	3.937481e-14	0.000000e+00	0.000000e+00	0.000000e+00	0.000000e+00	0.000000e+00
1.063632e+05	3.134373e-14	5.026769e-16	3.840162e-21	0.000000e+00	4.333636e-16	3.146196e-14	1.391720e-20	0.000000e+00	1.441246e-21	6.058665e-21	3.929436e-14	0.000000e+00	0.000000e+00	0.000000e+00	0.000000e+00	0.000000e+00
1.063771e+05	3.104400e-14	4.955528e-16	2.367422e-21	0.000000e+00	4.280485e-16	3.141031e-14	1.227021e-20	0.000000e+00	9.064038e-22	5.438700e-21	3.917692e-14	0.000000e+00	0.000000e+00	0.000000e+00	0.000000e+00	0.000000e+00
1.063863e+05	3.083931e-14	4.938185e-16	2.161150e-21	0.000000e+00	4.270886e-16	3.137373e-14	1.240416e-20	0.000000e+00	8.380992e-22	5.561951e-21	3.910051e-14	0.000000e+00	0.000000e+00	0.000000e+00	0.000000e+00	0.000000e+00
1.063910e+05	3.074001e-14	4.922805e-16	2.327683e-21	0.000000e+00	4.260234e-16	3.135629e-14	1.238246e-20	0.000000e+00	9.083586e-22	5.583665e-21	3.906315e-14	0.000000e+00	0.000000e+00	0.000000e+00	0.000000e+00	0.000000e+00
1.064049e+05	3.043804e-14	4.928935e-16	9.308094e-21	0.000000e+00	4.273375e-16	3.130014e-14	4.033653e-20	0.000000e+00	3.699440e-21	1.849081e-20	3.895282e-14	0.000000e+00	0.000000e+00	0.000000e+00	0.000000e+00	0.000000e+00
1.064142e+05	3.024051e-14	4.956408e-16	4.293565e-21	0.000000e+00	4.302344e-16	3.126070e-14	1.705032e-20	0.000000e+00	1.726661e-21	7.899207e-21	3.888107e-14	0.000000e+00	0.000000e+00	0.000000e+00	0.000000e+00	0.000000e+00
1.064188e+05	3.014175e-14	4.988994e-16	8.331152e-21	0.000000e+00	4.333191e-16	3.124092e-14	3.528219e-20	0.000000e+00	3.369760e-21	1.643064e-20	3.884519e-14	0.000000e+00	0.000000e+00	0.000000e+00	0.000000e+00	0.000000e+00
1.064327e+05	2.985999e-14	5.088124e-16	2.715858e-21	0.000000e+00	4.427008e-16	3.118121e-14	1.323195e-20	0.000000e+00	1.117164e-21	6.255776e-21	3.874099e-14	0.000000e+00	0.000000e+00	0.000000e+00	0.000000e+00	0.000000e+00
1.064420e+05	2.968064e-14	5.173499e-16	2.300474e-21	0.000000e+00	4.506421e-16	3.113957e-14	1.255200e-20	0.000000e+00	9.566339e-22	5.992305e-21	3.867361e-14	0.000000e+00	0.000000e+00	0.000000e+00	0.000000e+00	0.000000e+00
1.064466e+05	2.959326e-14	5.242576e-16	3.906479e-21	0.000000e+00	4.569162e-16	3.111813e-14	1.518272e-20	0.000000e+00	1.633155e-21	7.282822e-21	3.863986e-14	0.000000e+00	0.000000e+00	0.000000e+00	0.000000e+00	0.000000e+00
1.064605e+05	2.934552e-14	5.437664e-16	2.078593e-21	0.000000e+00	4.747068e-16	3.105238e-14	1.231453e-20	0.000000e+00	8.826255e-22	5.989793e-21	3.854151e-14	0.000000e+00	0.000000e+00	0.000000e+00	0.000000e+00	0.000000e+00
1.064698e+05	2.919265e-14	5.581223e-16	2.053606e-21	0.000000e+00	4.877685e-16	3.100695e-14	1.226810e-20	0.000000e+00	8.808333e-22	6.021011e-21	3.847772e-14	0.000000e+00	0.000000e+00	0.000000e+00	0.000000e+00	0.000000e+00
1.064744e+05	2.911929e-14	5.679227e-16	2.215178e-21	0.000000e+00	4.965996e-16	3.098231e-14	1.245296e-20	0.000000e+00	9.548375e-22	6.138696e-21	3.844562e-14	0.000000e+00	0.000000e+00	0.000000e+00	0.000000e+00	0.000000e+00
1.064884e+05	2.891454e-14	5.976658e-16	2.185901e-21	0.000000e+00	5.234352e-16	3.090713e-14	1.234922e-20	0.000000e+00	9.559348e-22	6.166416e-21	3.835216e-14	0.000000e+00	0.000000e+00	0.000000e+00	0.000000e+00	0.000000e+00
1.065023e+05	2.873683e-14	6.310680e-16	4.002269e-21	0.000000e+00	5.535439e-16	3.082612e-14	1.603089e-20	0.000000e+00	1.774833e-21	8.104625e-21	3.826105e-14	0.000000e+00	0.000000e+00	0.000000e+00	0.000000e+00	0.000000e+00
1.065208e+05	2.853969e-14	6.821110e-16	2.411261e-21	0.000000e+00	5.995178e-16	3.070664e-14	1.283051e-20	0.000000e+00	1.088530e-21	6.590115e-21	3.814263e-14	0.000000e+00	0.000000e+00	0.000000e+00	0.000000e+00	0.000000e+00
1.065301e+05	2.845833e-14	7.110781e-16	2.227007e-21	0.000000e+00	6.255902e-16	3.064390e-14	1.220028e-20	0.000000e+00	1.014046e-21	6.314417e-21	3.808543e-14	0.000000e+00	0.000000e+00	0.000000e+00	0.000000e+00	0.000000e+00
1.065347e+05	2.842100e-14	7.247928e-16	3.059906e-21	0.000000e+00	6.379652e-16	3.061004e-14	1.874624e-20	0.000000e+00	1.399208e-21	9.738797e-21	3.805658e-14	0.000000e+00	0.000000e+00	0.000000e+00	0.000000e+00	0.000000e+00
1.065486e+05	2.832804e-14	7.705222e-16	2.068484e-21	0.000000e+00	6.791880e-16	3.050960e-14	1.215680e-20	0.000000e+00	9.576764e-22	6.385294e-21	3.797333e-14	0.000000e+00	0.000000e+00	0.000000e+00	0.000000e+00	0.000000e+00
1.065625e+05	2.826041e-14	8.186779e-16	2.353316e-21	0.000000e+00	7.226463e-16	3.040446e-14	1.754874e-20	0.000000e+00	1.102714e-21	9.315702e-21	3.789142e-14	0.000000e+00	0.000000e+00	0.000000e+00	0.000000e+00	0.000000e+00
1.065811e+05	2.820762e-14	8.850322e-16	2.106587e-21	0.000000e+00	7.826394e-16	3.026081e-14	1.190060e-20	0.000000e+00	1.002437e-21	6.403893e-21	3.778506e-14	0.000000e+00	0.000000e+00	0.000000e+00	0.000000e+00	0.000000e+00
1.065904e+05	2.819587e-14	9.197941e-16	2.079544e-21	0.000000e+00	8.141035e-16	3.018643e-14	1.180352e-20	0.000000e+00	9.969829e-22	6.393553e-21	3.773268e-14	0.000000e+00	0.000000e+00	0.000000e+00	0.000000e+00	0.000000e+00
1.065950e+05	2.819342e-14	9.375576e-16	3.271593e-21	0.000000e+00	8.301910e-16	3.015032e-14	1.321822e-20	0.000000e+00	1.574253e-21	7.183038e-21	3.770718e-14	0.000000e+00	0.000000e+00	0.000000e+00	0.000000e+00	0.000000e+00
1.066089e+05	2.820142e-14	9.890581e-16	2.073050e-21	0.000000e+00	8.769341e-16	3.004273e-14	1.172899e-20	0.000000e+00	1.008355e-21	6.434568e-21	3.763095e-14	0.000000e+00	0.000000e+00	0.000000e+00	0.000000e+00	0.000000e+00
1.066228e+05	2.822764e-14	1.040844e-15	2.071570e-21	0.000000e+00	9.240253e-16	2.993558e-14	1.159986e-20	0.000000e+00	1.018239e-21	6.422510e-21	3.755544e-14	0.000000e+00	0.000000e+00	0.000000e+00	0.000000e+00	0.000000e+00
1.066275e+05	2.824048e-14	1.059501e-15	2.254815e-21	0.000000e+00	9.409817e-16	2.990040e-14	1.192233e-20	0.000000e+00	1.112106e-21	6.620892e-21	3.753102e-14	0.000000e+00	0.000000e+00	0.000000e+00	0.000000e+00	0.000000e+00
1.066414e+05	2.829104e-14	1.110246e-15	2.001619e-21	0.000000e+00	9.872721e-16	2.979917e-14	1.123593e-20	0.000000e+00	9.972043e-22	6.294974e-21	3.745819e-14	0.000000e+00	0.000000e+00	0.000000e+00	0.000000e+00	0.000000e+00
1.066553e+05	2.835741e-14	1.160334e-15	1.951698e-21	0.000000e+00	1.033064e-15	2.970183e-14	1.125070e-20	0.000000e+00	9.818729e-22	6.357374e-21	3.738679e-14	0.000000e+00	0.000000e+00	0.000000e+00	0.000000e+00	0.000000e+00
1.066599e+05	2.838106e-14	1.179159e-15	1.960639e-21	0.000000e+00	1.050243e-15	2.966880e-14	1.140173e-20	0.000000e+00	9.895241e-22	6.460738e-21	3.736348e-14	0.000000e+00	0.000000e+00	0.000000e+00	0.000000e+00	0.000000e+00
1.066738e+05	2.846460e-14	1.227879e-15	1.894764e-21	0.000000e+00	1.094927e-15	2.957854e-14	1.092950e-20	0.000000e+00	9.653011e-22	6.244224e-21	3.729387e-14	0.000000e+00	0.000000e+00	0.000000e+00	0.000000e+00	0.000000e+00
1.066877e+05	2.855830e-14	1.274379e-15	1.912755e-21	0.000000e+00	1.137706e-15	2.949236e-14	1.078215e-20	0.000000e+00	9.834025e-22	6.209343e-21	3.722553e-14	0.000000e+00	0.000000e+00	0.000000e+00	0.000000e+00	0.000000e+00
1.066924e+05	2.859042e-14	1.289879e-15	1.998737e-21	0.000000e+00	1.151982e-15	2.946422e-14	1.101848e-20	0.000000e+00	1.030682e-21	6.362006e-21	3.720339e-14	0.000000e+00	0.000000e+00	0.000000e+00	0.000000e+00	0.000000e+00
1.067109e+05	2.872902e-14	1.350726e-15	2.026881e-21	0.000000e+00	1.208129e-15	2.935643e-14	1.091112e-20	0.000000e+00	1.057466e-21	6.364455e-21	3.711499e-14	0.000000e+00	0.000000e+00	0.000000e+00	0.000000e+00	0.000000e+00
1.067248e+05	2.884216e-14	1.391865e-15	3.867917e-21	0.000000e+00	1.246290e-15	2.928393e-14	1.177602e-20	0.000000e+00	2.035154e-21	6.919853e-21	3.704972e-14	0.000000e+00	0.000000e+00	0.000000e+00	0.000000e+00	0.000000e+00
1.067295e+05	2.887790e-14	1.407585e-15	1.930090e-21	0.000000e+00	1.260820e-15	2.925703e-14	1.076562e-20	0.000000e+00	1.018364e-21	6.341415e-21	3.702832e-14	0.000000e+00	0.000000e+00	0.000000e+00	0.000000e+00	0.000000e+00
1.067434e+05	2.899504e-14	1.446069e-15	1.990136e-21	0.000000e+00	1.296675e-15	2.918918e-14	1.104011e-20	0.000000e+00	1.058671e-21	6.549526e-21	3.696459e-14	0.000000e+00	0.000000e+00	0.000000e+00	0.000000e+00	0.000000e+00
1.067573e+05	2.911292e-14	1.482730e-15	1.083146e-19	0.000000e+00	1.330941e-15	2.912321e-14	2.387607e-17	0.000000e+00	5.807982e-20	1.426279e-17	3.690227e-14	0.000000e+00	0.000000e+00	0.000000e+00	0.000000e+00	0.000000e+00
1.067619e+05	2.915106e-14	1.495969e-15	1.972688e-21	0.000000e+00	1.343287e-15	2.910080e-14	1.063928e-20	0.000000e+00	1.060547e-21	6.369971e-21	3.688137e-14	0.000000e+00	0.000000e+00	0.000000e+00	0.000000e+00	0.000000e+00
1.067805e+05	2.930496e-14	1.540086e-15	8.899818e-21	0.000000e+00	1.384778e-15	2.901904e-14	6.884421e-20	0.000000e+00	4.833813e-21	4.158540e-20	3.679942e-14	0.000000e+00	0.000000e+00	0.000000e+00	0.000000e+00	0.000000e+00
1.067944e+05	2.941706e-14	1.572740e-15	1.957725e-21	0.000000e+00	1.415547e-15	2.895831e-14	1.201624e-20	0.000000e+00	1.071250e-21	7.305338e-21	3.673932e-14	0.000000e+00	0.000000e+00	0.000000e+00	0.000000e+00	0.000000e+00
1.067990e+05	2.945428e-14	1.582136e-15	1.920803e-21	0.000000e+00	1.424470e-15	2.893788e-14	1.028707e-20	0.000000e+00	1.053612e-21	6.267292e-21	3.672021e-14	0.000000e+00	0.000000e+00	0.000000e+00	0.000000e+00	0.000000e+00
1.068176e+05	2.959380e-14	1.620755e-15	2.083738e-21	0.000000e+00	1.461125e-15	2.885877e-14	1.055351e-20	0.000000e+00	1.153957e-21	6.482964e-21	3.664165e-14	0.000000e+00	0.000000e+00	0.000000e+00	0.000000e+00	0.000000e+00
1.068315e+05	2.969476e-14	1.645042e-15	1.364573e-19	0.000000e+00	1.484424e-15	2.880434e-14	1.039785e-18	0.000000e+00	7.609688e-20	6.425883e-19	3.658442e-14	0.000000e+00	0.000000e+00	0.000000e+00	0.000000e+00	0.000000e+00
1.068361e+05	2.972388e-14	1.655103e-15	1.978143e-21	0.000000e+00	1.493969e-15	2.878321e-14	1.029271e-20	0.000000e+00	1.105654e-21	6.373456e-21	3.656457e-14	0.000000e+00	0.000000e+00	0.000000e+00	0.000000e+00	0.000000e+00
1.068547e+05	2.984328e-14	1.683667e-15	2.199727e-21	0.000000e+00	1.521619e-15	2.871136e-14	1.039912e-20	0.000000e+00	1.240562e-21	6.489280e-21	3.649073e-14	0.000000e+00	0.000000e+00	0.000000e+00	0.000000e+00	0.000000e+00
1.068686e+05	2.992263e-14	1.703407e-15	1.217805e-20	0.000000e+00	1.540849e-15	2.865736e-14	1.059991e-20	0.000000e+00	6.912959e-21	6.651911e-21	3.643537e-14	0.000000e+00	0.000000e+00	0.000000e+00	0.000000e+00	0.000000e+00
1.068732e+05	2.994783e-14	1.709865e-15	2.150977e-21	0.000000e+00	1.547150e-15	2.864042e-14	1.047399e-20	0.000000e+00	1.223637e-21	6.585036e-21	3.641746e-14	0.000000e+00	0.000000e+00	0.000000e+00	0.000000e+00	0.000000e+00
1.068918e+05	3.003563e-14	1.734022e-15	2.319307e-21	0.000000e+00	1.570847e-15	2.856989e-14	1.044837e-20	0.000000e+00	1.330537e-21	6.616647e-21	3.634548e-14	0.000000e+00	0.000000e+00	0.000000e+00	0.000000e+00	0.000000e+00
1.069057e+05	3.009159e-14	1.748590e-15	3.330615e-21	0.000000e+00	1.585408e-15	2.851788e-14	1.292619e-20	0.000000e+00	1.922470e-21	8.229103e-21	3.629228e-14	0.000000e+00	0.000000e+00	0.000000e+00	0.000000e+00	0.000000e+00
1.069103e+05	3.010624e-14	1.755939e-15	2.329508e-21	0.000000e+00	1.592523e-15	2.849904e-14	1.065020e-20	0.000000e+00	1.347332e-21	6.791912e-21	3.627419e-14	0.000000e+00	0.000000e+00	0.000000e+00	0.000000e+00	0.000000e+00
1.069196e+05	3.013831e-14	1.762734e-15	2.447902e-21	5.866734e-20	1.599584e-15	2.846800e-14	1.088865e-20	1.298636e-19	1.421464e-21	6.967800e-21	3.623979e-14	1.793182e-19	2.617058e-23	6.383874e-23	1.377525e-22	3.566606e-14
1.069289e+05	3.016116e-14	1.772797e-15	2.515358e-21	2.184086e-21	1.609609e-15	2.843247e-14	1.086567e-20	4.772421e-21	1.466383e-21	6.976577e-21	3.620497e-14	2.350154e-21	1.287135e-23	3.097645e-23	2.375764e-23	3.332583e-14
1.069428e+05	3.019201e-14	1.782442e-15	2.535451e-21	6.656819e-22	1.619698e-15	2.838594e-14	1.113052e-20	1.099816e-21	1.486669e-21	7.182181e-21	3.615404e-14	9.109855e-21	9.288639e-24	1.688834e-23	2.167892e-22	3.195712e-14
1.069521e+05	3.020617e-14	1.790824e-15	2.669338e-21	1.581909e-21	1.628193e-15	2.835482e-14	1.242143e-20	2.536007e-21	1.571111e-21	8.041215e-21	3.611955e-14	8.887800e-21	3.045950e-23	5.370795e-23	2.907584e-22	3.133372e-14
1.069567e+05	3.021146e-14	1.793004e-15	2.524315e-21	2.049856e-21	1.630611e-15	2.833954e-14	1.354730e-20	3.721492e-21	1.488538e-21	8.784152e-21	3.610305e-14	6.520288e-21	4.485955e-23	8.955281e-23	2.419813e-22	3.106105e-14
1.069706e+05	3.022036e-14	1.802349e-15	2.569463e-21	1.036874e-21	1.640413e-15	2.829439e-14	1.877311e-20	2.115921e-21	1.523573e-21	1.223046e-20	3.605303e-14	3.257137e-21	3.078309e-23	6.901942e-23	1.630802e-22	3.043604e-14
1.069845e+05	3.022071e-14	1.809141e-15	2.582307e-21	7.967219e-22	1.647881e-15	2.824984e-14	1.161101e-20	1.129522e-21	1.539509e-21	7.599601e-21	3.600367e-14	1.913044e-21	2.977264e-23	4.633956e-23	1.199116e-22	2.991386e-14
1.069984e+05	3.020915e-14	1.815650e-15	2.629939e-21	1.466949e-21	1.655081e-15	2.820644e-14	1.124930e-20	2.826441e-21	1.576246e-21	7.396339e-21	3.595496e-14	4.835405e-21	6.590832e-23	1.393087e-22	3.624764e-22	2.949128e-14
1.070077e+05	3.019625e-14	1.819912e-15	2.674453e-21	1.124926e-21	1.659805e-15	2.818010e-14	1.147287e-20	2.336543e-21	1.608507e-21	7.565779e-21	3.592356e-14	5.451469e-21	5.613739e-23	1.278485e-22	4.523284e-22	2.924094e-14
1.070262e+05	3.015979e-14	1.825522e-15	2.761940e-21	6.363644e-22	1.666576e-15	2.812866e-14	1.141133e-20	1.361242e-21	1.672473e-21	7.569077e-21	3.586034e-14	6.637280e-21	3.798968e-23	8.901372e-23	6.543423e-22	2.880594e-14
1.070402e+05	3.012368e-14	1.827663e-15	2.839624e-21	1.097789e-21	1.669752e-15	2.809540e-14	1.161022e-20	1.965684e-21	1.728108e-21	7.733833e-21	3.581346e-14	6.444076e-21	7.345591e-23	1.439679e-22	7.085303e-22	2.850795e-14
1.070494e+05	3.009534e-14	1.828238e-15	3.198492e-21	1.204263e-21	1.671081e-15	2.807406e-14	1.263328e-20	2.301766e-21	1.952875e-21	8.438802e-21	3.578323e-14	5.631452e-21	8.629882e-23	1.804596e-22	6.609592e-22	2.832094e-14
1.070680e+05	3.002322e-14	1.830239e-15	3.080533e-21	7.527624e-22	1.674496e-15	2.803151e-14	1.187428e-20	1.747198e-21	1.892942e-21	7.975216e-21	3.572241e-14	4.060505e-21	6.098479e-23	1.547140e-22	5.353432e-22	2.799107e-14
1.070819e+05	2.996167e-14	1.830867e-15	3.185179e-21	6.421500e-22	1.676238e-15	2.800445e-14	1.216014e-20	1.427744e-21	1.966455e-21	8.199920e-21	3.567724e-14	3.421176e-21	5.644952e-23	1.370866e-22	4.871346e-22	2.777069e-14
1.070958e+05	2.988844e-14	1.830136e-15	4.313064e-21	7.675928e-22	1.676719e-15	2.797682e-14	1.432603e-20	1.604851e-21	2.675069e-21	9.698353e-21	3.563263e-14	6.046091e-21	7.268860e-23	1.658796e-22	9.231258e-22	2.755986e-14
1.071097e+05	2.981278e-14	1.829076e-15	3.784344e-19	1.018926e-21	1.676882e-15	2.795348e-14	1.215354e-18	2.157260e-21	2.357764e-19	8.259271e-19	3.558888e-14	5.520819e-19	1.033051e-22	2.385673e-22	8.984065e-20	2.736002e-14
1.071236e+05	2.972870e-14	1.827883e-15	3.705830e-21	9.439594e-22	1.676904e-15	2.793082e-14	1.568555e-20	2.144473e-21	2.319094e-21	1.069974e-20	3.554492e-14	9.158344e-21	1.019264e-22	2.524029e-22	1.580220e-21	2.717566e-14
1.071375e+05	2.963964e-14	1.824955e-15	3.516480e-21	8.805145e-22	1.675315e-15	2.791321e-14	1.621315e-20	1.997151e-21	2.210181e-21	1.110051e-20	3.550180e-14	1.197856e-20	1.007950e-22	2.490400e-22	2.181662e-21	2.700603e-14
1.071561e+05	2.951011e-14	1.819961e-15	2.987153e-21	7.584644e-22	1.672166e-15	2.789196e-14	1.263597e-20	1.699261e-21	1.888158e-21	8.693050e-21	3.544527e-14	2.035048e-20	9.328167e-23	2.274595e-22	3.959632e-21	2.679496e-14
1.071700e+05	2.940642e-14	1.815693e-15	2.925666e-21	7.384036e-22	1.669299e-15	2.787586e-14	1.263940e-20	1.557126e-21	1.856999e-21	8.726129e-21	3.540326e-14	3.076141e-20	9.545113e-23	2.189370e-22	6.264789e-21	2.664259e-14
1.071839e+05	2.929857e-14	1.812060e-15	2.875229e-21	8.040783e-22	1.666998e-15	2.786435e-14	1.286397e-20	1.646934e-21	1.832452e-21	8.911944e-21	3.536274e-14	4.414279e-20	1.089180e-22	2.425017e-22	9.382117e-21	2.649712e-14
1.071978e+05	2.918930e-14	1.806317e-15	2.823146e-21	8.381734e-22	1.662735e-15	2.785452e-14	1.288485e-20	1.634054e-21	1.806485e-21	8.956769e-21	3.532163e-14	5.986671e-20	1.186515e-22	2.512908e-22	1.324413e-20	2.635906e-14
1.072164e+05	2.903439e-14	1.798891e-15	2.753081e-21	7.934688e-22	1.657233e-15	2.784389e-14	1.289128e-20	1.699390e-21	1.770896e-21	9.001012e-21	3.526793e-14	8.320595e-20	1.186741e-22	2.758929e-22	1.934668e-20	2.618412e-14
1.072256e+05	2.895385e-14	1.795025e-15	2.727417e-21	7.352838e-22	1.654327e-15	2.783968e-14	1.296196e-20	1.586771e-21	1.758903e-21	9.070056e-21	3.524157e-14	9.528237e-20	1.128734e-22	2.643017e-22	2.268083e-20	2.610012e-14
1.072442e+05	2.879116e-14	1.786655e-15	2.703690e-21	7.222751e-22	1.647902e-15	2.783416e-14	1.312823e-20	1.409415e-21	1.752430e-21	9.225704e-21	3.518890e-14	1.211525e-19	1.164985e-22	2.464712e-22	3.014854e-20	2.593930e-14
1.072627e+05	2.862558e-14	1.777774e-15	2.824653e-21	6.302047e-22	1.640968e-15	2.783052e-14	1.721823e-20	1.436864e-21	1.839889e-21	1.215042e-20	3.513699e-14	1.511862e-19	1.064641e-22	2.629746e-22	3.921094e-20	2.578438e-14
1.072720e+05	2.854192e-14	1.772062e-15	2.760130e-21	9.688235e-21	1.636314e-15	2.782948e-14	1.318550e-20	8.714188e-21	1.802225e-21	9.323701e-21	3.511048e-14	2.297115e-19	1.673205e-21	1.629835e-21	6.075861e-20	2.570981e-14
1.072906e+05	2.837053e-14	1.762290e-15	2.872156e-21	6.691936e-22	1.628504e-15	2.782695e-14	1.487003e-20	1.379962e-21	1.884332e-21	1.055722e-20	3.505933e-14	2.107565e-19	1.205493e-22	2.690102e-22	5.786881e-20	2.556691e-14
1.073091e+05	2.819827e-14	1.751583e-15	4.356106e-21	6.739000e-22	1.619794e-15	2.782658e-14	1.996855e-20	1.463483e-21	2.871252e-21	1.423280e-20	3.500902e-14	2.666714e-19	1.263192e-22	2.966418e-22	7.583637e-20	2.543236e-14
1.073230e+05	2.806971e-14	1.742156e-15	3.323313e-21	6.937269e-22	1.611946e-15	2.783084e-14	1.669368e-20	1.346166e-21	2.198023e-21	1.193299e-20	3.497231e-14	3.169732e-19	1.337770e-22	2.805613e-22	9.241754e-20	2.533424e-14
1.073416e+05	2.789732e-14	1.731129e-15	4.327286e-21	6.201723e-22	1.602879e-15	2.783316e-14	1.617618e-20	1.341347e-21	2.874899e-21	1.160678e-20	3.492307e-14	3.940872e-19	1.239839e-22	2.896162e-22	1.185873e-19	2.520719e-14
1.073555e+05	2.776751e-14	1.722010e-15	3.901576e-21	6.847110e-22	1.595270e-15	2.783599e-14	1.657962e-20	1.479775e-21	2.600631e-21	1.192930e-20	3.488688e-14	4.558005e-19	1.404669e-22	3.276906e-22	1.402823e-19	2.511540e-14
1.073694e+05	2.763751e-14	1.713868e-15	4.072508e-21	6.040792e-22	1.588545e-15	2.783548e-14	1.736407e-20	1.251426e-21	2.723385e-21	1.252784e-20	3.485144e-14	5.165658e-19	1.270434e-22	2.839493e-22	1.624564e-19	2.502586e-14
1.073879e+05	2.746965e-14	1.700945e-15	4.617300e-21	6.076340e-22	1.577635e-15	2.783977e-14	1.868753e-20	1.199441e-21	3.100830e-21	1.353086e-20	3.480381e-14	5.958273e-19	1.319098e-22	2.807356e-22	1.926041e-19	2.491095e-14
1.074065e+05	2.730221e-14	1.689244e-15	4.707210e-21	6.655697e-22	1.567825e-15	2.784367e-14	1.970386e-20	1.241624e-21	3.174368e-21	1.431660e-20	3.475688e-14	7.087083e-19	1.489217e-22	2.993294e-22	2.351463e-19	2.480032e-14
1.074204e+05	2.718022e-14	1.677596e-15	5.334976e-21	6.913493e-22	1.557779e-15	2.784703e-14	2.207732e-20	1.217553e-21	3.608729e-21	1.608236e-20	3.472188e-14	9.003534e-19	1.580936e-22	2.998378e-22	3.043744e-19	2.472100e-14
1.074389e+05	2.701907e-14	1.664835e-15	5.010356e-21	6.861653e-22	1.546926e-15	2.784885e-14	2.161921e-20	1.162214e-21	3.402742e-21	1.580163e-20	3.467573e-14	1.618463e-18	1.613464e-22	2.941158e-22	5.603674e-19	2.461763e-14
1.074575e+05	2.686148e-14	1.654036e-15	5.120670e-21	6.247674e-22	1.537866e-15	2.784742e-14	2.255522e-20	1.130704e-21	3.491324e-21	1.654005e-20	3.462888e-14	3.738056e-18	1.508830e-22	2.936956e-22	1.324050e-18	2.451312e-14
1.074714e+05	2.674711e-14	1.642855e-15	5.154457e-21	5.838228e-22	1.528186e-15	2.784959e-14	2.310748e-20	1.124787e-21	3.524527e-21	1.698609e-20	3.459360e-14	7.377620e-18	1.437396e-22	2.977067e-22	2.656403e-18	2.443822e-14
1.074899e+05	2.660034e-14	1.627927e-15	5.155044e-21	6.488901e-22	1.515231e-15	2.785090e-14	2.370271e-20	1.131885e-21	3.538289e-21	1.747894e-20	3.454533e-14	1.754693e-17	1.637687e-22	3.069151e-22	6.452085e-18	2.433416e-14
1.075085e+05	2.645785e-14	1.614298e-15	5.198332e-21	8.035835e-22	1.503454e-15	2.785014e-14	3.131520e-20	1.256732e-21	3.581256e-21	2.316435e-20	3.449373e-14	3.771192e-17	2.076950e-22	3.487636e-22	1.414824e-17	2.422263e-14
1.075224e+05	2.635167e-14	1.604828e-15	5.092205e-21	9.441475e-22	1.495302e-15	2.784588e-14	2.491224e-20	1.464378e-21	3.517743e-21	1.847016e-20	3.445269e-14	6.167298e-17	2.482685e-22	4.132706e-22	2.347570e-17	2.413169e-14
1.075456e+05	2.618637e-14	1.588250e-15	5.225648e-21	5.502996e-21	1.480939e-15	2.784080e-14	2.448185e-20	2.882128e-21	3.626084e-21	1.821896e-20	3.437633e-14	1.190723e-16	1.487601e-21	8.355684e-22	4.638743e-17	2.396479e-14
1.075641e+05	2.606291e-14	1.573954e-15	6.124255e-21	1.443077e-21	1.468454e-15	2.783530e-14	2.418818e-20	2.441358e-21	4.264506e-21	1.805305e-20	3.431022e-14	1.767934e-16	3.984575e-22	7.225301e-22	7.010406e-17	2.382389e-14
1.075780e+05	2.597446e-14	1.562696e-15	4.645280e-21	1.568670e-21	1.458569e-15	2.783241e-14	2.357826e-20	2.820149e-21	3.242998e-21	1.763574e-20	3.425875e-14	2.236004e-16	4.398552e-22	8.472223e-22	8.980820e-17	2.371664e-14
1.075966e+05	2.586099e-14	1.547896e-15	4.999218e-21	1.898377e-21	1.445563e-15	2.782475e-14	2.317528e-20	7.891919e-21	3.501905e-21	1.738328e-20	3.418999e-14	2.865648e-16	5.429984e-22	2.417148e-21	1.170137e-16	2.357403e-14
1.076151e+05	2.575227e-14	1.534728e-15	6.593470e-21	2.064599e-21	1.434054e-15	2.781519e-14	2.269837e-20	3.327348e-21	4.634001e-21	1.707272e-20	3.412207e-14	3.465304e-16	6.019923e-22	1.038291e-21	1.437654e-16	2.343637e-14
1.076337e+05	2.565059e-14	1.521762e-15	3.019764e-20	2.307306e-21	1.422708e-15	2.780422e-14	2.220895e-20	3.421388e-21	2.129257e-20	1.674997e-20	3.405687e-14	4.006153e-16	6.853580e-22	1.087040e-21	1.687659e-16	2.330481e-14
1.076522e+05	2.555689e-14	1.507418e-15	5.560397e-21	2.527910e-21	1.410048e-15	2.779275e-14	3.242553e-20	3.450058e-21	3.933217e-21	2.452048e-20	3.399427e-14	4.471839e-16	7.644768e-22	1.115396e-21	1.911819e-16	2.318418e-14
1.076708e+05	2.547005e-14	1.494742e-15	3.925052e-21	2.681701e-21	1.398924e-15	2.777972e-14	2.185493e-20	3.314131e-21	2.785153e-21	1.657011e-20	3.393512e-14	4.857344e-16	8.251844e-22	1.089639e-21	2.106376e-16	2.307417e-14
1.076893e+05	2.538663e-14	1.483836e-15	1.783133e-20	2.735409e-21	1.389433e-15	2.776332e-14	1.573046e-18	3.144878e-21	1.269183e-20	1.195722e-18	3.387899e-14	5.159305e-16	8.559760e-22	1.050972e-21	2.268245e-16	2.297479e-14
1.077079e+05	2.531763e-14	1.468894e-15	3.686115e-21	2.723261e-21	1.376140e-15	2.775033e-14	2.021698e-20	2.923744e-21	2.631614e-21	1.540627e-20	3.382649e-14	5.388246e-16	8.661640e-22	9.926083e-22	2.400517e-16	2.288331e-14
1.077311e+05	2.523517e-14	1.451815e-15	3.792069e-21	2.533062e-21	1.360989e-15	2.773123e-14	1.926572e-20	2.751878e-21	2.717303e-21	1.472664e-20	3.376594e-14	5.587449e-16	8.216636e-22	9.522129e-22	2.529298e-16	2.278014e-14
1.077450e+05	2.519281e-14	1.440106e-15	3.908055e-21	2.385496e-21	1.350510e-15	2.771688e-14	1.931909e-20	2.648641e-21	2.806535e-21	1.479425e-20	3.373205e-14	5.666314e-16	7.827012e-22	9.266954e-22	2.588857e-16	2.272277e-14
1.077682e+05	2.512472e-14	1.424715e-15	4.195928e-21	2.086082e-21	1.336885e-15	2.769483e-14	1.942256e-20	2.521473e-21	3.024059e-21	1.491772e-20	3.367610e-14	5.755354e-16	6.972493e-22	8.981418e-22	2.669110e-16	2.263320e-14
1.077867e+05	2.507912e-14	1.414486e-15	4.485190e-21	1.840719e-21	1.327919e-15	2.767310e-14	1.983989e-20	2.467171e-21	3.241611e-21	1.527378e-20	3.363434e-14	5.799442e-16	6.241199e-22	8.910599e-22	2.720738e-16	2.256661e-14
1.078053e+05	2.503990e-14	1.401108e-15	9.057162e-21	1.580489e-21	1.315976e-15	2.765579e-14	2.254852e-20	2.523354e-21	6.564009e-21	1.739877e-20	3.359270e-14	5.836436e-16	5.434006e-22	9.236986e-22	2.768849e-16	2.250313e-14
1.078284e+05	2.499799e-14	1.386580e-15	5.066778e-21	1.313687e-21	1.303082e-15	2.763101e-14	2.133831e-20	2.663560e-21	3.684484e-21	1.651117e-20	3.354097e-14	5.883818e-16	4.593522e-22	9.910362e-22	2.829231e-16	2.242404e-14
1.078470e+05	2.496878e-14	1.376926e-15	5.311263e-21	1.203486e-21	1.294597e-15	2.760867e-14	2.223758e-20	2.827256e-21	3.872528e-21	1.724489e-20	3.349929e-14	5.932895e-16	4.263597e-22	1.065311e-21	2.882736e-16	2.236191e-14
1.078655e+05	2.494805e-14	1.365587e-15	5.504470e-21	1.092784e-21	1.284509e-15	2.758893e-14	2.351474e-20	2.925662e-21	4.023880e-21	1.827477e-20	3.345726e-14	5.999459e-16	3.921017e-22	1.116016e-21	2.944740e-16	2.229712e-14
1.078887e+05	2.492914e-14	1.353211e-15	5.729359e-21	1.125276e-21	1.273568e-15	2.756307e-14	2.572023e-20	3.187214e-21	4.201702e-21	2.004183e-20	3.340434e-14	6.111288e-16	4.100452e-22	1.234034e-21	3.036590e-16	2.221227e-14
1.079073e+05	2.492127e-14	1.341615e-15	5.834680e-21	1.419107e-21	1.263201e-15	2.754048e-14	2.750592e-20	3.518949e-21	4.289707e-21	2.147792e-20	3.336010e-14	6.227656e-16	5.233580e-22	1.378326e-21	3.123904e-16	2.214411e-14
1.079258e+05	2.491508e-14	1.332944e-15	5.872098e-21	1.779031e-21	1.255573e-15	2.751785e-14	2.964045e-20	4.306366e-21	4.327904e-21	2.319206e-20	3.331488e-14	6.374427e-16	6.638132e-22	1.705861e-21	3.227151e-16	2.207327e-14
1.079490e+05	2.491548e-14	1.323240e-15	8.813202e-20	1.968344e-21	1.247086e-15	2.748982e-14	4.750987e-20	4.374194e-21	6.515323e-20	3.726733e-20	3.325773e-14	6.592188e-16	7.449624e-22	1.756603e-21	3.374898e-16	2.198604e-14
1.079722e+05	2.492300e-14	1.313137e-15	7.392891e-21	2.532516e-21	1.238203e-15	2.746339e-14	3.692118e-20	5.204270e-21	5.481611e-21	2.903273e-20	3.319823e-14	6.849584e-16	9.717793e-22	2.117843e-21	3.544752e-16	2.189917e-14
1.079861e+05	2.492709e-14	1.309782e-15	2.468442e-20	2.913495e-21	1.235416e-15	2.744572e-14	4.215412e-20	5.854609e-21	1.833495e-20	3.319577e-20	3.316293e-14	7.022219e-16	1.127022e-21	2.401054e-21	3.657091e-16	2.184444e-14
1.080139e+05	2.494970e-14	1.299310e-15	5.647969e-21	3.744004e-21	1.226275e-15	2.741605e-14	4.388522e-20	7.546377e-21	4.209669e-21	3.465763e-20	3.308792e-14	7.397315e-16	1.471206e-21	3.141959e-21	3.899918e-16	2.174132e-14
1.080325e+05	2.496581e-14	1.294281e-15	5.607417e-21	4.320959e-21	1.222010e-15	2.739177e-14	4.677149e-20	9.030375e-21	4.188885e-21	3.700588e-20	3.303842e-14	7.669949e-16	1.715262e-21	3.796734e-21	4.075747e-16	2.166901e-14
1.080510e+05	2.498406e-14	1.291399e-15	5.659598e-21	4.859368e-21	1.219762e-15	2.737010e-14	5.034190e-20	1.066865e-20	4.237269e-21	3.990390e-20	3.298630e-14	7.959603e-16	1.948238e-21	4.528529e-21	4.262390e-16	2.159693e-14
1.080788e+05	2.502260e-14	1.283457e-15	2.011765e-20	5.594079e-21	1.212956e-15	2.733557e-14	6.042969e-20	1.378375e-20	1.511116e-20	4.802942e-20	3.290891e-14	8.412637e-16	2.275497e-21	5.932688e-21	4.555745e-16	2.148101e-14
1.081020e+05	2.505680e-14	1.280374e-15	1.185119e-20	6.175897e-21	1.210609e-15	2.730857e-14	6.197477e-20	1.694021e-20	8.925679e-21	4.936591e-20	3.284327e-14	8.804240e-16	2.541709e-21	7.373564e-21	4.811033e-16	2.138224e-14
1.081159e+05	2.508177e-14	1.278445e-15	7.416745e-21	6.521529e-21	1.209121e-15	2.729412e-14	6.294517e-20	1.909021e-20	5.594709e-21	5.020409e-20	3.280458e-14	9.042335e-16	2.702434e-21	8.364284e-21	4.967319e-16	2.131999e-14
1.081438e+05	2.513260e-14	1.275954e-15	7.562576e-21	7.193424e-21	1.207424e-15	2.726304e-14	6.725436e-20	2.385429e-20	5.722437e-21	5.377826e-20	3.272578e-14	9.521034e-16	3.021042e-21	1.058675e-20	5.284379e-16	2.119507e-14
1.081669e+05	2.517576e-14	1.277334e-15	8.391612e-21	7.726889e-21	1.209271e-15	2.723494e-14	7.089759e-20	2.813285e-20	6.365854e-21	5.680982e-20	3.266039e-14	9.922687e-16	3.280428e-21	1.261596e-20	5.553207e-16	2.109303e-14
1.081855e+05	2.521754e-14	1.274197e-15	9.298247e-21	8.882266e-21	1.206727e-15	2.721529e-14	7.341096e-20	3.295250e-20	7.067697e-21	5.892034e-20	3.260834e-14	1.023938e-15	3.802985e-21	1.489761e-20	5.767637e-16	2.101120e-14
1.082133e+05	2.527739e-14	1.276291e-15	1.114536e-20	8.839835e-21	1.209340e-15	2.718321e-14	7.993676e-20	3.808898e-20	8.496620e-21	6.431315e-20	3.253182e-14	1.070029e-15	3.831915e-21	1.742498e-20	6.084364e-16	2.089552e-14
1.082365e+05	2.532885e-14	1.279179e-15	1.238399e-20	9.389744e-21	1.212593e-15	2.715586e-14	7.921772e-20	4.357318e-20	9.463552e-21	6.386048e-20	3.246726e-14	1.109305e-15	4.111273e-21	2.012602e-20	6.355942e-16	2.080271e-14
1.082551e+05	2.537062e-14	1.282971e-15	1.367734e-20	9.836114e-21	1.216597e-15	2.713376e-14	8.082345e-20	4.814541e-20	1.047166e-20	6.525613e-20	3.241593e-14	1.138415e-15	4.340586e-21	2.240524e-20	6.561625e-16	2.073360e-14
1.082829e+05	2.543611e-14	1.288585e-15	1.561789e-20	1.050251e-20	1.222527e-15	2.710142e-14	8.273976e-20	5.526751e-20	1.199072e-20	6.695628e-20	3.234126e-14	1.181567e-15	4.688083e-21	2.600319e-20	6.869705e-16	2.063524e-14
1.083061e+05	2.549381e-14	1.293315e-15	1.729659e-20	1.104831e-20	1.227514e-15	2.707494e-14	8.396538e-20	6.591910e-20	1.330980e-20	6.807518e-20	3.227969e-14	1.215495e-15	4.977777e-21	3.129165e-20	7.116752e-16	2.056105e-14
1.083246e+05	2.553523e-14	1.301039e-15	1.860648e-20	1.146786e-20	1.235242e-15	2.704975e-14	8.497553e-20	6.637352e-20	1.434344e-20	6.899559e-20	3.223125e-14	1.242237e-15	5.204532e-21	3.172727e-20	7.313322e-16	2.050427e-14
1.083524e+05	2.560428e-14	1.310314e-15	2.108390e-20	1.210423e-20	1.244638e-15	2.701560e-14	8.579603e-20	7.392706e-20	1.629624e-20	6.981300e-20	3.216022e-14	1.280566e-15	5.552194e-21	3.569959e-20	7.599632e-16	2.042489e-14
1.083756e+05	2.566196e-14	1.319849e-15	2.197575e-20	1.258776e-20	1.254182e-15	2.698867e-14	8.652874e-20	8.048901e-20	1.702233e-20	7.053412e-20	3.210286e-14	1.310049e-15	5.824161e-21	3.919091e-20	7.825234e-16	2.036230e-14
1.083988e+05	2.572310e-14	1.326645e-15	5.487435e-20	1.307839e-20	1.261122e-15	2.696143e-14	8.933983e-20	8.721048e-20	4.259586e-20	7.295258e-20	3.204511e-14	1.338655e-15	6.102537e-21	4.280775e-20	8.046864e-16	2.029908e-14
1.084266e+05	2.579387e-14	1.338325e-15	2.463445e-20	1.641842e-19	1.272800e-15	2.692837e-14	8.932154e-20	5.576614e-19	1.917026e-20	7.308745e-20	3.197898e-14	1.370161e-15	7.737187e-20	2.763273e-19	8.297329e-16	2.022509e-14
1.084498e+05	2.585320e-14	1.347985e-15	2.817429e-20	1.411289e-20	1.282462e-15	2.690070e-14	9.028921e-20	1.028134e-19	2.196989e-20	7.400334e-20	3.192449e-14	1.395428e-15	6.704391e-21	5.133738e-20	8.501113e-16	2.016176e-14
1.084730e+05	2.591076e-14	1.360669e-15	2.697495e-17	1.479182e-20	1.295001e-15	2.686994e-14	1.002539e-19	1.097175e-19	2.107709e-17	8.230634e-20	3.187350e-14	1.418587e-15	7.082384e-21	5.519702e-20	8.692883e-16	2.009878e-14
1.085008e+05	2.598136e-14	1.373735e-15	9.277243e-20	1.519759e-20	1.308001e-15	2.683507e-14	9.491925e-20	1.187446e-19	7.266087e-20	7.807840e-20	3.180815e-14	1.445546e-15	7.343986e-21	6.026509e-20	8.918817e-16	2.001940e-14
1.085240e+05	2.603738e-14	1.386225e-15	2.906671e-20	1.569426e-20	1.320360e-15	2.680733e-14	9.788900e-20	1.266777e-19	2.280983e-20	8.064948e-20	3.175653e-14	1.466572e-15	7.641024e-21	6.475187e-20	9.098884e-16	1.995277e-14
1.085472e+05	2.609616e-14	1.397569e-15	2.608432e-20	1.623367e-20	1.331628e-15	2.677958e-14	1.015401e-19	1.351496e-19	2.050863e-20	8.378864e-20	3.170657e-14	1.485442e-15	7.961818e-21	6.956655e-20	9.266035e-16	1.988414e-14
1.085750e+05	2.616334e-14	1.412844e-15	2.728167e-20	1.691461e-20	1.346737e-15	2.674360e-14	1.070388e-19	1.452902e-19	2.149851e-20	8.848917e-20	3.164653e-14	1.507474e-15	8.367409e-21	7.540098e-20	9.463273e-16	1.979950e-14
1.086028e+05	2.622911e-14	1.428429e-15	2.525507e-20	1.772508e-20	1.362143e-15	2.670661e-14	1.125079e-19	1.559852e-19	1.994563e-20	9.317899e-20	3.158955e-14	1.528531e-15	8.842157e-21	8.159986e-20	9.654842e-16	1.971299e-14
1.086260e+05	2.628175e-14	1.441618e-15	2.829799e-20	1.848497e-20	1.375176e-15	2.667421e-14	1.180721e-19	1.648578e-19	2.238941e-20	9.793237e-20	3.154240e-14	1.544061e-15	9.284418e-21	8.680348e-20	9.801970e-16	1.964198e-14
1.086817e+05	2.640645e-14	1.474805e-15	1.130613e-19	2.105434e-20	1.407929e-15	2.659773e-14	1.892006e-19	1.877334e-19	8.983449e-20	1.574728e-19	3.143571e-14	1.577405e-15	1.074373e-20	1.003480e-19	1.013042e-15	1.948492e-14
1.087048e+05	2.645246e-14	1.488484e-15	2.678868e-20	2.254032e-20	1.421438e-15	2.656518e-14	1.392367e-19	1.975334e-19	2.132202e-20	1.160506e-19	3.139115e-14	1.592167e-15	1.157559e-20	1.062283e-19	1.027294e-15	1.941750e-14
1.087605e+05	2.656691e-14	1.521015e-15	3.053999e-20	2.699340e-20	1.453582e-15	2.648328e-14	1.548459e-19	2.210995e-19	2.440597e-20	1.294854e-19	3.128946e-14	1.619231e-15	1.406926e-20	1.205856e-19	1.056076e-15	1.928161e-14
1.087837e+05	2.660694e-14	1.537592e-15	3.278579e-20	2.947239e-20	1.469869e-15	2.644478e-14	1.613087e-19	2.304886e-19	2.624362e-20	1.350699e-19	3.124647e-14	1.631704e-15	1.545332e-20	1.264208e-19	1.068833e-15	1.922673e-14
1.088439e+05	2.671723e-14	1.571237e-15	4.192220e-20	3.793999e-20	1.503185e-15	2.635612e-14	1.964485e-19	2.556039e-19	3.369634e-20	1.650504e-19	3.113877e-14	1.657628e-15	2.019394e-20	1.422069e-19	1.097671e-15	1.911078e-14
1.088671e+05	2.675661e-14	1.583528e-15	4.429387e-20	4.191397e-20	1.515381e-15	2.632159e-14	1.839751e-19	2.629500e-19	3.565801e-20	1.547663e-19	3.109905e-14	1.665816e-15	2.243400e-20	1.470704e-19	1.107545e-15	1.907415e-14
1.089274e+05	2.684403e-14	1.620591e-15	5.510451e-20	5.431164e-20	1.551985e-15	2.622113e-14	1.950233e-19	2.827676e-19	4.453595e-20	1.645872e-19	3.099675e-14	1.687162e-15	2.948093e-20	1.602743e-19	1.133135e-15	1.899062e-14
1.089506e+05	2.687413e-14	1.634407e-15	5.970663e-20	5.972353e-20	1.565646e-15	2.618517e-14	1.988570e-19	2.888839e-19	4.832673e-20	1.680243e-19	3.095892e-14	1.693988e-15	3.258858e-20	1.645545e-19	1.141998e-15	1.896320e-14
1.090155e+05	2.695674e-14	1.666019e-15	7.287984e-20	7.613676e-20	1.597130e-15	2.607714e-14	2.063254e-19	3.026316e-19	5.922719e-20	1.749066e-19	3.085324e-14	1.714635e-15	4.213735e-20	1.747136e-19	1.167699e-15	1.890009e-14
1.090387e+05	2.698143e-14	1.677894e-15	7.756583e-20	8.218204e-20	1.608936e-15	2.603705e-14	2.081167e-19	3.055716e-19	6.312374e-20	1.766261e-19	3.081550e-14	1.720537e-15	4.570629e-20	1.772302e-19	1.175820e-15	1.887976e-14
1.091036e+05	2.703481e-14	1.713332e-15	9.079885e-20	9.915987e-20	1.644096e-15	2.592098e-14	2.137026e-19	3.111588e-19	7.417599e-20	1.819312e-19	3.071788e-14	1.738664e-15	5.588570e-20	1.827516e-19	1.199492e-15	1.882043e-14
1.091268e+05	2.705723e-14	1.722197e-15	9.527428e-20	1.048095e-19	1.653017e-15	2.587993e-14	2.128939e-19	3.110612e-19	7.793579e-20	1.814387e-19	3.068221e-14	1.746234e-15	5.934170e-20	1.834894e-19	1.208650e-15	1.879566e-14
1.091917e+05	2.709620e-14	1.750466e-15	1.074487e-19	1.185732e-19	1.681301e-15	2.575969e-14	2.131809e-19	3.077379e-19	8.821482e-20	1.822203e-19	3.058984e-14	1.761192e-15	6.797682e-20	1.836806e-19	1.229817e-15	1.873424e-14
1.092195e+05	2.710943e-14	1.761497e-15	1.117345e-19	1.234155e-19	1.692382e-15	2.571025e-14	2.097797e-19	3.061262e-19	9.187279e-20	1.795341e-19	3.054936e-14	1.767642e-15	7.111984e-20	1.836137e-19	1.238841e-15	1.870020e-14
1.092845e+05	2.712110e-14	1.791155e-15	1.221944e-19	1.314963e-19	1.722001e-15	2.558589e-14	2.087795e-19	2.958210e-19	1.008209e-19	1.791790e-19	3.045771e-14	1.783018e-15	7.666805e-20	1.794029e-19	1.259961e-15	1.861637e-14
1.093123e+05	2.712940e-14	1.799885e-15	1.262714e-19	1.334091e-19	1.730867e-15	2.553468e-14	2.068914e-19	2.964130e-19	1.043352e-19	1.777663e-19	3.041858e-14	1.788572e-15	7.816212e-20	1.805881e-19	1.268210e-15	1.857716e-14
1.093818e+05	2.712828e-14	1.822352e-15	1.365779e-19	1.345434e-19	1.753643e-15	2.540600e-14	2.058871e-19	2.764158e-19	1.132485e-19	1.774077e-19	3.032018e-14	1.803900e-15	7.975941e-20	1.702840e-19	1.289675e-15	1.846756e-14
1.094050e+05	2.712379e-14	1.830002e-15	1.399394e-19	1.338188e-19	1.761387e-15	2.536239e-14	2.056337e-19	2.712658e-19	1.161685e-19	1.773533e-19	3.028714e-14	1.809344e-15	7.963227e-20	1.677118e-19	1.297015e-15	1.842812e-14
1.094746e+05	2.710548e-14	1.848462e-15	1.505753e-19	1.293196e-19	1.780290e-15	2.523298e-14	2.075487e-19	2.571938e-19	1.254165e-19	1.794903e-19	3.018929e-14	1.824943e-15	7.781241e-20	1.606811e-19	1.318356e-15	1.829265e-14
1.095024e+05	2.709006e-14	1.857046e-15	1.550148e-19	1.265857e-19	1.789003e-15	2.517836e-14	2.086036e-19	2.519727e-19	1.292828e-19	1.805930e-19	3.014949e-14	1.831056e-15	7.649550e-20	1.580579e-19	1.326738e-15	1.823876e-14
1.095766e+05	2.704039e-14	1.877540e-15	1.677301e-19	1.183328e-19	1.809919e-15	2.503292e-14	2.122771e-19	2.420979e-19	1.403623e-19	1.842776e-19	3.004879e-14	1.846450e-15	7.230700e-20	1.534603e-19	1.348259e-15	1.809568e-14
1.096044e+05	2.702498e-14	1.880199e-15	1.730609e-19	1.153013e-19	1.812913e-15	2.498615e-14	2.145851e-19	2.357009e-19	1.450028e-19	1.864678e-19	3.001339e-14	1.851312e-15	7.073965e-20	1.499743e-19	1.355598e-15	1.803797e-14
1.096786e+05	2.695033e-14	1.898131e-15	1.876870e-19	1.083402e-19	1.831335e-15	2.484300e-14	2.211657e-19	2.307160e-19	1.577647e-19	1.926867e-19	2.991989e-14	1.866825e-15	6.716674e-20	1.482520e-19	1.376869e-15	1.789284e-14
1.097064e+05	2.691996e-14	1.904222e-15	1.936879e-19	1.064813e-19	1.837628e-15	2.478956e-14	2.241305e-19	2.288629e-19	1.630007e-19	1.954555e-19	2.988359e-14	1.872392e-15	6.626565e-20	1.475877e-19	1.384601e-15	1.784051e-14
1.097806e+05	2.684411e-14	1.910152e-15	2.095198e-19	1.047184e-19	1.844439e-15	2.466012e-14	2.316206e-19	2.298685e-19	1.768651e-19	2.024874e-19	2.979641e-14	1.887249e-15	6.581294e-20	1.496137e-19	1.405077e-15	1.770450e-14
1.098084e+05	2.680816e-14	1.912632e-15	2.156911e-19	1.051777e-19	1.847234e-15	2.461038e-14	2.355208e-19	2.323710e-19	1.822788e-19	2.060833e-19	2.976576e-14	1.890340e-15	6.633887e-20	1.517526e-19	1.410850e-15	1.765764e-14
1.098873e+05	2.669820e-14	1.922008e-15	2.334448e-19	1.119029e-19	1.857401e-15	2.447371e-14	2.457765e-19	2.420012e-19	1.978940e-19	2.155948e-19	2.967457e-14	1.907710e-15	7.127969e-20	1.595113e-19	1.433470e-15	1.753161e-14
1.099151e+05	2.666195e-14	1.920848e-15	2.391560e-19	1.164380e-19	1.856663e-15	2.442820e-14	2.491598e-19	2.505627e-19	2.029516e-19	2.187505e-19	2.964339e-14	1.912882e-15	7.441931e-20	1.656789e-19	1.440681e-15	1.749266e-14
1.099939e+05	2.653085e-14	1.930217e-15	2.554060e-19	1.308525e-19	1.866785e-15	2.428754e-14	2.603121e-19	2.593475e-19	2.173809e-19	2.290849e-19	2.955246e-14	1.926677e-15	8.441292e-20	1.729900e-19	1.460312e-15	1.738967e-14
1.100264e+05	2.647566e-14	1.931208e-15	2.614169e-19	1.390506e-19	1.868173e-15	2.423566e-14	2.645791e-19	2.668306e-19	2.227602e-19	2.330619e-19	2.951870e-14	1.928186e-15	9.003533e-20	1.786025e-19	1.465159e-15	1.736229e-14
1.101052e+05	2.634326e-14	1.931030e-15	2.753076e-19	1.614921e-19	1.869020e-15	2.411939e-14	2.752618e-19	2.804564e-19	2.352547e-19	2.430195e-19	2.943062e-14	1.939880e-15	1.054861e-19	1.892712e-19	1.482855e-15	1.729195e-14
1.101377e+05	2.628533e-14	1.929133e-15	2.800798e-19	1.716373e-19	1.867593e-15	2.407225e-14	2.777419e-19	2.861881e-19	2.396020e-19	2.454313e-19	2.939152e-14	1.944078e-15	1.125064e-19	1.937746e-19	1.489603e-15	1.726799e-14
1.102211e+05	2.611585e-14	1.933692e-15	2.917577e-19	1.995389e-19	1.873037e-15	2.394128e-14	2.878483e-19	3.000019e-19	2.502969e-19	2.549398e-19	2.929825e-14	1.952798e-15	1.319444e-19	2.047993e-19	1.505178e-15	1.722093e-14
1.102536e+05	2.605500e-14	1.930112e-15	2.948847e-19	2.097756e-19	1.869961e-15	2.389879e-14	2.915701e-19	3.045734e-19	2.532501e-19	2.584583e-19	2.926354e-14	1.957218e-15	1.391724e-19	2.085643e-19	1.511958e-15	1.720252e-14
1.103371e+05	2.588836e-14	1.923774e-15	3.032388e-19	2.366866e-19	1.864800e-15	2.379398e-14	2.995289e-19	3.137247e-19	2.611240e-19	2.660864e-19	2.917072e-14	1.963789e-15	1.583272e-19	2.164973e-19	1.525509e-15	1.717626e-14
1.103695e+05	2.582166e-14	1.921802e-15	3.060711e-19	2.460035e-19	1.863259e-15	2.375359e-14	3.022568e-19	3.158949e-19	2.638312e-19	2.687294e-19	2.913691e-14	1.964408e-15	1.650736e-19	2.186323e-19	1.529200e-15	1.717107e-14
1.104530e+05	2.563869e-14	1.919147e-15	3.286226e-19	2.675562e-19	1.861619e-15	2.364971e-14	3.436479e-19	3.194676e-19	2.839949e-19	3.061569e-19	2.904934e-14	1.968532e-15	1.809418e-19	2.227246e-19	1.540470e-15	1.715657e-14
1.104901e+05	2.556245e-14	1.913610e-15	3.134569e-19	2.753023e-19	1.856653e-15	2.361126e-14	3.117621e-19	3.206652e-19	2.711887e-19	2.779969e-19	2.901313e-14	1.973387e-15	1.868084e-19	2.242649e-19	1.547765e-15	1.715027e-14
1.106106e+05	2.529494e-14	1.903135e-15	3.196027e-19	2.953601e-19	1.847758e-15	2.348638e-14	3.227495e-19	3.231203e-19	2.774709e-19	2.886006e-19	2.889616e-14	1.981561e-15	2.025450e-19	2.282225e-19	1.565201e-15	1.714326e-14
