State0	Sigma0	State1	Sigma1	State2	Sigma2	State3	Sigma3	State4	Sigma4	
9.308089e+04	2.488883e-14	1.052317e+05	4.541037e-14	1.053884e+05	4.537761e-14	1.059414e+05	4.834259e-14	1.069235e+05	3.358899e-14
9.308111e+04	2.379579e-14	1.052319e+05	4.456284e-14	1.053886e+05	4.453895e-14	1.059416e+05	4.683571e-14	1.069237e+05	3.353881e-14
9.308133e+04	2.656732e-14	1.052322e+05	4.669288e-14	1.053888e+05	4.668603e-14	1.059419e+05	5.121052e-14	1.069239e+05	3.368399e-14
9.308157e+04	2.576217e-14	1.052324e+05	4.625942e-14	1.053891e+05	4.626053e-14	1.059421e+05	5.035711e-14	1.069242e+05	3.366476e-14
9.308182e+04	2.490945e-14	1.052327e+05	4.572687e-14	1.053893e+05	4.573118e-14	1.059424e+05	4.931427e-14	1.069244e+05	3.362691e-14
9.308209e+04	2.402693e-14	1.052329e+05	4.507137e-14	1.053896e+05	4.507493e-14	1.059426e+05	4.805519e-14	1.069247e+05	3.357918e-14
9.308236e+04	2.313891e-14	1.052332e+05	4.426727e-14	1.053899e+05	4.426742e-14	1.059429e+05	4.655756e-14	1.069250e+05	3.352637e-14
9.308265e+04	2.506202e-14	1.052335e+05	4.610687e-14	1.053901e+05	4.613214e-14	1.059432e+05	5.047030e-14	1.069252e+05	3.359591e-14
9.308295e+04	2.439074e-14	1.052338e+05	4.566164e-14	1.053904e+05	4.569224e-14	1.059435e+05	4.955824e-14	1.069255e+05	3.359624e-14
9.308327e+04	2.369279e-14	1.052341e+05	4.510329e-14	1.053908e+05	4.513658e-14	1.059438e+05	4.843525e-14	1.069259e+05	3.357442e-14
9.308360e+04	2.298367e-14	1.052344e+05	4.440380e-14	1.053911e+05	4.443828e-14	1.059441e+05	4.707382e-14	1.069262e+05	3.354128e-14
9.308395e+04	2.427683e-14	1.052348e+05	4.577763e-14	1.053914e+05	4.580890e-14	1.059445e+05	5.021892e-14	1.069265e+05	3.352359e-14
9.308431e+04	2.374801e-14	1.052351e+05	4.535877e-14	1.053918e+05	4.540750e-14	1.059448e+05	4.935524e-14	1.069269e+05	3.349815e-14
9.308469e+04	2.319478e-14	1.052355e+05	4.482744e-14	1.053922e+05	4.489672e-14	1.059452e+05	4.827778e-14	1.069273e+05	3.346904e-14
9.308509e+04	2.262341e-14	1.052359e+05	4.416113e-14	1.053926e+05	4.424594e-14	1.059456e+05	4.695599e-14	1.069277e+05	3.343012e-14
9.308550e+04	2.356991e-14	1.052363e+05	4.529125e-14	1.053930e+05	4.536772e-14	1.059460e+05	4.971643e-14	1.069281e+05	3.335826e-14
9.308594e+04	2.312126e-14	1.052368e+05	4.486384e-14	1.053934e+05	4.497301e-14	1.059465e+05	4.883038e-14	1.069285e+05	3.332656e-14
9.308639e+04	2.264646e-14	1.052372e+05	4.434242e-14	1.053939e+05	4.446297e-14	1.059469e+05	4.771618e-14	1.069290e+05	3.328728e-14
9.308687e+04	2.215579e-14	1.052377e+05	4.367499e-14	1.053944e+05	4.380403e-14	1.059474e+05	4.634608e-14	1.069295e+05	3.323684e-14
9.308737e+04	2.288202e-14	1.052382e+05	4.477069e-14	1.053949e+05	4.489231e-14	1.059479e+05	4.899307e-14	1.069300e+05	3.319611e-14
9.308790e+04	2.247855e-14	1.052387e+05	4.431896e-14	1.053954e+05	4.445922e-14	1.059484e+05	4.801398e-14	1.069305e+05	3.314852e-14
9.308845e+04	2.205998e-14	1.052393e+05	4.374074e-14	1.053959e+05	4.389213e-14	1.059490e+05	4.678448e-14	1.069310e+05	3.309228e-14
9.308902e+04	2.256521e-14	1.052399e+05	4.451823e-14	1.053965e+05	4.472576e-14	1.059496e+05	4.891180e-14	1.069316e+05	3.299551e-14
9.308962e+04	2.222019e-14	1.052405e+05	4.411072e-14	1.053971e+05	4.433261e-14	1.059502e+05	4.800075e-14	1.069322e+05	3.292945e-14
9.309025e+04	2.185941e-14	1.052411e+05	4.358717e-14	1.053977e+05	4.381138e-14	1.059508e+05	4.684655e-14	1.069328e+05	3.285999e-14
9.309091e+04	2.220696e-14	1.052418e+05	4.421916e-14	1.053984e+05	4.447459e-14	1.059514e+05	4.865453e-14	1.069335e+05	3.276587e-14
9.309160e+04	2.190026e-14	1.052424e+05	4.383190e-14	1.053991e+05	4.409724e-14	1.059521e+05	4.776447e-14	1.069342e+05	3.268620e-14
9.309233e+04	2.158085e-14	1.052432e+05	4.332525e-14	1.053998e+05	4.359091e-14	1.059529e+05	4.662939e-14	1.069349e+05	3.260479e-14
9.309309e+04	2.182794e-14	1.052439e+05	4.386966e-14	1.054006e+05	4.417422e-14	1.059536e+05	4.825738e-14	1.069357e+05	3.256384e-14
9.309388e+04	2.155509e-14	1.052447e+05	4.347189e-14	1.054014e+05	4.378379e-14	1.059544e+05	4.734527e-14	1.069365e+05	3.247789e-14
9.309471e+04	2.127306e-14	1.052456e+05	4.295814e-14	1.054022e+05	4.326190e-14	1.059552e+05	4.618182e-14	1.069373e+05	3.238993e-14
9.309558e+04	2.147260e-14	1.052464e+05	4.347299e-14	1.054031e+05	4.381716e-14	1.059561e+05	4.773013e-14	1.069382e+05	3.231095e-14
9.309649e+04	2.122817e-14	1.052473e+05	4.305117e-14	1.054040e+05	4.339265e-14	1.059570e+05	4.675344e-14	1.069391e+05	3.223163e-14
9.309745e+04	2.136484e-14	1.052483e+05	4.336932e-14	1.054049e+05	4.374391e-14	1.059580e+05	4.789537e-14	1.069400e+05	3.213935e-14
9.309844e+04	2.115043e-14	1.052493e+05	4.301039e-14	1.054059e+05	4.338522e-14	1.059590e+05	4.705523e-14	1.069410e+05	3.206144e-14
9.309949e+04	2.092793e-14	1.052503e+05	4.254349e-14	1.054070e+05	4.290361e-14	1.059600e+05	4.597202e-14	1.069421e+05	3.198297e-14
9.310059e+04	2.104105e-14	1.052514e+05	4.289082e-14	1.054081e+05	4.328408e-14	1.059611e+05	4.717011e-14	1.069432e+05	3.190113e-14
9.310173e+04	2.084157e-14	1.052526e+05	4.247872e-14	1.054092e+05	4.285735e-14	1.059623e+05	4.620166e-14	1.069443e+05	3.181721e-14
9.310293e+04	2.091170e-14	1.052538e+05	4.272132e-14	1.054104e+05	4.312670e-14	1.059635e+05	4.715442e-14	1.069455e+05	3.173596e-14
9.310419e+04	2.072828e-14	1.052550e+05	4.234340e-14	1.054117e+05	4.273422e-14	1.059647e+05	4.626491e-14	1.069468e+05	3.165456e-14
9.310551e+04	2.077165e-14	1.052563e+05	4.251308e-14	1.054130e+05	4.292725e-14	1.059660e+05	4.704382e-14	1.069481e+05	3.157079e-14
9.310689e+04	2.060100e-14	1.052577e+05	4.215804e-14	1.054144e+05	4.255616e-14	1.059674e+05	4.620456e-14	1.069495e+05	3.147852e-14
9.310833e+04	2.062699e-14	1.052592e+05	4.227743e-14	1.054158e+05	4.269589e-14	1.059689e+05	4.685846e-14	1.069509e+05	3.138479e-14
9.310984e+04	2.046847e-14	1.052607e+05	4.193554e-14	1.054173e+05	4.233716e-14	1.059704e+05	4.604529e-14	1.069524e+05	3.128919e-14
9.311143e+04	2.048185e-14	1.052623e+05	4.202458e-14	1.054189e+05	4.244624e-14	1.059720e+05	4.661016e-14	1.069540e+05	3.118829e-14
9.311308e+04	2.033678e-14	1.052639e+05	4.168801e-14	1.054206e+05	4.209149e-14	1.059736e+05	4.580240e-14	1.069557e+05	3.109328e-14
9.311482e+04	2.033998e-14	1.052657e+05	4.175744e-14	1.054223e+05	4.218037e-14	1.059753e+05	4.630432e-14	1.069574e+05	3.099883e-14
9.311664e+04	2.020567e-14	1.052675e+05	4.142004e-14	1.054241e+05	4.182405e-14	1.059772e+05	4.548440e-14	1.069592e+05	3.090705e-14
9.311854e+04	2.020249e-14	1.052694e+05	4.147819e-14	1.054260e+05	4.190108e-14	1.059791e+05	4.594454e-14	1.069611e+05	3.081828e-14
9.312053e+04	2.007437e-14	1.052714e+05	4.113330e-14	1.054280e+05	4.153537e-14	1.059811e+05	4.509652e-14	1.069631e+05	3.072864e-14
9.312262e+04	2.006746e-14	1.052735e+05	4.118660e-14	1.054301e+05	4.160739e-14	1.059832e+05	4.553146e-14	1.069652e+05	3.063791e-14
9.312481e+04	2.004976e-14	1.052756e+05	4.117504e-14	1.054323e+05	4.160995e-14	1.059853e+05	4.579570e-14	1.069674e+05	3.054553e-14
9.312709e+04	1.993322e-14	1.052779e+05	4.087535e-14	1.054346e+05	4.129168e-14	1.059876e+05	4.506590e-14	1.069697e+05	3.045138e-14
9.312949e+04	1.991275e-14	1.052803e+05	4.086547e-14	1.054370e+05	4.129331e-14	1.059900e+05	4.533489e-14	1.069721e+05	3.035568e-14
9.313200e+04	1.988193e-14	1.052828e+05	4.081539e-14	1.054395e+05	4.124877e-14	1.059925e+05	4.549151e-14	1.069746e+05	3.025568e-14
9.313463e+04	1.977850e-14	1.052855e+05	4.053331e-14	1.054421e+05	4.094703e-14	1.059952e+05	4.482738e-14	1.069772e+05	3.015430e-14
9.313738e+04	1.974974e-14	1.052882e+05	4.048635e-14	1.054449e+05	4.090554e-14	1.059979e+05	4.500160e-14	1.069800e+05	3.005061e-14
9.314026e+04	1.971512e-14	1.052911e+05	4.041188e-14	1.054477e+05	4.083262e-14	1.060008e+05	4.509580e-14	1.069828e+05	2.994944e-14
9.314328e+04	1.961893e-14	1.052941e+05	4.013668e-14	1.054508e+05	4.053457e-14	1.060038e+05	4.445461e-14	1.069859e+05	2.984907e-14
9.314643e+04	1.958594e-14	1.052973e+05	4.007183e-14	1.054539e+05	4.047068e-14	1.060070e+05	4.456699e-14	1.069890e+05	2.974887e-14
9.314974e+04	1.954884e-14	1.053006e+05	3.998783e-14	1.054572e+05	4.038549e-14	1.060103e+05	4.461703e-14	1.069923e+05	2.964887e-14
9.315321e+04	1.950917e-14	1.053040e+05	3.989037e-14	1.054607e+05	4.028444e-14	1.060137e+05	4.461909e-14	1.069958e+05	2.954641e-14
9.315683e+04	1.942618e-14	1.053077e+05	3.963488e-14	1.054643e+05	4.000782e-14	1.060174e+05	4.402471e-14	1.069994e+05	2.944347e-14
9.316063e+04	1.939168e-14	1.053115e+05	3.954349e-14	1.054681e+05	3.991473e-14	1.060212e+05	4.404139e-14	1.070032e+05	2.933852e-14
9.316461e+04	1.935604e-14	1.053154e+05	3.943864e-14	1.054721e+05	3.980868e-14	1.060251e+05	4.401992e-14	1.070072e+05	2.923305e-14
9.316877e+04	1.931863e-14	1.053196e+05	3.932383e-14	1.054763e+05	3.969123e-14	1.060293e+05	4.396980e-14	1.070114e+05	2.912855e-14
9.317313e+04	1.927954e-14	1.053240e+05	3.920191e-14	1.054806e+05	3.956592e-14	1.060337e+05	4.389675e-14	1.070157e+05	2.902463e-14
9.317770e+04	1.923996e-14	1.053285e+05	3.907396e-14	1.054852e+05	3.943609e-14	1.060382e+05	4.380601e-14	1.070203e+05	2.891862e-14
9.318248e+04	1.917152e-14	1.053333e+05	3.883338e-14	1.054900e+05	3.917979e-14	1.060430e+05	4.327819e-14	1.070251e+05	2.881044e-14
9.318748e+04	1.913533e-14	1.053383e+05	3.870923e-14	1.054950e+05	3.905383e-14	1.060480e+05	4.319695e-14	1.070301e+05	2.870167e-14
9.319273e+04	1.909730e-14	1.053436e+05	3.857844e-14	1.055002e+05	3.892279e-14	1.060533e+05	4.309789e-14	1.070353e+05	2.858923e-14
9.319822e+04	1.905832e-14	1.053491e+05	3.844184e-14	1.055057e+05	3.878522e-14	1.060587e+05	4.298327e-14	1.070408e+05	2.847357e-14
9.320396e+04	1.901890e-14	1.053548e+05	3.829989e-14	1.055115e+05	3.864176e-14	1.060645e+05	4.285683e-14	1.070466e+05	2.835619e-14
9.320998e+04	1.897922e-14	1.053608e+05	3.815397e-14	1.055175e+05	3.849351e-14	1.060705e+05	4.272072e-14	1.070526e+05	2.823928e-14
9.321629e+04	1.893816e-14	1.053671e+05	3.800542e-14	1.055238e+05	3.834089e-14	1.060768e+05	4.257606e-14	1.070589e+05	2.812387e-14
9.322288e+04	1.889487e-14	1.053737e+05	3.785513e-14	1.055304e+05	3.818431e-14	1.060834e+05	4.242359e-14	1.070655e+05	2.801042e-14
9.322980e+04	1.884954e-14	1.053806e+05	3.770358e-14	1.055373e+05	3.802432e-14	1.060903e+05	4.226413e-14	1.070724e+05	2.789770e-14
9.323703e+04	1.881789e-14	1.053879e+05	3.761571e-14	1.055445e+05	3.793488e-14	1.060976e+05	4.235908e-14	1.070796e+05	2.778369e-14
9.324461e+04	1.876834e-14	1.053954e+05	3.746160e-14	1.055521e+05	3.777093e-14	1.061051e+05	4.218548e-14	1.070872e+05	2.766705e-14
9.325254e+04	1.871703e-14	1.054034e+05	3.730684e-14	1.055600e+05	3.760789e-14	1.061131e+05	4.200778e-14	1.070951e+05	2.754771e-14
9.326085e+04	1.866461e-14	1.054117e+05	3.715139e-14	1.055683e+05	3.744647e-14	1.061214e+05	4.182535e-14	1.071034e+05	2.742641e-14
9.326955e+04	1.861161e-14	1.054204e+05	3.699577e-14	1.055770e+05	3.728697e-14	1.061301e+05	4.163728e-14	1.071121e+05	2.730466e-14
9.327866e+04	1.856924e-14	1.054295e+05	3.688535e-14	1.055862e+05	3.718035e-14	1.061392e+05	4.163209e-14	1.071213e+05	2.718309e-14
9.328820e+04	1.851527e-14	1.054390e+05	3.673231e-14	1.055957e+05	3.702380e-14	1.061487e+05	4.143902e-14	1.071308e+05	2.706494e-14
9.329819e+04	1.846242e-14	1.054490e+05	3.657719e-14	1.056057e+05	3.686381e-14	1.061587e+05	4.124047e-14	1.071408e+05	2.694711e-14
9.330865e+04	1.841110e-14	1.054595e+05	3.641833e-14	1.056161e+05	3.669847e-14	1.061692e+05	4.103516e-14	1.071512e+05	2.682851e-14
9.331960e+04	1.837061e-14	1.054704e+05	3.629451e-14	1.056271e+05	3.657348e-14	1.061801e+05	4.098337e-14	1.071622e+05	2.670682e-14
9.333107e+04	1.832224e-14	1.054819e+05	3.613348e-14	1.056386e+05	3.640438e-14	1.061916e+05	4.077520e-14	1.071737e+05	2.658467e-14
9.334308e+04	1.828075e-14	1.054939e+05	3.600057e-14	1.056506e+05	3.626845e-14	1.062036e+05	4.069612e-14	1.071857e+05	2.645970e-14
9.335566e+04	1.823119e-14	1.055065e+05	3.583901e-14	1.056631e+05	3.609987e-14	1.062162e+05	4.048891e-14	1.071982e+05	2.633736e-14
9.336882e+04	1.818544e-14	1.055197e+05	3.570355e-14	1.056763e+05	3.596151e-14	1.062294e+05	4.039086e-14	1.072114e+05	2.621357e-14
9.338261e+04	1.813271e-14	1.055335e+05	3.554504e-14	1.056901e+05	3.579669e-14	1.062431e+05	4.018270e-14	1.072252e+05	2.609021e-14
9.339705e+04	1.808294e-14	1.055479e+05	3.535072e-14	1.057045e+05	3.565652e-14	1.062576e+05	4.007220e-14	1.072396e+05	2.596432e-14
9.341217e+04	1.802823e-14	1.055630e+05	3.524360e-14	1.057197e+05	3.548933e-14	1.062727e+05	3.985931e-14	1.072548e+05	2.583915e-14
9.342800e+04	1.797768e-14	1.055788e+05	3.514386e-14	1.057355e+05	3.534373e-14	1.062885e+05	3.973782e-14	1.072706e+05	2.571237e-14
9.344458e+04	1.792804e-14	1.055954e+05	3.493478e-14	1.057521e+05	3.519526e-14	1.063051e+05	3.960479e-14	1.072872e+05	2.558502e-14
9.346194e+04	1.787575e-14	1.056128e+05	3.490724e-14	1.057694e+05	3.502677e-14	1.063225e+05	3.939166e-14	1.073045e+05	2.545978e-14
9.348012e+04	1.782650e-14	1.056310e+05	3.469446e-14	1.057876e+05	3.487870e-14	1.063406e+05	3.925417e-14	1.073227e+05	2.533288e-14
9.349915e+04	1.777612e-14	1.056500e+05	3.423895e-14	1.058066e+05	3.472969e-14	1.063597e+05	3.911015e-14	1.073417e+05	2.520503e-14
9.351908e+04	1.772411e-14	1.056699e+05	3.464891e-14	1.058266e+05	3.457827e-14	1.063796e+05	3.896043e-14	1.073617e+05	2.507653e-14
9.353995e+04	1.766864e-14	1.056908e+05	3.447432e-14	1.058474e+05	3.440837e-14	1.064005e+05	3.874669e-14	1.073825e+05	2.494745e-14
9.356180e+04	1.761550e-14	1.057126e+05	3.357980e-14	1.058693e+05	3.425487e-14	1.064223e+05	3.859400e-14	1.074044e+05	2.481876e-14
9.358469e+04	1.756252e-14	1.057355e+05	3.347485e-14	1.058922e+05	3.410111e-14	1.064452e+05	3.843777e-14	1.074273e+05	2.468967e-14
9.360865e+04	1.750952e-14	1.057595e+05	3.427156e-14	1.059161e+05	3.394681e-14	1.064692e+05	3.827851e-14	1.074512e+05	2.455978e-14
9.363374e+04	1.745558e-14	1.057846e+05	3.441793e-14	1.059412e+05	3.379132e-14	1.064943e+05	3.811646e-14	1.074763e+05	2.443047e-14
9.366001e+04	1.740299e-14	1.058109e+05	3.331388e-14	1.059675e+05	3.364555e-14	1.065205e+05	3.799654e-14	1.075026e+05	2.429910e-14
9.368753e+04	1.734770e-14	1.058384e+05	3.222656e-14	1.059950e+05	3.348894e-14	1.065481e+05	3.782873e-14	1.075301e+05	2.416880e-14
9.371633e+04	1.729203e-14	1.058672e+05	3.235025e-14	1.060238e+05	3.333229e-14	1.065769e+05	3.765939e-14	1.075589e+05	2.403897e-14
9.374650e+04	1.723550e-14	1.058973e+05	3.338143e-14	1.060540e+05	3.317420e-14	1.066070e+05	3.748872e-14	1.075891e+05	2.390709e-14
9.377809e+04	1.717980e-14	1.059289e+05	3.413957e-14	1.060856e+05	3.301503e-14	1.066386e+05	3.731690e-14	1.076207e+05	2.377655e-14
9.381116e+04	1.712412e-14	1.059620e+05	3.383646e-14	1.061187e+05	3.286504e-14	1.066717e+05	3.717639e-14	1.076538e+05	2.364457e-14
9.384580e+04	1.706755e-14	1.059966e+05	3.262041e-14	1.061533e+05	3.270431e-14	1.067063e+05	3.700184e-14	1.076884e+05	2.351461e-14
9.388207e+04	1.701096e-14	1.060329e+05	3.130648e-14	1.061896e+05	3.255623e-14	1.067426e+05	3.685367e-14	1.077247e+05	2.338235e-14
9.392005e+04	1.695355e-14	1.060709e+05	3.064813e-14	1.062275e+05	3.239005e-14	1.067806e+05	3.667689e-14	1.077626e+05	2.325048e-14
9.395981e+04	1.689628e-14	1.061107e+05	3.092012e-14	1.062673e+05	3.223907e-14	1.068203e+05	3.652349e-14	1.078024e+05	2.311841e-14
9.400145e+04	1.683845e-14	1.061523e+05	3.183655e-14	1.063089e+05	3.209656e-14	1.068620e+05	3.636653e-14	1.078440e+05	2.298696e-14
9.404506e+04	1.677915e-14	1.061959e+05	3.282443e-14	1.063525e+05	3.192423e-14	1.069056e+05	3.618752e-14	1.078876e+05	2.285370e-14
9.409072e+04	1.672052e-14	1.062416e+05	3.336533e-14	1.063982e+05	3.175494e-14	1.069512e+05	3.602775e-14	1.079333e+05	2.271936e-14
9.413853e+04	1.666158e-14	1.062894e+05	3.318940e-14	1.064460e+05	3.161567e-14	1.069991e+05	3.586565e-14	1.079811e+05	2.258789e-14
9.418859e+04	1.660236e-14	1.063394e+05	3.235113e-14	1.064961e+05	3.148311e-14	1.070491e+05	3.570152e-14	1.080312e+05	2.245944e-14
9.424101e+04	1.654276e-14	1.063919e+05	3.113881e-14	1.065485e+05	3.131829e-14	1.071015e+05	3.553568e-14	1.080836e+05	2.232811e-14
9.429591e+04	1.648211e-14	1.064467e+05	2.993069e-14	1.066034e+05	3.112595e-14	1.071564e+05	3.536925e-14	1.081385e+05	2.219325e-14
9.435339e+04	1.642156e-14	1.065042e+05	2.905194e-14	1.066609e+05	3.095079e-14	1.072139e+05	3.520196e-14	1.081960e+05	2.205456e-14
9.441358e+04	1.636095e-14	1.065644e+05	2.869674e-14	1.067211e+05	3.081484e-14	1.072741e+05	3.503324e-14	1.082562e+05	2.191614e-14
9.447660e+04	1.629819e-14	1.066274e+05	2.888400e-14	1.067841e+05	3.070243e-14	1.073371e+05	3.486301e-14	1.083192e+05	2.178568e-14
9.454260e+04	1.623719e-14	1.066934e+05	2.949814e-14	1.068501e+05	3.057594e-14	1.074031e+05	3.470406e-14	1.083852e+05	2.166183e-14
9.461171e+04	1.617429e-14	1.067625e+05	3.032818e-14	1.069192e+05	3.040369e-14	1.074722e+05	3.453310e-14	1.084543e+05	2.154169e-14
9.468407e+04	1.611164e-14	1.068349e+05	3.114909e-14	1.069916e+05	3.019673e-14	1.075446e+05	3.437069e-14	1.085267e+05	2.141710e-14
9.475984e+04	1.604818e-14	1.069107e+05	3.175632e-14	1.070673e+05	2.998473e-14	1.076204e+05	3.419744e-14	1.086024e+05	2.128465e-14
9.483919e+04	1.598509e-14	1.069900e+05	3.201857e-14	1.071467e+05	2.980544e-14	1.076997e+05	3.403276e-14	1.086818e+05	2.114112e-14
9.492227e+04	1.592169e-14	1.070731e+05	3.187992e-14	1.072298e+05	2.967304e-14	1.077828e+05	3.386706e-14	1.087649e+05	2.099037e-14
9.500927e+04	1.585714e-14	1.071601e+05	3.136065e-14	1.073168e+05	2.957836e-14	1.078698e+05	3.369303e-14	1.088519e+05	2.084250e-14
9.510037e+04	1.579320e-14	1.072512e+05	3.054501e-14	1.074079e+05	2.949391e-14	1.079609e+05	3.352660e-14	1.089430e+05	2.070135e-14
9.519577e+04	1.572876e-14	1.073466e+05	2.954637e-14	1.075033e+05	2.938579e-14	1.080563e+05	3.335954e-14	1.090384e+05	2.057349e-14
9.529566e+04	1.566296e-14	1.074465e+05	2.849836e-14	1.076031e+05	2.922964e-14	1.081562e+05	3.319030e-14	1.091382e+05	2.045646e-14
9.540026e+04	1.559809e-14	1.075511e+05	2.752588e-14	1.077077e+05	2.902550e-14	1.082608e+05	3.302735e-14	1.092428e+05	2.035107e-14
9.550978e+04	1.553272e-14	1.076606e+05	2.672724e-14	1.078173e+05	2.878718e-14	1.083703e+05	3.285843e-14	1.093524e+05	2.025195e-14
9.562447e+04	1.546640e-14	1.077753e+05	2.617026e-14	1.079320e+05	2.853879e-14	1.084850e+05	3.268728e-14	1.094671e+05	2.014771e-14
9.574456e+04	1.540003e-14	1.078954e+05	2.588595e-14	1.080521e+05	2.831286e-14	1.086051e+05	3.252216e-14	1.095872e+05	2.003492e-14
9.587032e+04	1.533351e-14	1.080212e+05	2.587605e-14	1.081778e+05	2.812941e-14	1.087308e+05	3.235605e-14	1.097129e+05	1.990833e-14
9.600200e+04	1.526595e-14	1.081528e+05	2.610842e-14	1.083095e+05	2.799716e-14	1.088625e+05	3.218366e-14	1.098446e+05	1.976620e-14
9.613989e+04	1.519887e-14	1.082907e+05	2.653445e-14	1.084474e+05	2.791389e-14	1.090004e+05	3.201483e-14	1.099825e+05	1.961016e-14
9.628427e+04	1.513008e-14	1.084351e+05	2.708992e-14	1.085918e+05	2.786165e-14	1.091448e+05	3.184746e-14	1.101269e+05	1.944325e-14
9.643546e+04	1.506249e-14	1.085863e+05	2.770655e-14	1.087429e+05	2.781711e-14	1.092960e+05	3.168066e-14	1.102780e+05	1.927167e-14
9.659377e+04	1.499291e-14	1.087446e+05	2.831801e-14	1.089013e+05	2.775671e-14	1.094543e+05	3.151019e-14	1.104364e+05	1.910330e-14
9.675955e+04	1.492368e-14	1.089104e+05	2.886554e-14	1.090670e+05	2.766096e-14	1.096201e+05	3.134025e-14	1.106021e+05	1.894100e-14
9.693314e+04	1.485364e-14	1.090840e+05	2.930008e-14	1.092406e+05	2.751608e-14	1.097937e+05	3.116855e-14	1.107757e+05	1.879479e-14
9.711491e+04	1.478365e-14	1.092657e+05	2.958676e-14	1.094224e+05	2.731847e-14	1.099754e+05	3.100163e-14	1.109575e+05	1.866490e-14
9.730524e+04	1.471378e-14	1.094561e+05	2.970341e-14	1.096127e+05	2.707309e-14	1.101658e+05	3.083754e-14	1.111478e+05	1.855424e-14
9.750455e+04	1.464296e-14	1.096554e+05	2.964381e-14	1.098120e+05	2.679484e-14	1.103651e+05	3.067029e-14	1.113471e+05	1.846055e-14
9.771325e+04	1.457129e-14	1.098641e+05	2.940860e-14	1.100207e+05	2.649897e-14	1.105738e+05	3.049737e-14	1.115558e+05	1.838252e-14
9.793179e+04	1.449915e-14	1.100826e+05	2.901233e-14	1.102393e+05	2.620492e-14	1.107923e+05	3.032149e-14	1.117744e+05	1.831737e-14
9.816062e+04	1.442786e-14	1.103115e+05	2.847931e-14	1.104681e+05	2.593177e-14	1.110211e+05	3.014866e-14	1.120032e+05	1.825746e-14
9.840024e+04	1.435512e-14	1.105511e+05	2.783256e-14	1.107077e+05	2.569586e-14	1.112608e+05	2.998460e-14	1.122428e+05	1.819643e-14
9.865115e+04	1.428259e-14	1.108020e+05	2.710462e-14	1.109586e+05	2.550459e-14	1.115117e+05	2.982328e-14	1.124937e+05	1.813253e-14
9.891389e+04	1.420914e-14	1.110647e+05	2.632691e-14	1.112214e+05	2.536270e-14	1.117744e+05	2.966465e-14	1.127565e+05	1.805991e-14
9.918901e+04	1.413485e-14	1.113398e+05	2.552726e-14	1.114965e+05	2.527202e-14	1.120495e+05	2.949775e-14	1.130316e+05	1.797113e-14
9.947709e+04	1.406071e-14	1.116279e+05	2.473660e-14	1.117846e+05	2.522278e-14	1.123376e+05	2.932103e-14	1.133197e+05	1.786591e-14
9.977875e+04	1.398614e-14	1.119296e+05	2.398033e-14	1.120862e+05	2.520665e-14	1.126393e+05	2.913763e-14	1.136213e+05	1.774340e-14
1.000946e+05	1.391051e-14	1.122455e+05	2.328173e-14	1.124021e+05	2.521082e-14	1.129552e+05	2.895463e-14	1.139372e+05	1.760080e-14
1.004254e+05	1.383499e-14	1.125762e+05	2.265658e-14	1.127329e+05	2.522150e-14	1.132859e+05	2.877901e-14	1.142680e+05	1.743997e-14
1.007718e+05	1.375852e-14	1.129226e+05	2.211713e-14	1.130792e+05	2.522375e-14	1.136323e+05	2.861479e-14	1.146143e+05	1.726306e-14
1.011344e+05	1.368239e-14	1.132853e+05	2.167616e-14	1.134419e+05	2.520592e-14	1.139950e+05	2.846256e-14	1.149770e+05	1.707086e-14
1.015142e+05	1.360558e-14	1.136650e+05	2.133473e-14	1.138217e+05	2.515805e-14	1.143747e+05	2.831570e-14	1.153568e+05	1.686786e-14
1.019119e+05	1.352774e-14	1.140627e+05	2.109513e-14	1.142194e+05	2.507061e-14	1.147724e+05	2.816533e-14	1.157545e+05	1.665875e-14
1.023283e+05	1.345047e-14	1.144791e+05	2.095456e-14	1.146358e+05	2.494023e-14	1.151888e+05	2.800528e-14	1.161709e+05	1.644563e-14
1.027643e+05	1.337205e-14	1.149152e+05	2.091066e-14	1.150718e+05	2.476388e-14	1.156248e+05	2.782959e-14	1.166069e+05	1.623506e-14
1.032209e+05	1.329358e-14	1.153717e+05	2.095320e-14	1.155284e+05	2.454276e-14	1.160814e+05	2.763939e-14	1.170635e+05	1.602869e-14
1.036990e+05	1.321448e-14	1.158498e+05	2.107505e-14	1.160065e+05	2.428063e-14	1.165595e+05	2.743967e-14	1.175416e+05	1.583157e-14
1.041996e+05	1.313472e-14	1.163505e+05	2.126490e-14	1.165071e+05	2.398308e-14	1.170602e+05	2.723856e-14	1.180422e+05	1.564775e-14
1.047239e+05	1.305451e-14	1.168747e+05	2.151209e-14	1.170314e+05	2.365621e-14	1.175844e+05	2.704437e-14	1.185665e+05	1.547859e-14
1.052728e+05	1.297349e-14	1.174236e+05	2.180529e-14	1.175803e+05	2.331020e-14	1.181333e+05	2.686618e-14	1.191154e+05	1.532343e-14
1.058476e+05	1.289257e-14	1.179984e+05	2.213326e-14	1.181551e+05	2.295327e-14	1.187081e+05	2.670685e-14	1.196902e+05	1.518795e-14
1.064495e+05	1.281135e-14	1.186003e+05	2.248311e-14	1.187570e+05	2.259475e-14	1.193100e+05	2.656492e-14	1.202921e+05	1.507095e-14
1.070798e+05	1.273032e-14	1.192306e+05	2.284577e-14	1.193873e+05	2.224265e-14	1.199403e+05	2.643757e-14	1.209224e+05	1.497222e-14
1.077397e+05	1.264801e-14	1.198906e+05	2.320998e-14	1.200472e+05	2.190356e-14	1.206003e+05	2.631511e-14	1.215823e+05	1.489308e-14
1.084308e+05	1.256514e-14	1.205816e+05	2.356756e-14	1.207383e+05	2.158484e-14	1.212913e+05	2.618855e-14	1.222734e+05	1.483005e-14
1.091544e+05	1.248266e-14	1.213053e+05	2.390799e-14	1.214619e+05	2.129384e-14	1.220150e+05	2.604991e-14	1.229970e+05	1.478354e-14
1.099122e+05	1.239873e-14	1.220630e+05	2.422443e-14	1.222197e+05	2.103238e-14	1.227727e+05	2.589045e-14	1.237548e+05	1.475275e-14
1.107056e+05	1.231499e-14	1.228565e+05	2.451186e-14	1.230131e+05	2.080577e-14	1.235662e+05	2.570921e-14	1.245482e+05	1.473372e-14
1.115365e+05	1.223109e-14	0.000000e+00	0.000000e+00	1.238440e+05	2.061565e-14	1.243970e+05	2.550536e-14	1.253791e+05	1.472526e-14
1.124065e+05	1.214765e-14	0.000000e+00	0.000000e+00	1.247140e+05	2.046169e-14	1.252670e+05	2.528315e-14	1.262491e+05	1.472481e-14
1.133175e+05	1.206248e-14	0.000000e+00	0.000000e+00	0.000000e+00	0.000000e+00	1.261780e+05	2.504920e-14	0.000000e+00	0.000000e+00
1.142714e+05	1.197759e-14	0.000000e+00	0.000000e+00	0.000000e+00	0.000000e+00	1.271320e+05	2.481224e-14	0.000000e+00	0.000000e+00
