R E0 E1 E2 E3 E4 E5 E6
1.97 97168.94 99676.30 106953.83 108113.94 109387.49 110392.66 112032.71
1.98 97058.38 99519.57 106911.41 107979.60 109227.93 110242.52 111856.76
1.99 96951.95 99368.65 106869.97 107851.35 109074.21 110098.55 111688.13
2.00 96849.55 99223.29 106829.19 107729.07 108926.05 109960.46 111526.49
2.01 96750.98 99083.33 106788.69 107612.69 108783.22 109827.88 111371.53
2.02 96656.10 98948.53 106748.08 107502.14 108645.47 109700.51 111222.89
2.03 96564.78 98818.71 106706.94 107397.39 108512.62 109577.92 111080.24
2.04 96476.84 98693.69 106664.84 107298.38 108384.54 109459.75 110943.20
2.05 96392.20 98573.29 106621.33 107205.06 108261.11 109345.61 110811.44
2.06 96310.67 98457.31 106575.93 107117.25 108142.32 109235.11 110684.66
2.07 96232.19 98345.62 106528.30 107034.78 108028.14 109127.95 110562.48
2.08 96156.61 98238.04 106478.09 106957.32 107918.60 109023.92 110444.68
2.09 96083.83 98134.44 106425.09 106884.46 107813.75 108922.92 110331.08
2.10 96013.74 98034.61 106369.31 106815.73 107713.60 108824.99 110221.55
2.15 95699.85 97587.70 106058.93 106518.34 107279.99 108384.81 109733.30
2.20 95438.61 97216.22 105739.58 106274.41 106941.92 108031.14 109339.50
2.25 95220.18 96906.64 105452.14 106072.89 106677.23 107753.95 109027.48
2.30 95036.51 96647.70 105208.89 105909.42 106469.75 107538.06 108782.17
2.35 94880.80 96430.05 105007.95 105778.96 106307.65 107370.43 108590.34
2.40 94747.93 96246.19 104846.69 105676.91 106181.96 107241.17 108441.12
2.45 94633.33 96089.76 104718.13 105598.47 106085.49 107142.43 108325.61
2.50 94533.42 95955.56 104616.78 105539.42 106012.38 107068.03 108236.58
2.55 94445.24 95839.47 104537.67 105495.73 105957.64 107012.62 108168.18
2.60 94366.54 95738.02 104476.59 105464.30 105917.31 106972.20 108115.67
2.65 94295.39 95648.47 104429.98 105442.52 105888.29 106943.50 108075.19
2.70 94230.34 95568.58 104394.86 105428.27 105868.03 106923.92 108043.71
2.75 94170.19 95496.56 104368.80 105419.82 105854.41 106911.34 108018.75
2.80 94114.07 95430.99 104349.78 105415.72 105845.82 106904.08 107998.37
2.85 94061.27 95370.73 104336.18 105414.84 105840.83 106900.70 107980.97
2.90 94011.18 95314.75 104326.69 105416.27 105838.60 106900.32 107965.50
3.00 93917.86 95213.69 104315.99 105423.31 105838.78 106904.89 107936.66
3.10 93832.02 95123.76 104311.68 105432.72 105842.15 106913.42 107907.42
3.20 93752.65 95042.83 104309.92 105442.07 105845.93 106923.00 107875.44
3.30 93678.98 94969.22 104308.45 105449.92 105848.79 106932.10 107840.05
3.40 93611.02 94902.30 104306.06 105455.60 105850.17 106940.00 107801.43
3.50 93548.58 94841.54 104302.09 105458.83 105849.94 106946.37 107760.29
3.60 93491.77 94786.67 104296.32 105459.60 105848.28 106951.22 107717.55
3.70 93440.06 94737.10 104288.65 105457.86 105845.37 106954.55 107674.19
3.80 93393.62 94692.86 104279.49 105454.03 105841.60 106956.55 107631.05
3.90 93352.00 94653.40 104268.51 105448.12 105837.16 106957.32 107588.92
4.00 93314.91 94618.48 104256.29 105440.45 105832.40 106957.00 107548.43
4.10 93282.19 94587.68 104243.14 105431.50 105827.60 106955.80 107510.02
4.20 93253.40 94560.65 104229.31 105421.50 105822.95 106953.75 107473.96
4.30 93228.33 94537.12 104215.08 105410.78 105818.62 106950.96 107440.48
4.40 93206.38 94516.62 104200.67 105399.48 105814.68 106947.47 107409.62
4.50 93187.39 94498.86 104186.32 105387.96 105811.25 106943.35 107381.36
4.60 93170.93 94483.55 104172.44 105376.38 105808.31 106938.66 107355.64
4.70 93156.84 94470.41 104158.73 105364.99 105805.93 106933.45 107332.26
4.80 93144.76 94459.19 104145.59 105353.94 105804.10 106927.80 107311.11
4.90 93134.49 94449.63 104133.12 105343.40 105802.76 106921.82 107292.05
5.00 93125.76 94441.54 104121.41 105333.46 105802.12 106915.79 107275.03
5.10 93118.37 94434.67 104110.49 105324.14 105801.64 106909.30 107259.48
5.20 93112.14 94428.88 104100.38 105315.55 105801.55 106902.69 107245.45
5.30 93106.91 94424.02 104091.10 105307.67 105801.71 106896.06 107232.82
5.40 93102.50 94419.97 104082.61 105300.47 105802.14 106889.48 107221.42
5.50 93098.85 94416.59 104074.92 105294.00 105802.76 106882.99 107211.11
5.60 93095.83 94413.80 104067.97 105288.16 105803.51 106876.70 107201.86
5.70 93093.33 94411.49 104061.74 105282.96 105804.37 106870.62 107193.49
5.80 93091.28 94409.61 104056.17 105278.30 105805.29 106864.80 107185.95
5.90 93089.59 94408.06 104051.19 105274.18 105806.23 106859.27 107179.15
6.00 93088.23 94406.83 104046.79 105270.53 105807.20 106854.03 107173.00
6.20 93086.24 94405.02 104039.45 105264.50 105809.13 106844.60 107162.52
6.40 93085.19 94404.37 104033.79 105259.84 105811.02 106836.55 107154.17
6.60 93084.46 94403.71 104029.44 105256.27 105812.66 106829.65 107147.35
6.80 93084.03 94403.33 104026.18 105253.49 105814.14 106823.93 107141.85
7.00 93083.80 94403.15 104023.74 105251.37 105815.40 106819.19 107137.46
7.20 93083.72 94403.11 104021.96 105249.78 105816.51 106815.34 107133.97
7.40 93083.73 94403.13 104020.64 105248.54 105817.43 106812.22 107131.20
7.60 93083.80 94403.20 104019.71 105246.79 105817.90 106809.41 107129.01
7.80 93083.88 94403.29 104019.03 105246.28 105818.58 106807.44 107127.25
8.00 93083.99 94403.41 104018.59 105245.90 105819.19 106805.90 107125.90
8.20 93084.09 94403.51 104018.30 105245.63 105819.67 106804.70 107124.85
8.40 93084.17 94403.62 104018.15 105245.40 105820.21 106803.90 107124.16
8.60 93084.26 94403.71 104018.03 105245.27 105820.56 106803.16 107123.55
8.80 93084.34 94403.79 104017.95 105245.17 105820.83 106802.60 107123.05
9.00 93084.41 94403.86 104017.92 105245.11 105821.06 106802.17 107122.69
9.20 93084.48 94403.92 104017.92 105245.06 105821.25 106801.82 107122.41
9.40 93084.53 94403.98 104017.95 105245.04 105821.38 106801.58 107122.22
9.60 93084.59 94404.04 104017.98 105245.04 105821.52 106801.38 107122.04
9.80 93084.64 94404.09 104018.02 105245.04 105821.63 106801.23 107121.92
10.00 93084.68 94404.13 104018.05 105245.03 105821.72 106801.12 107121.82
10.50 93084.76 94404.23 104018.16 105245.05 105821.95 106801.05 107121.78
11.00 93084.86 94404.34 104018.27 105245.09 105822.04 106800.99 107121.73
