R Re<0|V|2> Re<0|V|3> Re<0|V|4> Re<0|V|5> Re<0|V|6> Re<1|V|2> Re<1|V|3> Re<1|V|4> Re<1|V|5> Re<1|V|6> Re<2|V|3> Re<2|V|4> Re<2|V|5> Re<2|V|6> Re<3|V|4> Re<3|V|5> Re<3|V|6> Re<4|V|5> Re<4|V|6> Re<5|V|6>
1.970000 -0.206086 -1.198882 -0.745698 0.663012 -0.003459 -0.113645 -0.821438 -0.481411 0.575277 0.158966 0.037087 -0.029823 0.031218 0.001855 -0.087341 -0.080423 -0.176723 0.138190 0.146477 -0.144734
1.980000 -0.199550 -1.308432 -0.812857 0.731233 0.000347 -0.109868 -0.901457 -0.530023 0.620552 0.157350 0.038020 -0.030573 0.032003 0.001901 -0.089539 -0.082447 -0.181170 0.141668 0.150163 -0.148377
1.990000 -0.193114 -1.428165 -0.886137 0.805455 0.004408 -0.106146 -0.988571 -0.583107 0.670295 0.156005 0.038952 -0.031323 0.032788 0.001948 -0.091735 -0.084469 -0.185612 0.145142 0.153845 -0.152015
2.000000 -0.186757 -1.557823 -0.965397 0.885538 0.008717 -0.102464 -1.082621 -0.640546 0.724387 0.154922 0.039881 -0.032070 0.033570 0.001994 -0.093922 -0.086483 -0.190038 0.148602 0.157513 -0.155639
2.010000 -0.180456 -1.696479 -1.050082 0.970937 0.013243 -0.098807 -1.182964 -0.701927 0.782421 0.154078 0.040804 -0.032812 0.034346 0.002040 -0.096095 -0.088484 -0.194435 0.152041 0.161158 -0.159241
2.020000 -0.174188 -1.842272 -1.139067 1.060543 0.017932 -0.095156 -1.288287 -0.766434 0.843591 0.153431 0.041718 -0.033547 0.035116 0.002086 -0.098249 -0.090467 -0.198793 0.155448 0.164769 -0.162809
2.030000 -0.167924 -1.992142 -1.230493 1.152520 0.022694 -0.091493 -1.396420 -0.832730 0.906574 0.152915 0.042621 -0.034273 0.035876 0.002131 -0.100376 -0.092425 -0.203097 0.158814 0.168337 -0.166334
2.040000 -0.161637 -2.141617 -1.321634 1.244183 0.027401 -0.087799 -1.504181 -0.898857 0.969441 0.152438 0.043511 -0.034989 0.036625 0.002176 -0.102471 -0.094354 -0.207335 0.162128 0.171850 -0.169806
2.050000 -0.155303 -2.284742 -1.408861 1.331949 0.031884 -0.084056 -1.607329 -0.962218 1.029625 0.151877 0.044384 -0.035691 0.037360 0.002219 -0.104526 -0.096247 -0.211495 0.165381 0.175297 -0.173212
2.060000 -0.148901 -2.414284 -1.487761 1.411467 0.035940 -0.080249 -1.700709 -1.019653 1.084008 0.151085 0.045237 -0.036377 0.038078 0.002262 -0.106536 -0.098098 -0.215562 0.168561 0.178668 -0.176543
2.070000 -0.142418 -2.522297 -1.553483 1.477951 0.039348 -0.076370 -1.778654 -1.067694 1.129168 0.149903 0.046068 -0.037045 0.038778 0.002304 -0.108494 -0.099900 -0.219523 0.171658 0.181952 -0.179787
2.080000 -0.135858 -2.601062 -1.601319 1.526755 0.041896 -0.072422 -1.835661 -1.102972 1.161780 0.148177 0.046875 -0.037694 0.039457 0.002344 -0.110393 -0.101649 -0.223364 0.174662 0.185136 -0.182933
2.090000 -0.129238 -2.644287 -1.627427 1.554090 0.043414 -0.068416 -1.867241 -1.122739 1.179132 0.145787 0.047653 -0.038319 0.040112 0.002383 -0.112225 -0.103336 -0.227073 0.177562 0.188209 -0.185970
2.100000 -0.122592 -2.648245 -1.629535 1.557715 0.043809 -0.064378 -1.870740 -1.125371 1.179619 0.142662 0.048400 -0.038921 0.040741 0.002420 -0.113986 -0.104957 -0.230634 0.180347 0.191161 -0.188887
2.150000 -0.090875 -2.168085 -1.334554 1.273944 0.031807 -0.045070 -1.530764 -0.920274 0.967312 0.118033 0.051583 -0.041480 0.043420 0.002579 -0.121482 -0.111859 -0.245801 0.192207 0.203733 -0.201309
2.200000 -0.065661 -1.544719 -0.952080 0.903142 0.016467 -0.030091 -1.088035 -0.652358 0.693955 0.092544 0.053635 -0.043130 0.045147 0.002682 -0.126315 -0.116309 -0.255580 0.199854 0.211838 -0.209318
2.250000 -0.046982 -0.921464 -0.569814 0.531897 0.001819 -0.019487 -0.645153 -0.384093 0.421107 0.068945 0.054380 -0.043729 0.045775 0.002719 -0.128069 -0.117925 -0.259130 0.202630 0.214780 -0.212225
2.300000 -0.033271 -0.603584 -0.374321 0.344345 -0.003978 -0.012163 -0.420243 -0.248636 0.280085 0.052947 0.053811 -0.043272 0.045296 0.002691 -0.126729 -0.116691 -0.256418 0.200509 0.212532 -0.210004
2.350000 -0.022708 -0.409309 -0.254587 0.231007 -0.006277 -0.006840 -0.283577 -0.166708 0.192605 0.040625 0.052096 -0.041893 0.043852 0.002605 -0.122690 -0.112972 -0.248246 0.194119 0.205759 -0.203312
2.400000 -0.014286 -0.285383 -0.178077 0.159828 -0.006714 -0.002819 -0.197152 -0.115107 0.135717 0.030712 0.049538 -0.039836 0.041699 0.002477 -0.116666 -0.107425 -0.236057 0.184587 0.195656 -0.193328
2.450000 -0.007407 -0.202347 -0.126770 0.113071 -0.006182 0.000306 -0.139925 -0.081015 0.096716 0.022477 0.046505 -0.037396 0.039145 0.002325 -0.109521 -0.100846 -0.221601 0.173284 0.183674 -0.181489
2.500000 -0.001702 -0.144087 -0.090792 0.081033 -0.005162 0.002782 -0.100372 -0.057441 0.068651 0.015490 0.043356 -0.034865 0.036495 0.002168 -0.102107 -0.094019 -0.206600 0.161553 0.171240 -0.169203
2.550000 0.003078 -0.101510 -0.064551 0.058233 -0.003919 0.004770 -0.071971 -0.040451 0.047592 0.009482 0.040396 -0.032484 0.034003 0.002020 -0.095135 -0.087600 -0.192492 0.150522 0.159547 -0.157650
2.600000 0.007110 -0.069263 -0.044747 0.041448 -0.002603 0.006379 -0.050878 -0.027744 0.031225 0.004275 0.037842 -0.030430 0.031853 0.001892 -0.089120 -0.082061 -0.180322 0.141005 0.149460 -0.147682
2.650000 0.010522 -0.044067 -0.029349 0.028702 -0.001301 0.007689 -0.034734 -0.017917 0.018125 -0.000257 0.035828 -0.028810 0.030158 0.001792 -0.084376 -0.077693 -0.170723 0.133499 0.141504 -0.139821
2.700000 0.013416 -0.023835 -0.017061 0.018743 -0.000065 0.008760 -0.022035 -0.010081 0.007384 -0.004205 0.034414 -0.027674 0.028968 0.001721 -0.081047 -0.074628 -0.163988 0.128232 0.135921 -0.134304
2.750000 0.015871 -0.007197 -0.007031 0.010748 0.001074 0.009639 -0.011795 -0.003657 -0.001601 -0.007638 0.033608 -0.027026 0.028290 0.001681 -0.079149 -0.072880 -0.160147 0.125229 0.132738 -0.131159
2.800000 0.017951 0.006777 0.001322 0.004166 0.002096 0.010363 -0.003348 0.001745 -0.009240 -0.010612 0.033380 -0.026842 0.028098 0.001669 -0.078612 -0.072386 -0.159061 0.124380 0.131838 -0.130270
2.850000 0.019707 0.018730 0.008397 -0.001383 0.002990 0.010961 0.003766 0.006395 -0.015822 -0.013170 0.033679 -0.027083 0.028349 0.001684 -0.079316 -0.073034 -0.160485 0.125493 0.133018 -0.131436
2.900000 0.021180 0.029119 0.014480 -0.006166 0.003752 0.011456 0.009872 0.010482 -0.021552 -0.015348 0.034442 -0.027696 0.028991 0.001722 -0.081113 -0.074688 -0.164120 0.128336 0.136031 -0.134413
3.000000 0.023409 0.046439 0.024441 -0.014143 0.004871 0.012204 0.019921 0.017473 -0.031026 -0.018682 0.037091 -0.029826 0.031221 0.001855 -0.087352 -0.080433 -0.176744 0.138207 0.146494 -0.144752
3.100000 0.024844 0.060462 0.032287 -0.020740 0.005466 0.012713 0.028008 0.023410 -0.038478 -0.020813 0.040788 -0.032799 0.034333 0.002040 -0.096058 -0.088450 -0.194361 0.151983 0.161096 -0.159180
3.200000 0.025628 0.072146 0.038639 -0.026481 0.005575 0.013043 0.034799 0.028654 -0.044383 -0.021907 0.045001 -0.036187 0.037879 0.002250 -0.105979 -0.097585 -0.214434 0.167679 0.177734 -0.175620
3.300000 0.025867 0.082033 0.043872 -0.031649 0.005259 0.013229 0.040680 0.033374 -0.049031 -0.022119 0.049191 -0.039557 0.041407 0.002460 -0.115849 -0.106672 -0.234403 0.183294 0.194285 -0.191974
3.400000 0.025643 0.090420 0.048227 -0.036388 0.004594 0.013285 0.045880 0.037628 -0.052611 -0.021602 0.052817 -0.042472 0.044459 0.002641 -0.124388 -0.114536 -0.251682 0.196806 0.208607 -0.206126
3.500000 0.025029 0.097468 0.051868 -0.040761 0.003672 0.013217 0.050533 0.041406 -0.055250 -0.020515 0.055376 -0.044530 0.046613 0.002769 -0.130415 -0.120085 -0.263875 0.206341 0.218713 -0.216112
3.600000 0.024090 0.103256 0.054910 -0.044776 0.002589 0.013022 0.054715 0.044659 -0.057045 -0.019019 0.056491 -0.045427 0.047551 0.002825 -0.133040 -0.122503 -0.269189 0.210495 0.223117 -0.220463
3.700000 0.022886 0.107820 0.057429 -0.048411 0.001442 0.012697 0.058454 0.047329 -0.058077 -0.017267 0.056003 -0.045034 0.047140 0.002800 -0.131890 -0.121443 -0.266861 0.208675 0.221188 -0.218557
3.800000 0.021473 0.111180 0.059470 -0.051624 0.000315 0.012240 0.061748 0.049369 -0.058421 -0.015395 0.054005 -0.043427 0.045459 0.002701 -0.127185 -0.117111 -0.257341 0.201231 0.213298 -0.210760
3.900000 0.019900 0.113359 0.061053 -0.054365 -0.000727 0.011656 0.064569 0.050751 -0.058144 -0.013508 0.050803 -0.040853 0.042763 0.002540 -0.119644 -0.110167 -0.242083 0.189300 0.200651 -0.198264
4.000000 0.018209 0.114386 0.062179 -0.056591 -0.001644 0.010953 0.066878 0.051476 -0.057312 -0.011678 0.046809 -0.037641 0.039401 0.002341 -0.110237 -0.101505 -0.223049 0.174416 0.184875 -0.182675
4.100000 0.016436 0.114306 0.062842 -0.058267 -0.002414 0.010146 0.068638 0.051570 -0.055985 -0.009950 0.042432 -0.034121 0.035717 0.002122 -0.099929 -0.092014 -0.202192 0.158107 0.167587 -0.165594
4.200000 0.014613 0.113184 0.063035 -0.059379 -0.003033 0.009253 0.069820 0.051076 -0.054222 -0.008343 0.038006 -0.030562 0.031991 0.001900 -0.089505 -0.082416 -0.181102 0.141615 0.150106 -0.148321
4.300000 0.012764 0.111096 0.062762 -0.059928 -0.003507 0.008293 0.070415 0.050051 -0.052078 -0.006864 0.033762 -0.027149 0.028419 0.001688 -0.079511 -0.073213 -0.160879 0.125801 0.133344 -0.131758
4.400000 0.010913 0.108137 0.062038 -0.059936 -0.003851 0.007285 0.070432 0.048561 -0.049611 -0.005508 0.029835 -0.023991 0.025113 0.001492 -0.070263 -0.064697 -0.142167 0.111169 0.117835 -0.116433
4.500000 0.009081 0.104416 0.060893 -0.059439 -0.004079 0.006249 0.069901 0.046673 -0.046876 -0.004268 0.026287 -0.021138 0.022127 0.001314 -0.061907 -0.057003 -0.125259 0.097948 0.103821 -0.102586
4.600000 0.007284 0.100051 0.059368 -0.058488 -0.004209 0.005201 0.068871 0.044460 -0.043931 -0.003135 0.023130 -0.018600 0.019470 0.001157 -0.054473 -0.050158 -0.110218 0.086186 0.091354 -0.090267
4.700000 0.005540 0.095164 0.057515 -0.057144 -0.004256 0.004158 0.067401 0.041992 -0.040832 -0.002102 0.020349 -0.016363 0.017129 0.001018 -0.047923 -0.044127 -0.096965 0.075823 0.080369 -0.079413
4.800000 0.003860 0.089883 0.055391 -0.055471 -0.004238 0.003134 0.065558 0.039336 -0.037633 -0.001158 0.017913 -0.014404 0.015078 0.000896 -0.042186 -0.038844 -0.085357 0.066746 0.070748 -0.069906
4.900000 0.002257 0.084326 0.053057 -0.053536 -0.004168 0.002141 0.063415 0.036557 -0.034388 -0.000297 0.015785 -0.012693 0.013287 0.000789 -0.037175 -0.034231 -0.075219 0.058818 0.062345 -0.061604
5.000000 0.000739 0.078606 0.050570 -0.051404 -0.004058 0.001186 0.061043 0.033711 -0.031142 0.000487 0.013929 -0.011201 0.011725 0.000697 -0.032804 -0.030206 -0.066375 0.051903 0.055015 -0.054360
5.100000 -0.000689 0.072825 0.047987 -0.049135 -0.003919 0.000279 0.058510 0.030848 -0.027936 0.001200 0.012310 -0.009899 0.010362 0.000616 -0.028991 -0.026694 -0.058659 0.045869 0.048619 -0.048041
5.200000 -0.002022 0.067071 0.045357 -0.046785 -0.003759 -0.000577 0.055877 0.028011 -0.024807 0.001848 0.010896 -0.008762 0.009171 0.000545 -0.025660 -0.023628 -0.051919 0.040599 0.043033 -0.042522
5.300000 -0.003260 0.061419 0.042725 -0.044400 -0.003587 -0.001377 0.053198 0.025236 -0.021781 0.002435 0.009659 -0.007767 0.008130 0.000483 -0.022747 -0.020945 -0.046025 0.035990 0.038148 -0.037694
5.400000 -0.004401 0.055928 0.040127 -0.042022 -0.003408 -0.002121 0.050519 0.022551 -0.018882 0.002967 0.008575 -0.006895 0.007218 0.000429 -0.020194 -0.018594 -0.040859 0.031950 0.033866 -0.033463
5.500000 -0.005449 0.050645 0.037593 -0.039682 -0.003227 -0.002807 0.047879 0.019977 -0.016125 0.003446 0.007622 -0.006130 0.006416 0.000381 -0.017951 -0.016530 -0.036322 0.028403 0.030106 -0.029748
5.600000 -0.006407 0.045606 0.035147 -0.037409 -0.003048 -0.003438 0.045307 0.017529 -0.013522 0.003878 0.006785 -0.005456 0.005711 0.000339 -0.015978 -0.014713 -0.032330 0.025281 0.026797 -0.026478
5.700000 -0.007277 0.040834 0.032806 -0.035221 -0.002874 -0.004013 0.042829 0.015218 -0.011078 0.004267 0.006046 -0.004862 0.005089 0.000302 -0.014238 -0.013110 -0.028809 0.022527 0.023878 -0.023594
5.800000 -0.008065 0.036345 0.030584 -0.033134 -0.002707 -0.004537 0.040460 0.013051 -0.008798 0.004615 0.005393 -0.004336 0.004539 0.000270 -0.012700 -0.011694 -0.025697 0.020094 0.021299 -0.021045
5.900000 -0.008776 0.032146 0.028487 -0.031157 -0.002548 -0.005011 0.038214 0.011029 -0.006681 0.004928 0.004814 -0.003871 0.004052 0.000241 -0.011338 -0.010440 -0.022941 0.017939 0.019015 -0.018789
6.000000 -0.009415 0.028240 0.026522 -0.029298 -0.002398 -0.005438 0.036098 0.009152 -0.004723 0.005207 0.004301 -0.003459 0.003621 0.000215 -0.010130 -0.009327 -0.020496 0.016027 0.016988 -0.016786
6.200000 -0.010500 0.021283 0.022988 -0.025940 -0.002127 -0.006166 0.032271 0.005821 -0.001265 0.005678 0.003439 -0.002766 0.002895 0.000172 -0.008100 -0.007458 -0.016389 0.012816 0.013584 -0.013423
6.400000 -0.011362 0.015405 0.019967 -0.023056 -0.001896 -0.006748 0.028976 0.003018 0.001629 0.006051 0.002755 -0.002215 0.002319 0.000138 -0.006487 -0.005974 -0.013126 0.010264 0.010880 -0.010750
6.600000 -0.012041 0.010500 0.017422 -0.020616 -0.001702 -0.007208 0.026184 0.000688 0.004023 0.006344 0.002208 -0.001776 0.001859 0.000110 -0.005200 -0.004788 -0.010521 0.008227 0.008721 -0.008617
6.800000 -0.012572 0.006450 0.015301 -0.018577 -0.001541 -0.007569 0.023847 -0.001230 0.005986 0.006574 0.001770 -0.001423 0.001490 0.000089 -0.004168 -0.003838 -0.008434 0.006595 0.006991 -0.006908
7.000000 -0.012984 0.003135 0.013551 -0.016889 -0.001409 -0.007849 0.021910 -0.002795 0.007582 0.006752 0.001418 -0.001140 0.001194 0.000071 -0.003340 -0.003075 -0.006757 0.005284 0.005601 -0.005534
7.200000 -0.013301 0.000441 0.012118 -0.015504 -0.001302 -0.008066 0.020319 -0.004063 0.008871 0.006890 0.001135 -0.000913 0.000955 0.000057 -0.002673 -0.002461 -0.005409 0.004229 0.004483 -0.004430
7.400000 -0.013543 -0.001735 0.010953 -0.014376 -0.001216 -0.008233 0.019020 -0.005084 0.009905 0.006996 0.000907 -0.000730 0.000764 0.000045 -0.002137 -0.001967 -0.004323 0.003381 0.003583 -0.003541
7.600000 -0.013728 -0.003482 0.010012 -0.013462 -0.001146 -0.008360 0.017968 -0.005901 0.010732 0.007077 0.000724 -0.000582 0.000609 0.000036 -0.001705 -0.001570 -0.003450 0.002698 0.002859 -0.002825
7.800000 -0.013868 -0.004876 0.009256 -0.012728 -0.001091 -0.008457 0.017120 -0.006553 0.011388 0.007139 0.000577 -0.000464 0.000485 0.000029 -0.001358 -0.001251 -0.002748 0.002149 0.002278 -0.002251
8.000000 -0.013973 -0.005984 0.008653 -0.012140 -0.001048 -0.008530 0.016441 -0.007069 0.011907 0.007187 0.000458 -0.000369 0.000386 0.000023 -0.001080 -0.000994 -0.002185 0.001708 0.001811 -0.001789
8.200000 -0.014052 -0.006860 0.008173 -0.011672 -0.001013 -0.008585 0.015901 -0.007476 0.012316 0.007222 0.000364 -0.000293 0.000306 0.000018 -0.000857 -0.000789 -0.001734 0.001356 0.001437 -0.001420
8.400000 -0.014112 -0.007550 0.007794 -0.011302 -0.000986 -0.008627 0.015473 -0.007796 0.012637 0.007249 0.000288 -0.000232 0.000243 0.000014 -0.000679 -0.000625 -0.001373 0.001074 0.001138 -0.001125
8.600000 -0.014156 -0.008090 0.007496 -0.011010 -0.000965 -0.008658 0.015135 -0.008047 0.012887 0.007270 0.000228 -0.000183 0.000192 0.000011 -0.000536 -0.000494 -0.001085 0.000849 0.000900 -0.000889
8.800000 -0.014190 -0.008513 0.007262 -0.010781 -0.000949 -0.008681 0.014870 -0.008242 0.013082 0.007285 0.000180 -0.000145 0.000151 0.000009 -0.000423 -0.000390 -0.000856 0.000670 0.000710 -0.000701
9.000000 -0.014214 -0.008842 0.007079 -0.010601 -0.000936 -0.008699 0.014662 -0.008395 0.013234 0.007297 0.000142 -0.000114 0.000119 0.000007 -0.000333 -0.000307 -0.000674 0.000527 0.000559 -0.000552
9.200000 -0.014233 -0.009098 0.006936 -0.010461 -0.000926 -0.008712 0.014500 -0.008513 0.013351 0.007305 0.000111 -0.000089 0.000094 0.000006 -0.000262 -0.000241 -0.000530 0.000414 0.000439 -0.000434
9.400000 -0.014247 -0.009297 0.006825 -0.010352 -0.000918 -0.008722 0.014373 -0.008604 0.013442 0.007312 0.000087 -0.000070 0.000073 0.000004 -0.000205 -0.000189 -0.000415 0.000325 0.000344 -0.000340
9.600000 -0.014257 -0.009451 0.006739 -0.010267 -0.000912 -0.008729 0.014275 -0.008675 0.013512 0.007317 0.000068 -0.000055 0.000057 0.000003 -0.000161 -0.000148 -0.000325 0.000254 0.000269 -0.000266
9.800000 -0.014264 -0.009570 0.006672 -0.010201 -0.000907 -0.008734 0.014198 -0.008730 0.013566 0.007320 0.000053 -0.000043 0.000045 0.000003 -0.000125 -0.000115 -0.000254 0.000198 0.000210 -0.000208
10.000000 -0.014270 -0.009662 0.006620 -0.010150 -0.000904 -0.008738 0.014138 -0.008772 0.013608 0.007323 0.000041 -0.000033 0.000035 0.000002 -0.000098 -0.000090 -0.000198 0.000154 0.000164 -0.000162
10.500000 -0.014277 -0.009805 0.006542 -0.010073 -0.000898 -0.008743 0.014051 -0.008840 0.013675 0.007326 0.000023 -0.000018 0.000019 0.000001 -0.000054 -0.000050 -0.000109 0.000085 0.000090 -0.000089
11.000000 -0.014282 -0.009885 0.006492 -0.010024 -0.000895 -0.008747 0.013992 -0.008874 0.013708 0.007328 0.000012 -0.000009 0.000010 0.000001 -0.000027 -0.000025 -0.000055 0.000043 0.000046 -0.000045
