State0	Sigma0	State1	Sigma1	State2	Sigma2	State3	Sigma3	State4	Sigma4	State5	Sigma5	State6	Sigma6	
9.308950e+04	2.245188e-14	9.440898e+04	2.337478e-14	1.040229e+05	3.165044e-14	1.052497e+05	3.651504e-14	1.058267e+05	5.832890e-14	1.068056e+05	4.694946e-14	1.071264e+05	4.618562e-14
9.308972e+04	2.183065e-14	9.440920e+04	2.254613e-14	1.040231e+05	3.171976e-14	1.052499e+05	3.635572e-14	1.058269e+05	5.609645e-14	1.068058e+05	4.583367e-14	1.071266e+05	4.521734e-14
9.308994e+04	2.366290e-14	9.440942e+04	2.477128e-14	1.040234e+05	3.176282e-14	1.052502e+05	3.673529e-14	1.058271e+05	7.261999e-14	1.068061e+05	4.882513e-14	1.071268e+05	4.772226e-14
9.309018e+04	2.323380e-14	9.440966e+04	2.418646e-14	1.040236e+05	3.179896e-14	1.052504e+05	3.663055e-14	1.058274e+05	6.921878e-14	1.068063e+05	4.823669e-14	1.071271e+05	4.720801e-14
9.309043e+04	2.276086e-14	9.440991e+04	2.355670e-14	1.040238e+05	3.184371e-14	1.052507e+05	3.650009e-14	1.058276e+05	6.584597e-14	1.068066e+05	4.749857e-14	1.071273e+05	4.657764e-14
9.309070e+04	2.225656e-14	9.441018e+04	2.289587e-14	1.040241e+05	3.189766e-14	1.052509e+05	3.632532e-14	1.058279e+05	6.249058e-14	1.068068e+05	4.660918e-14	1.071276e+05	4.580940e-14
9.309097e+04	2.173783e-14	9.441045e+04	2.222263e-14	1.040244e+05	3.195783e-14	1.052512e+05	3.611749e-14	1.058282e+05	5.914281e-14	1.068071e+05	4.553376e-14	1.071278e+05	4.488110e-14
9.309126e+04	2.305175e-14	9.441074e+04	2.380710e-14	1.040247e+05	3.200845e-14	1.052515e+05	3.641761e-14	1.058284e+05	7.207501e-14	1.068074e+05	4.811846e-14	1.071281e+05	4.703328e-14
9.309156e+04	2.267812e-14	9.441104e+04	2.331203e-14	1.040250e+05	3.203290e-14	1.052518e+05	3.632895e-14	1.058287e+05	6.835553e-14	1.068077e+05	4.749872e-14	1.071284e+05	4.650366e-14
9.309188e+04	2.227704e-14	9.441136e+04	2.278409e-14	1.040253e+05	3.206630e-14	1.052521e+05	3.622824e-14	1.058291e+05	6.448565e-14	1.068080e+05	4.672952e-14	1.071287e+05	4.584873e-14
9.309221e+04	2.185741e-14	9.441169e+04	2.223664e-14	1.040256e+05	3.210855e-14	1.052524e+05	3.609973e-14	1.058294e+05	6.056064e-14	1.068083e+05	4.578345e-14	1.071291e+05	4.504317e-14
9.309256e+04	2.277004e-14	9.441204e+04	2.329650e-14	1.040260e+05	3.219732e-14	1.052528e+05	3.609500e-14	1.058297e+05	6.637812e-14	1.068087e+05	4.780334e-14	1.071294e+05	4.671792e-14
9.309292e+04	2.246634e-14	9.441240e+04	2.289104e-14	1.040263e+05	3.220417e-14	1.052531e+05	3.601870e-14	1.058301e+05	6.313705e-14	1.068090e+05	4.721747e-14	1.071298e+05	4.622695e-14
9.309330e+04	2.213651e-14	9.441278e+04	2.246044e-14	1.040267e+05	3.221812e-14	1.052535e+05	3.592287e-14	1.058305e+05	5.962812e-14	1.068094e+05	4.649089e-14	1.071302e+05	4.561123e-14
9.309370e+04	2.178940e-14	9.441318e+04	2.201468e-14	1.040271e+05	3.223976e-14	1.052539e+05	3.582328e-14	1.058309e+05	5.594664e-14	1.068098e+05	4.559210e-14	1.071306e+05	4.484467e-14
9.309411e+04	2.245595e-14	9.441359e+04	2.279312e-14	1.040275e+05	3.231095e-14	1.052543e+05	3.578971e-14	1.058313e+05	5.640843e-14	1.068102e+05	4.733569e-14	1.071310e+05	4.626795e-14
9.309455e+04	2.219828e-14	9.441403e+04	2.246883e-14	1.040280e+05	3.230270e-14	1.052548e+05	3.572310e-14	1.058317e+05	5.333989e-14	1.068107e+05	4.674933e-14	1.071314e+05	4.576829e-14
9.309500e+04	2.191970e-14	9.441448e+04	2.211224e-14	1.040284e+05	3.230074e-14	1.052552e+05	3.564246e-14	1.058322e+05	5.016354e-14	1.068111e+05	4.600439e-14	1.071319e+05	4.514074e-14
9.309548e+04	2.162612e-14	9.441496e+04	2.173268e-14	1.040289e+05	3.230474e-14	1.052557e+05	3.554013e-14	1.058327e+05	4.690955e-14	1.068116e+05	4.507969e-14	1.071324e+05	4.434858e-14
9.309598e+04	2.215046e-14	9.441546e+04	2.235805e-14	1.040294e+05	3.233817e-14	1.052562e+05	3.548480e-14	1.058332e+05	4.450654e-14	1.068121e+05	4.670499e-14	1.071329e+05	4.565724e-14
9.309651e+04	2.191916e-14	9.441599e+04	2.205750e-14	1.040299e+05	3.231968e-14	1.052567e+05	3.541028e-14	1.058337e+05	4.169566e-14	1.068126e+05	4.607075e-14	1.071334e+05	4.512329e-14
9.309706e+04	2.167221e-14	9.441654e+04	2.173991e-14	1.040305e+05	3.230698e-14	1.052573e+05	3.532630e-14	1.058342e+05	3.894417e-14	1.068132e+05	4.526224e-14	1.071339e+05	4.443899e-14
9.309763e+04	2.205140e-14	9.441711e+04	2.217299e-14	1.040310e+05	3.230959e-14	1.052579e+05	3.528833e-14	1.058348e+05	3.784541e-14	1.068138e+05	4.652135e-14	1.071345e+05	4.542650e-14
9.309823e+04	2.185087e-14	9.441771e+04	2.191293e-14	1.040316e+05	3.227806e-14	1.052585e+05	3.519251e-14	1.058354e+05	3.398106e-14	1.068144e+05	4.594050e-14	1.071351e+05	4.494578e-14
9.309886e+04	2.163464e-14	9.441834e+04	2.163626e-14	1.040323e+05	3.225302e-14	1.052591e+05	3.508474e-14	1.058360e+05	3.105919e-14	1.068150e+05	4.519757e-14	1.071357e+05	4.433071e-14
9.309952e+04	2.191311e-14	9.441900e+04	2.194477e-14	1.040329e+05	3.224892e-14	1.052598e+05	3.507477e-14	1.058367e+05	3.983326e-14	1.068157e+05	4.621591e-14	1.071364e+05	4.513927e-14
9.310021e+04	2.173063e-14	9.441969e+04	2.171209e-14	1.040336e+05	3.220853e-14	1.052604e+05	3.498185e-14	1.058374e+05	3.426812e-14	1.068163e+05	4.565985e-14	1.071371e+05	4.467535e-14
9.310094e+04	2.153472e-14	9.442042e+04	2.146583e-14	1.040343e+05	3.217616e-14	1.052612e+05	3.487428e-14	1.058381e+05	2.868893e-14	1.068171e+05	4.494319e-14	1.071378e+05	4.408071e-14
9.310170e+04	2.174907e-14	9.442118e+04	2.168995e-14	1.040351e+05	3.217006e-14	1.052619e+05	3.480552e-14	1.058389e+05	3.351811e-14	1.068178e+05	4.585061e-14	1.071386e+05	4.476815e-14
9.310249e+04	2.158221e-14	9.442197e+04	2.148050e-14	1.040359e+05	3.212483e-14	1.052627e+05	3.471765e-14	1.058397e+05	3.195705e-14	1.068186e+05	4.528127e-14	1.071394e+05	4.430443e-14
9.310332e+04	2.140437e-14	9.442280e+04	2.126056e-14	1.040367e+05	3.208862e-14	1.052636e+05	3.461837e-14	1.058405e+05	2.905999e-14	1.068195e+05	4.455002e-14	1.071402e+05	4.370609e-14
9.310419e+04	2.157401e-14	9.442367e+04	2.143913e-14	1.040376e+05	3.206728e-14	1.052644e+05	3.456366e-14	1.058414e+05	3.142350e-14	1.068203e+05	4.540856e-14	1.071411e+05	4.434896e-14
9.310510e+04	2.142220e-14	9.442458e+04	2.124983e-14	1.040385e+05	3.202533e-14	1.052653e+05	3.447588e-14	1.058423e+05	2.938339e-14	1.068212e+05	4.480901e-14	1.071420e+05	4.385602e-14
9.310606e+04	2.153517e-14	9.442554e+04	2.137124e-14	1.040395e+05	3.200989e-14	1.052663e+05	3.441270e-14	1.058432e+05	3.127401e-14	1.068222e+05	4.539576e-14	1.071429e+05	4.428331e-14
9.310705e+04	2.140462e-14	9.442653e+04	2.120526e-14	1.040405e+05	3.196447e-14	1.052673e+05	3.431981e-14	1.058442e+05	3.023507e-14	1.068232e+05	4.488440e-14	1.071439e+05	4.386257e-14
9.310810e+04	2.126563e-14	9.442758e+04	2.103188e-14	1.040415e+05	3.192696e-14	1.052683e+05	3.422075e-14	1.058453e+05	2.887001e-14	1.068242e+05	4.421841e-14	1.071450e+05	4.331613e-14
9.310920e+04	2.136574e-14	9.442868e+04	2.114450e-14	1.040426e+05	3.190189e-14	1.052694e+05	3.415549e-14	1.058464e+05	3.067698e-14	1.068253e+05	4.484385e-14	1.071461e+05	4.377120e-14
9.311034e+04	2.124201e-14	9.442982e+04	2.098823e-14	1.040438e+05	3.186098e-14	1.052706e+05	3.406439e-14	1.058475e+05	3.000394e-14	1.068265e+05	4.425458e-14	1.071472e+05	4.328346e-14
9.311154e+04	2.131095e-14	9.443102e+04	2.106309e-14	1.040450e+05	3.183497e-14	1.052718e+05	3.398410e-14	1.058487e+05	3.156533e-14	1.068277e+05	4.471844e-14	1.071484e+05	4.360498e-14
9.311280e+04	2.119681e-14	9.443228e+04	2.092022e-14	1.040462e+05	3.178781e-14	1.052730e+05	3.389586e-14	1.058500e+05	3.131930e-14	1.068289e+05	4.417757e-14	1.071497e+05	4.315594e-14
9.311412e+04	2.124199e-14	9.443360e+04	2.096450e-14	1.040475e+05	3.175552e-14	1.052743e+05	3.382430e-14	1.058513e+05	3.274355e-14	1.068302e+05	4.453708e-14	1.071510e+05	4.339100e-14
9.311550e+04	2.113345e-14	9.443498e+04	2.083079e-14	1.040489e+05	3.170370e-14	1.052757e+05	3.373558e-14	1.058527e+05	3.281885e-14	1.068316e+05	4.402524e-14	1.071524e+05	4.296427e-14
9.311694e+04	2.116146e-14	9.443642e+04	2.085214e-14	1.040504e+05	3.166461e-14	1.052772e+05	3.367039e-14	1.058541e+05	3.422280e-14	1.068331e+05	4.429931e-14	1.071538e+05	4.313475e-14
9.311845e+04	2.105701e-14	9.443793e+04	2.072635e-14	1.040519e+05	3.160725e-14	1.052787e+05	3.358289e-14	1.058556e+05	3.451923e-14	1.068346e+05	4.380126e-14	1.071553e+05	4.271769e-14
9.312004e+04	2.107407e-14	9.443952e+04	2.073613e-14	1.040534e+05	3.156354e-14	1.052803e+05	3.349701e-14	1.058572e+05	3.591795e-14	1.068362e+05	4.402300e-14	1.071569e+05	4.284463e-14
9.312169e+04	2.097521e-14	9.444117e+04	2.061842e-14	1.040551e+05	3.150236e-14	1.052819e+05	3.340270e-14	1.058589e+05	3.636714e-14	1.068378e+05	4.352623e-14	1.071586e+05	4.243241e-14
9.312343e+04	2.098400e-14	9.444291e+04	2.062502e-14	1.040568e+05	3.145312e-14	1.052837e+05	3.331722e-14	1.058606e+05	3.772697e-14	1.068396e+05	4.371397e-14	1.071603e+05	4.253599e-14
9.312525e+04	2.089108e-14	9.444473e+04	2.051424e-14	1.040587e+05	3.139213e-14	1.052855e+05	3.323333e-14	1.058624e+05	3.823649e-14	1.068414e+05	4.321151e-14	1.071621e+05	4.212345e-14
9.312715e+04	2.089517e-14	9.444663e+04	2.052006e-14	1.040606e+05	3.133970e-14	1.052874e+05	3.316688e-14	1.058643e+05	3.955264e-14	1.068433e+05	4.337442e-14	1.071640e+05	4.221509e-14
9.312914e+04	2.080538e-14	9.444862e+04	2.041416e-14	1.040626e+05	3.128090e-14	1.052894e+05	3.308466e-14	1.058663e+05	4.007355e-14	1.068453e+05	4.285964e-14	1.071660e+05	4.179628e-14
9.313123e+04	2.080457e-14	9.445071e+04	2.041193e-14	1.040646e+05	3.123021e-14	1.052915e+05	3.301072e-14	1.058684e+05	4.133831e-14	1.068474e+05	4.301460e-14	1.071681e+05	4.188308e-14
9.313342e+04	2.079065e-14	9.445290e+04	2.039566e-14	1.040668e+05	3.118027e-14	1.052936e+05	3.293012e-14	1.058706e+05	4.245441e-14	1.068495e+05	4.307278e-14	1.071703e+05	4.189283e-14
9.313570e+04	2.070705e-14	9.445518e+04	2.029890e-14	1.040691e+05	3.111948e-14	1.052959e+05	3.285562e-14	1.058729e+05	4.304008e-14	1.068518e+05	4.263131e-14	1.071726e+05	4.153141e-14
9.313810e+04	2.068927e-14	9.445758e+04	2.027929e-14	1.040715e+05	3.106474e-14	1.052983e+05	3.279519e-14	1.058753e+05	4.411275e-14	1.068542e+05	4.269316e-14	1.071750e+05	4.154336e-14
9.314061e+04	2.066651e-14	9.446009e+04	2.025119e-14	1.040740e+05	3.100971e-14	1.053008e+05	3.272137e-14	1.058778e+05	4.507248e-14	1.068567e+05	4.269282e-14	1.071775e+05	4.150522e-14
9.314324e+04	2.058761e-14	9.446272e+04	2.016253e-14	1.040766e+05	3.094252e-14	1.053035e+05	3.264749e-14	1.058804e+05	4.558997e-14	1.068594e+05	4.228395e-14	1.071801e+05	4.116426e-14
9.314599e+04	2.056518e-14	9.446547e+04	2.013734e-14	1.040794e+05	3.088237e-14	1.053062e+05	3.257599e-14	1.058832e+05	4.642132e-14	1.068621e+05	4.228665e-14	1.071829e+05	4.112652e-14
9.314887e+04	2.053710e-14	9.446835e+04	2.010884e-14	1.040823e+05	3.081954e-14	1.053091e+05	3.250675e-14	1.058860e+05	4.711210e-14	1.068650e+05	4.224420e-14	1.071857e+05	4.105461e-14
9.315189e+04	2.046458e-14	9.447137e+04	2.002643e-14	1.040853e+05	3.074830e-14	1.053121e+05	3.243122e-14	1.058891e+05	4.738622e-14	1.068680e+05	4.184034e-14	1.071888e+05	4.071867e-14
9.315504e+04	2.043685e-14	9.447452e+04	1.999468e-14	1.040885e+05	3.068202e-14	1.053153e+05	3.235388e-14	1.058922e+05	4.787331e-14	1.068712e+05	4.180491e-14	1.071919e+05	4.065754e-14
9.315835e+04	2.040463e-14	9.447783e+04	1.996035e-14	1.040918e+05	3.061432e-14	1.053186e+05	3.228044e-14	1.058955e+05	4.822757e-14	1.068745e+05	4.173980e-14	1.071952e+05	4.057391e-14
9.316182e+04	2.037058e-14	9.448130e+04	1.992339e-14	1.040952e+05	3.054612e-14	1.053220e+05	3.219898e-14	1.058990e+05	4.845211e-14	1.068779e+05	4.165119e-14	1.071987e+05	4.047641e-14
9.316544e+04	2.030102e-14	9.448492e+04	1.984792e-14	1.040989e+05	3.046884e-14	1.053257e+05	3.211031e-14	1.059026e+05	4.834591e-14	1.068816e+05	4.128191e-14	1.072023e+05	4.017392e-14
9.316924e+04	2.026713e-14	9.448872e+04	1.981392e-14	1.041026e+05	3.039619e-14	1.053295e+05	3.202304e-14	1.059064e+05	4.837933e-14	1.068854e+05	4.120965e-14	1.072061e+05	4.008773e-14
9.317322e+04	2.023135e-14	9.449270e+04	1.977711e-14	1.041066e+05	3.032191e-14	1.053334e+05	3.192705e-14	1.059104e+05	4.830881e-14	1.068893e+05	4.111857e-14	1.072101e+05	3.998626e-14
9.317738e+04	2.019346e-14	9.449686e+04	1.973842e-14	1.041108e+05	3.024640e-14	1.053376e+05	3.182500e-14	1.059146e+05	4.813928e-14	1.068935e+05	4.101382e-14	1.072143e+05	3.987341e-14
9.318174e+04	2.015422e-14	9.450122e+04	1.969914e-14	1.041152e+05	3.017042e-14	1.053420e+05	3.171591e-14	1.059189e+05	4.788294e-14	1.068979e+05	4.089818e-14	1.072186e+05	3.975368e-14
9.318631e+04	2.011408e-14	9.450579e+04	1.965976e-14	1.041197e+05	3.009474e-14	1.053465e+05	3.159981e-14	1.059235e+05	4.754981e-14	1.069024e+05	4.077492e-14	1.072232e+05	3.962750e-14
9.319109e+04	2.005178e-14	9.451057e+04	1.959485e-14	1.041245e+05	3.001379e-14	1.053513e+05	3.147727e-14	1.059283e+05	4.700252e-14	1.069072e+05	4.045018e-14	1.072280e+05	3.935690e-14
9.319609e+04	2.001264e-14	9.451557e+04	1.955740e-14	1.041295e+05	2.993560e-14	1.053563e+05	3.135531e-14	1.059333e+05	4.655147e-14	1.069122e+05	4.033724e-14	1.072330e+05	3.923615e-14
9.320134e+04	1.997289e-14	9.452082e+04	1.951957e-14	1.041347e+05	2.985653e-14	1.053616e+05	3.123203e-14	1.059385e+05	4.604155e-14	1.069175e+05	4.021773e-14	1.072382e+05	3.910750e-14
9.320683e+04	1.993260e-14	9.452631e+04	1.948062e-14	1.041402e+05	2.977759e-14	1.053671e+05	3.111053e-14	1.059440e+05	4.547802e-14	1.069230e+05	4.009246e-14	1.072437e+05	3.897115e-14
9.321257e+04	1.989065e-14	9.453205e+04	1.944100e-14	1.041460e+05	2.969763e-14	1.053728e+05	3.099230e-14	1.059498e+05	4.486422e-14	1.069287e+05	3.996136e-14	1.072494e+05	3.882929e-14
9.321859e+04	1.984797e-14	9.453807e+04	1.940084e-14	1.041520e+05	2.961617e-14	1.053788e+05	3.087868e-14	1.059558e+05	4.420752e-14	1.069347e+05	3.982588e-14	1.072555e+05	3.868254e-14
9.322490e+04	1.980497e-14	9.454438e+04	1.936020e-14	1.041583e+05	2.953317e-14	1.053851e+05	3.076962e-14	1.059621e+05	4.351497e-14	1.069410e+05	3.963544e-14	1.072618e+05	3.853277e-14
9.323149e+04	1.976124e-14	9.455097e+04	1.931858e-14	1.041649e+05	2.944902e-14	1.053917e+05	3.066472e-14	1.059687e+05	4.279039e-14	1.069476e+05	3.949410e-14	1.072684e+05	3.838044e-14
9.323841e+04	1.971583e-14	9.455789e+04	1.927515e-14	1.041718e+05	2.936417e-14	1.053986e+05	3.056175e-14	1.059756e+05	4.203592e-14	1.069545e+05	3.950040e-14	1.072753e+05	3.822558e-14
9.324564e+04	1.968146e-14	9.456512e+04	1.924379e-14	1.041791e+05	2.928074e-14	1.054059e+05	3.045723e-14	1.059828e+05	4.133287e-14	1.069618e+05	3.929142e-14	1.072825e+05	3.815232e-14
9.325322e+04	1.963443e-14	9.457270e+04	1.919735e-14	1.041866e+05	2.919476e-14	1.054134e+05	3.034820e-14	1.059904e+05	4.052708e-14	1.069693e+05	3.910872e-14	1.072901e+05	3.799339e-14
9.326115e+04	1.958698e-14	9.458063e+04	1.914927e-14	1.041946e+05	2.910781e-14	1.054214e+05	3.023277e-14	1.059983e+05	3.970281e-14	1.069773e+05	3.932345e-14	1.072980e+05	3.783354e-14
9.326946e+04	1.953858e-14	9.458894e+04	1.909982e-14	1.042029e+05	2.902038e-14	1.054297e+05	3.011053e-14	1.060066e+05	3.886472e-14	1.069856e+05	3.898962e-14	1.073063e+05	3.767144e-14
9.327816e+04	1.948910e-14	9.459764e+04	1.904948e-14	1.042116e+05	2.893282e-14	1.054384e+05	2.998357e-14	1.060153e+05	3.801557e-14	1.069943e+05	3.823398e-14	1.073150e+05	3.750646e-14
9.328727e+04	1.944615e-14	9.460675e+04	1.900737e-14	1.042207e+05	2.884624e-14	1.054475e+05	2.985599e-14	1.060245e+05	3.721231e-14	1.070034e+05	3.839325e-14	1.073241e+05	3.739844e-14
9.329681e+04	1.939458e-14	9.461629e+04	1.895482e-14	1.042302e+05	2.875633e-14	1.054570e+05	2.964577e-14	1.060340e+05	3.634583e-14	1.070129e+05	3.920418e-14	1.073337e+05	3.723161e-14
9.330680e+04	1.934264e-14	9.462628e+04	1.890210e-14	1.042402e+05	2.866533e-14	1.054670e+05	2.934011e-14	1.060440e+05	3.547619e-14	1.070229e+05	3.940484e-14	1.073437e+05	3.706287e-14
9.331726e+04	1.929076e-14	9.463674e+04	1.885028e-14	1.042507e+05	2.857450e-14	1.054775e+05	2.980053e-14	1.060544e+05	3.461000e-14	1.070334e+05	3.835768e-14	1.073541e+05	3.689259e-14
9.332821e+04	1.924461e-14	9.464769e+04	1.880682e-14	1.042616e+05	2.848503e-14	1.054884e+05	2.893073e-14	1.060654e+05	3.378458e-14	1.070443e+05	3.696844e-14	1.073651e+05	3.677213e-14
9.333968e+04	1.919217e-14	9.465916e+04	1.875574e-14	1.042731e+05	2.839191e-14	1.054999e+05	2.965718e-14	1.060769e+05	3.292050e-14	1.070558e+05	3.633863e-14	1.073766e+05	3.660380e-14
9.335169e+04	1.914522e-14	9.467117e+04	1.871191e-14	1.042851e+05	2.830021e-14	1.055119e+05	2.935284e-14	1.060889e+05	3.209735e-14	1.070678e+05	3.701099e-14	1.073886e+05	3.647149e-14
9.336427e+04	1.909211e-14	9.468375e+04	1.866178e-14	1.042977e+05	2.820591e-14	1.055245e+05	2.837803e-14	1.061014e+05	3.124717e-14	1.070804e+05	3.827883e-14	1.074011e+05	3.630036e-14
9.337743e+04	1.904448e-14	9.469691e+04	1.861555e-14	1.043108e+05	2.811302e-14	1.055377e+05	2.863409e-14	1.061146e+05	3.043272e-14	1.070936e+05	3.926691e-14	1.074143e+05	3.616270e-14
9.339122e+04	1.899071e-14	9.471070e+04	1.856393e-14	1.043246e+05	2.801769e-14	1.055515e+05	2.943822e-14	1.061284e+05	2.960330e-14	1.071074e+05	3.922237e-14	1.074281e+05	3.599270e-14
9.340566e+04	1.894150e-14	9.472514e+04	1.851498e-14	1.043391e+05	2.792354e-14	1.055659e+05	2.932151e-14	1.061428e+05	2.880723e-14	1.071218e+05	3.819896e-14	1.074425e+05	3.585240e-14
9.342078e+04	1.888635e-14	9.474026e+04	1.846060e-14	1.043542e+05	2.782658e-14	1.055810e+05	2.831892e-14	1.061580e+05	2.799772e-14	1.071369e+05	3.658081e-14	1.074577e+05	3.568101e-14
9.343661e+04	1.883524e-14	9.475609e+04	1.840934e-14	1.043700e+05	2.772846e-14	1.055968e+05	2.746514e-14	1.061738e+05	2.722962e-14	1.071527e+05	3.510225e-14	1.074735e+05	3.553595e-14
9.345319e+04	1.878238e-14	9.477267e+04	1.835731e-14	1.043866e+05	2.763938e-14	1.056134e+05	2.745492e-14	1.061904e+05	2.647101e-14	1.071693e+05	3.424059e-14	1.074901e+05	3.538830e-14
9.347055e+04	1.872583e-14	9.479003e+04	1.830315e-14	1.044040e+05	2.752671e-14	1.056308e+05	2.813563e-14	1.062077e+05	2.570324e-14	1.071867e+05	3.418664e-14	1.075074e+05	3.521506e-14
9.348873e+04	1.867284e-14	9.480821e+04	1.825231e-14	1.044221e+05	2.744196e-14	1.056490e+05	2.886719e-14	1.062259e+05	2.497456e-14	1.072049e+05	3.491473e-14	1.075256e+05	3.506409e-14
9.350776e+04	1.861967e-14	9.482724e+04	1.820095e-14	1.044412e+05	2.736425e-14	1.056680e+05	2.908353e-14	1.062449e+05	2.425927e-14	1.072239e+05	3.608624e-14	1.075446e+05	3.491124e-14
9.352769e+04	1.856557e-14	9.484717e+04	1.814851e-14	1.044611e+05	2.722447e-14	1.056879e+05	2.861845e-14	1.062649e+05	2.356008e-14	1.072438e+05	3.731364e-14	1.075646e+05	3.475522e-14
9.354856e+04	1.850829e-14	9.486804e+04	1.809200e-14	1.044820e+05	2.710003e-14	1.057088e+05	2.769808e-14	1.062857e+05	2.286284e-14	1.072647e+05	3.822154e-14	1.075854e+05	3.457954e-14
9.357041e+04	1.845275e-14	9.488989e+04	1.803762e-14	1.045038e+05	2.705266e-14	1.057306e+05	2.672428e-14	1.063076e+05	2.219721e-14	1.072865e+05	3.862979e-14	1.076073e+05	3.442244e-14
9.359330e+04	1.839644e-14	9.491278e+04	1.798300e-14	1.045267e+05	2.700955e-14	1.057535e+05	2.606190e-14	1.063305e+05	2.154828e-14	1.073094e+05	3.842418e-14	1.076302e+05	3.426409e-14
9.361726e+04	1.833989e-14	9.493674e+04	1.792838e-14	1.045507e+05	2.688547e-14	1.057775e+05	2.589475e-14	1.063544e+05	2.091721e-14	1.073334e+05	3.765472e-14	1.076541e+05	3.410451e-14
9.364235e+04	1.828295e-14	9.496183e+04	1.787370e-14	1.045758e+05	2.669781e-14	1.058026e+05	2.620221e-14	1.063795e+05	2.030598e-14	1.073585e+05	3.646780e-14	1.076792e+05	3.394452e-14
9.366862e+04	1.822643e-14	9.498810e+04	1.782018e-14	1.046020e+05	2.653168e-14	1.058289e+05	2.681232e-14	1.064058e+05	1.971633e-14	1.073848e+05	3.508810e-14	1.077055e+05	3.379527e-14
9.369614e+04	1.816888e-14	9.501562e+04	1.776334e-14	1.046295e+05	2.644868e-14	1.058564e+05	2.749235e-14	1.064333e+05	1.913575e-14	1.074123e+05	3.368619e-14	1.077330e+05	3.363287e-14
9.372494e+04	1.811081e-14	9.504442e+04	1.770597e-14	1.046584e+05	2.644158e-14	1.058852e+05	2.802258e-14	1.064621e+05	1.857345e-14	1.074411e+05	3.246762e-14	1.077618e+05	3.347024e-14
9.375511e+04	1.805199e-14	9.507459e+04	1.764904e-14	1.046885e+05	2.644570e-14	1.059153e+05	2.825177e-14	1.064923e+05	1.802407e-14	1.074712e+05	3.156828e-14	1.077920e+05	3.330650e-14
9.378670e+04	1.799222e-14	9.510618e+04	1.759175e-14	1.047201e+05	2.639101e-14	1.059469e+05	2.812024e-14	1.065239e+05	1.749757e-14	1.075028e+05	3.106110e-14	1.078236e+05	3.314143e-14
9.381977e+04	1.793390e-14	9.513925e+04	1.753484e-14	1.047532e+05	2.624817e-14	1.059800e+05	2.765001e-14	1.065570e+05	1.699066e-14	1.075359e+05	3.098148e-14	1.078566e+05	3.298704e-14
9.385441e+04	1.787342e-14	9.517389e+04	1.747624e-14	1.047878e+05	2.603190e-14	1.060146e+05	2.693239e-14	1.065916e+05	1.649565e-14	1.075705e+05	3.126584e-14	1.078913e+05	3.282100e-14
9.389068e+04	1.781331e-14	9.521016e+04	1.741844e-14	1.048241e+05	2.579284e-14	1.060509e+05	2.608340e-14	1.066279e+05	1.602366e-14	1.076068e+05	3.186991e-14	1.079275e+05	3.266312e-14
9.392866e+04	1.775294e-14	9.524814e+04	1.735858e-14	1.048621e+05	2.558854e-14	1.060889e+05	2.523131e-14	1.066658e+05	1.555529e-14	1.076448e+05	3.267413e-14	1.079655e+05	3.249789e-14
9.396842e+04	1.769226e-14	9.528790e+04	1.729954e-14	1.049018e+05	2.545577e-14	1.061287e+05	2.449040e-14	1.067056e+05	1.511294e-14	1.076846e+05	3.359770e-14	1.080053e+05	3.233845e-14
9.401006e+04	1.763102e-14	9.532954e+04	1.724029e-14	1.049435e+05	2.540743e-14	1.061703e+05	2.393907e-14	1.067472e+05	1.468411e-14	1.077262e+05	3.452594e-14	1.080469e+05	3.217818e-14
9.405367e+04	1.756843e-14	9.537315e+04	1.718048e-14	1.049871e+05	2.542645e-14	1.062139e+05	2.362433e-14	1.067908e+05	1.426770e-14	1.077698e+05	3.535847e-14	1.080905e+05	3.201107e-14
9.409933e+04	1.750644e-14	9.541881e+04	1.712023e-14	1.050327e+05	2.547825e-14	1.062596e+05	2.355401e-14	1.068365e+05	1.386728e-14	1.078155e+05	3.604009e-14	1.081362e+05	3.185026e-14
9.414714e+04	1.744421e-14	9.546662e+04	1.705961e-14	1.050805e+05	2.552060e-14	1.063074e+05	2.370763e-14	1.068843e+05	1.348109e-14	1.078633e+05	3.650745e-14	1.081840e+05	3.168819e-14
9.419720e+04	1.738167e-14	9.551668e+04	1.699835e-14	1.051306e+05	2.551579e-14	1.063574e+05	2.404334e-14	1.069344e+05	1.310871e-14	1.079133e+05	3.672816e-14	1.082341e+05	3.152485e-14
9.424962e+04	1.731877e-14	9.556910e+04	1.693655e-14	1.051830e+05	2.543752e-14	1.064099e+05	2.450280e-14	1.069868e+05	1.275085e-14	1.079658e+05	3.669164e-14	1.082865e+05	3.136078e-14
9.430452e+04	1.725527e-14	9.562400e+04	1.687527e-14	1.052379e+05	2.528152e-14	1.064647e+05	2.502215e-14	1.070417e+05	1.240687e-14	1.080206e+05	3.640461e-14	1.083414e+05	3.119573e-14
9.436200e+04	1.719033e-14	9.568148e+04	1.681356e-14	1.052954e+05	2.505496e-14	1.065222e+05	2.553980e-14	1.070992e+05	1.207174e-14	1.080781e+05	3.588658e-14	1.083989e+05	3.102960e-14
9.442219e+04	1.712711e-14	9.574167e+04	1.675008e-14	1.053556e+05	2.477695e-14	1.065824e+05	2.600169e-14	1.071594e+05	1.175221e-14	1.081383e+05	3.517327e-14	1.084591e+05	3.086513e-14
9.448521e+04	1.706257e-14	9.580469e+04	1.668832e-14	1.054186e+05	2.448029e-14	1.066454e+05	2.636274e-14	1.072224e+05	1.144219e-14	1.082013e+05	3.430196e-14	1.085221e+05	3.069961e-14
9.455121e+04	1.699800e-14	9.587069e+04	1.662474e-14	1.054846e+05	2.418995e-14	1.067114e+05	2.659190e-14	1.072884e+05	1.114938e-14	1.082673e+05	3.332420e-14	1.085881e+05	3.053759e-14
9.462032e+04	1.693249e-14	9.593980e+04	1.656178e-14	1.055537e+05	2.393491e-14	1.067805e+05	2.667219e-14	1.073575e+05	1.086259e-14	1.083364e+05	3.227443e-14	1.086572e+05	3.037078e-14
9.469268e+04	1.686711e-14	9.601216e+04	1.649796e-14	1.056261e+05	2.373582e-14	1.068529e+05	2.659472e-14	1.074299e+05	1.059007e-14	1.084088e+05	3.120499e-14	1.087295e+05	3.020631e-14
9.476845e+04	1.680173e-14	9.608793e+04	1.643306e-14	1.057019e+05	2.360500e-14	1.069287e+05	2.636638e-14	1.075056e+05	1.032277e-14	1.084846e+05	3.014844e-14	1.088053e+05	3.004087e-14
9.484780e+04	1.673538e-14	9.616728e+04	1.636863e-14	1.057812e+05	2.354304e-14	1.070080e+05	2.599975e-14	1.075850e+05	1.006996e-14	1.085639e+05	2.914908e-14	1.088847e+05	2.987790e-14
9.493088e+04	1.666891e-14	9.625036e+04	1.630393e-14	1.058643e+05	2.354619e-14	1.070911e+05	2.551522e-14	1.076681e+05	9.829714e-15	1.086470e+05	2.823177e-14	1.089678e+05	2.971353e-14
9.501788e+04	1.660214e-14	9.633736e+04	1.623835e-14	1.059513e+05	2.360138e-14	1.071781e+05	2.493973e-14	1.077551e+05	9.593152e-15	1.087340e+05	2.741856e-14	1.090548e+05	2.954554e-14
9.510898e+04	1.653548e-14	9.642846e+04	1.617274e-14	1.060424e+05	2.369268e-14	1.072692e+05	2.429616e-14	1.078462e+05	9.366238e-15	1.088251e+05	2.672854e-14	1.091459e+05	2.937790e-14
9.520438e+04	1.646793e-14	9.652386e+04	1.610541e-14	1.061378e+05	2.379982e-14	1.073646e+05	2.361858e-14	1.079416e+05	9.148457e-15	1.089205e+05	2.617723e-14	1.092412e+05	2.921236e-14
9.530427e+04	1.639939e-14	9.662375e+04	1.603961e-14	1.062377e+05	2.390355e-14	1.074645e+05	2.292815e-14	1.080414e+05	8.942200e-15	1.090204e+05	2.576268e-14	1.093411e+05	2.904917e-14
9.540887e+04	1.633045e-14	9.672835e+04	1.597245e-14	1.063423e+05	2.398541e-14	1.075691e+05	2.225339e-14	1.081460e+05	8.745401e-15	1.091250e+05	2.549283e-14	1.094457e+05	2.888923e-14
9.551839e+04	1.626270e-14	9.683787e+04	1.590501e-14	1.064518e+05	2.403199e-14	1.076786e+05	2.161200e-14	1.082556e+05	8.550464e-15	1.092345e+05	2.535744e-14	1.095553e+05	2.872640e-14
9.563308e+04	1.619358e-14	9.695256e+04	1.583850e-14	1.065665e+05	2.402867e-14	1.077933e+05	2.102860e-14	1.083703e+05	8.365924e-15	1.093492e+05	2.535021e-14	1.096700e+05	2.855691e-14
9.575317e+04	1.612424e-14	9.707265e+04	1.577040e-14	1.066866e+05	2.397039e-14	1.079134e+05	2.051006e-14	1.084904e+05	8.190334e-15	1.094693e+05	2.546415e-14	1.097900e+05	2.838429e-14
9.587893e+04	1.605445e-14	9.719841e+04	1.570128e-14	1.068123e+05	2.385307e-14	1.080392e+05	2.007051e-14	1.086161e+05	8.020510e-15	1.095951e+05	2.568380e-14	1.099158e+05	2.821094e-14
9.601061e+04	1.598451e-14	9.733009e+04	1.563327e-14	1.069440e+05	2.367753e-14	1.081708e+05	1.971645e-14	1.087478e+05	7.855887e-15	1.097267e+05	2.599299e-14	1.100475e+05	2.804124e-14
9.614850e+04	1.591427e-14	9.746798e+04	1.556431e-14	1.070819e+05	2.344899e-14	1.083087e+05	1.945060e-14	1.088857e+05	7.699192e-15	1.098646e+05	2.638064e-14	1.101854e+05	2.787798e-14
9.629288e+04	1.584268e-14	9.761236e+04	1.549528e-14	1.072263e+05	2.317119e-14	1.084531e+05	1.927231e-14	1.090301e+05	7.549857e-15	1.100090e+05	2.682912e-14	1.103298e+05	2.772306e-14
9.644407e+04	1.577234e-14	9.776355e+04	1.542509e-14	1.073775e+05	2.285715e-14	1.086043e+05	1.918213e-14	1.091812e+05	7.405276e-15	1.101602e+05	2.732333e-14	1.104809e+05	2.756770e-14
9.660238e+04	1.569972e-14	9.792186e+04	1.535508e-14	1.075358e+05	2.251609e-14	1.087626e+05	1.917126e-14	1.093396e+05	7.267000e-15	1.103185e+05	2.784775e-14	1.106393e+05	2.741007e-14
9.676816e+04	1.562827e-14	9.808764e+04	1.528427e-14	1.077016e+05	2.215713e-14	1.089284e+05	1.923407e-14	1.095053e+05	7.134307e-15	1.104843e+05	2.839118e-14	1.108050e+05	2.724292e-14
9.694175e+04	1.555601e-14	9.826123e+04	1.521374e-14	1.078752e+05	2.179490e-14	1.091020e+05	1.936390e-14	1.096789e+05	7.006507e-15	1.106579e+05	2.893557e-14	1.109786e+05	2.706466e-14
9.712352e+04	1.548372e-14	9.844300e+04	1.514243e-14	1.080569e+05	2.143911e-14	1.092837e+05	1.955031e-14	1.098607e+05	6.882897e-15	1.108396e+05	2.947070e-14	1.111604e+05	2.687796e-14
9.731385e+04	1.541031e-14	9.863333e+04	1.507086e-14	1.082473e+05	2.109955e-14	1.094741e+05	1.978518e-14	1.100510e+05	6.763197e-15	1.110300e+05	2.998756e-14	1.113507e+05	2.668948e-14
9.751316e+04	1.533639e-14	9.883264e+04	1.499760e-14	1.084466e+05	2.078234e-14	1.096734e+05	2.005706e-14	1.102503e+05	6.650806e-15	1.112293e+05	3.047483e-14	1.115500e+05	2.650459e-14
9.772186e+04	1.526213e-14	9.904134e+04	1.492575e-14	1.086553e+05	2.049874e-14	1.098821e+05	2.035775e-14	1.104590e+05	6.542996e-15	1.114380e+05	3.092540e-14	1.117587e+05	2.632734e-14
9.794040e+04	1.518792e-14	9.925988e+04	1.485262e-14	1.088738e+05	2.025154e-14	1.101006e+05	2.067653e-14	1.106776e+05	6.437876e-15	1.116565e+05	3.133114e-14	1.119773e+05	2.616330e-14
9.816923e+04	1.511373e-14	9.948871e+04	1.478027e-14	1.091026e+05	2.004460e-14	1.103295e+05	2.100483e-14	1.109064e+05	6.336564e-15	1.118854e+05	3.168652e-14	1.122061e+05	2.601319e-14
9.840885e+04	1.503909e-14	9.972833e+04	1.470563e-14	1.093423e+05	1.988071e-14	1.105691e+05	2.133476e-14	1.111460e+05	6.242117e-15	1.121250e+05	3.198884e-14	1.124457e+05	2.586995e-14
9.865976e+04	1.496460e-14	9.997924e+04	1.463203e-14	1.095932e+05	1.976110e-14	1.108200e+05	2.165778e-14	1.113969e+05	6.148470e-15	1.123759e+05	3.223256e-14	1.126966e+05	2.573153e-14
9.892250e+04	1.488817e-14	1.002420e+05	1.455845e-14	1.098559e+05	1.968354e-14	1.110827e+05	2.196738e-14	1.116597e+05	6.058801e-15	1.126386e+05	3.241747e-14	1.129594e+05	2.559030e-14
9.919762e+04	1.481312e-14	1.005171e+05	1.448332e-14	1.101310e+05	1.964773e-14	1.113578e+05	2.225772e-14	1.119348e+05	5.974144e-15	1.129137e+05	3.254205e-14	1.132345e+05	2.543998e-14
9.948570e+04	1.473673e-14	1.008052e+05	1.440787e-14	1.104191e+05	1.965179e-14	1.116459e+05	2.252326e-14	1.122229e+05	5.892850e-15	1.132018e+05	3.260474e-14	1.135226e+05	2.527446e-14
9.978736e+04	1.465970e-14	1.011068e+05	1.433250e-14	1.107208e+05	1.968947e-14	1.119476e+05	2.275943e-14	1.125245e+05	5.814077e-15	1.135035e+05	3.260659e-14	1.138242e+05	2.509205e-14
1.001032e+05	1.458308e-14	1.014227e+05	1.425666e-14	1.110367e+05	1.975773e-14	1.122635e+05	2.296295e-14	1.128404e+05	5.737737e-15	1.138194e+05	3.254897e-14	1.141401e+05	2.489399e-14
1.004340e+05	1.450616e-14	1.017535e+05	1.418065e-14	1.113674e+05	1.985143e-14	1.125942e+05	2.313101e-14	1.131712e+05	5.664184e-15	1.141501e+05	3.243391e-14	1.144709e+05	2.468298e-14
1.007804e+05	1.442743e-14	1.020998e+05	1.410286e-14	1.117138e+05	1.996574e-14	1.129406e+05	2.326079e-14	1.135175e+05	5.593856e-15	1.144965e+05	3.226186e-14	1.148172e+05	2.446329e-14
1.011430e+05	1.434941e-14	1.024625e+05	1.402556e-14	1.120765e+05	2.009544e-14	1.133033e+05	2.335152e-14	1.138802e+05	5.526359e-15	1.148592e+05	3.203736e-14	1.151799e+05	2.424197e-14
1.015228e+05	1.427116e-14	1.028423e+05	1.394850e-14	1.124562e+05	2.023552e-14	1.136830e+05	2.340284e-14	1.142600e+05	5.462044e-15	1.152389e+05	3.176267e-14	1.155597e+05	2.402615e-14
1.019205e+05	1.419220e-14	1.032400e+05	1.387027e-14	1.128539e+05	2.038094e-14	1.140807e+05	2.341365e-14	1.146577e+05	5.400024e-15	1.156366e+05	3.143934e-14	1.159574e+05	2.382228e-14
1.023369e+05	1.411200e-14	1.036564e+05	1.379153e-14	1.132703e+05	2.052681e-14	1.144971e+05	2.338589e-14	1.150741e+05	5.341934e-15	1.160530e+05	3.107167e-14	1.163738e+05	2.363473e-14
1.027729e+05	1.403323e-14	1.040924e+05	1.371339e-14	1.137063e+05	2.066685e-14	1.149332e+05	2.331765e-14	1.155101e+05	5.283218e-15	1.164891e+05	3.066444e-14	1.168098e+05	2.346301e-14
1.032295e+05	1.395253e-14	1.045490e+05	1.363375e-14	1.141629e+05	2.079960e-14	1.153897e+05	2.321176e-14	1.159667e+05	5.229227e-15	1.169456e+05	3.021848e-14	1.172664e+05	2.331347e-14
1.037076e+05	1.387197e-14	1.050271e+05	1.355374e-14	1.146410e+05	2.091968e-14	1.158678e+05	2.306876e-14	1.164448e+05	5.175946e-15	1.174237e+05	2.973826e-14	1.177445e+05	2.318057e-14
1.042082e+05	1.379138e-14	1.055277e+05	1.347358e-14	1.151417e+05	2.102392e-14	1.163685e+05	2.288973e-14	1.169454e+05	5.124544e-15	1.179244e+05	2.922693e-14	1.182451e+05	2.306125e-14
1.047325e+05	1.370964e-14	1.060520e+05	1.339200e-14	1.156659e+05	2.111172e-14	1.168927e+05	2.267744e-14	1.174697e+05	5.074988e-15	1.184486e+05	2.868529e-14	1.187693e+05	2.295430e-14
1.052814e+05	1.362862e-14	1.066009e+05	1.331107e-14	1.162148e+05	2.117824e-14	1.174416e+05	2.243223e-14	1.180186e+05	5.028462e-15	1.189975e+05	2.812218e-14	1.193183e+05	2.285051e-14
1.058562e+05	1.354645e-14	1.071757e+05	1.322925e-14	1.167896e+05	2.122214e-14	1.180164e+05	2.215877e-14	1.185934e+05	4.984002e-15	1.195723e+05	2.753787e-14	1.198931e+05	2.274551e-14
1.064581e+05	1.346334e-14	1.077776e+05	1.314592e-14	1.173915e+05	2.124192e-14	1.186183e+05	2.185793e-14	1.191953e+05	4.940092e-15	1.201742e+05	2.693607e-14	1.204950e+05	2.263418e-14
1.070884e+05	1.338002e-14	1.084079e+05	1.306383e-14	1.180218e+05	2.123517e-14	1.192486e+05	2.153436e-14	1.198256e+05	4.899908e-15	1.208045e+05	2.632056e-14	1.211252e+05	2.251100e-14
1.077483e+05	1.329587e-14	1.090678e+05	1.297939e-14	1.186818e+05	2.119983e-14	1.199086e+05	2.118321e-14	1.204855e+05	4.859443e-15	1.214645e+05	2.568983e-14	1.217852e+05	2.236994e-14
1.084394e+05	1.321078e-14	1.097589e+05	1.289577e-14	1.193728e+05	2.113547e-14	1.205996e+05	2.081342e-14	1.211766e+05	4.822024e-15	1.221555e+05	2.504862e-14	1.224763e+05	2.220944e-14
1.091630e+05	1.312547e-14	1.104825e+05	1.281188e-14	1.200965e+05	2.104262e-14	1.213233e+05	2.042435e-14	1.219002e+05	4.785239e-15	1.228792e+05	2.440476e-14	1.231999e+05	2.202609e-14
1.099208e+05	1.303852e-14	1.112403e+05	1.272602e-14	1.208542e+05	2.092381e-14	1.220810e+05	2.001794e-14	1.226580e+05	4.749047e-15	1.236369e+05	2.374962e-14	1.239577e+05	2.182350e-14
1.107142e+05	1.295069e-14	1.120337e+05	1.264026e-14	1.216477e+05	2.077750e-14	1.228745e+05	1.959702e-14	1.234514e+05	4.715263e-15	1.244304e+05	2.309358e-14	1.247511e+05	2.159766e-14
1.115451e+05	1.286226e-14	1.128646e+05	1.255453e-14	1.224785e+05	2.060676e-14	1.237053e+05	1.916458e-14	1.242823e+05	4.683470e-15	1.252612e+05	2.243976e-14	1.255820e+05	2.135466e-14
0.000000e+00	0.000000e+00	1.137346e+05	1.246922e-14	0.000000e+00	0.000000e+00	0.000000e+00	0.000000e+00	1.251523e+05	4.652824e-15	1.261312e+05	2.178385e-14	1.264520e+05	2.109259e-14
0.000000e+00	0.000000e+00	0.000000e+00	0.000000e+00	0.000000e+00	0.000000e+00	0.000000e+00	0.000000e+00	0.000000e+00	0.000000e+00	0.000000e+00	0.000000e+00	1.273630e+05	2.082328e-14
0.000000e+00	0.000000e+00	0.000000e+00	0.000000e+00	0.000000e+00	0.000000e+00	0.000000e+00	0.000000e+00	0.000000e+00	0.000000e+00	0.000000e+00	0.000000e+00	1.283169e+05	2.054266e-14
