R E0 E1 E2 E3 E4 E5 E6 E7 E8 E9 E10
1.97 97797.77 98659.25 101189.15 106956.96 107500.71 108005.20 110469.73 109477.17 110752.93 110177.48 111970.36
1.98 97662.65 98511.68 101000.44 106914.44 107389.40 107874.37 110299.35 109331.02 110588.15 110036.46 111791.94
1.99 97532.56 98369.60 100818.73 106872.89 107283.23 107749.26 110136.07 109190.64 110430.56 109901.44 111620.80
2.00 97407.32 98232.80 100643.76 106832.00 107182.08 107629.71 109979.64 109055.78 110279.91 109772.16 111456.59
2.01 97286.74 98101.10 100475.28 106791.38 107085.87 107515.62 109829.88 108926.20 110136.00 109648.34 111298.98
2.02 97170.64 97974.28 100313.06 106750.64 106994.51 107406.86 109686.56 108801.70 109998.58 109529.68 111147.62
2.03 97058.86 97852.16 100156.84 106709.36 106907.95 107303.35 109549.53 108682.12 109867.47 109415.86 111002.17
2.04 96951.21 97734.58 100006.43 106667.11 106826.13 107205.06 109418.67 108567.27 109742.44 109306.56 110862.29
2.05 96847.56 97621.37 99861.60 106623.43 106748.98 107111.88 109293.85 108457.00 109623.33 109201.46 110727.62
2.06 96747.73 97512.33 99722.15 106577.87 106676.36 107023.74 109174.94 108351.28 109509.93 109100.27 110597.85
2.07 96651.60 97407.34 99587.88 106530.06 106608.14 106940.53 109061.85 108249.98 109402.05 109002.73 110472.68
2.08 96559.02 97306.23 99458.59 106479.68 106544.09 106862.11 108954.49 108153.05 109299.50 108908.64 110351.91
2.09 96469.85 97208.88 99334.10 106426.51 106483.93 106788.23 108852.71 108060.45 109202.15 108817.92 110235.37
2.10 96383.97 97115.09 99214.22 106370.56 106427.33 106718.69 108756.33 107972.08 109109.76 108730.52 110122.97
2.15 95999.43 96695.40 98678.24 106059.52 106186.41 106425.12 108347.58 107589.68 108715.94 108344.12 109622.13
2.20 95679.66 96346.77 98234.10 105739.82 105996.22 106199.46 108036.56 107291.42 108416.10 108039.78 109218.65
2.25 95412.85 96056.37 97865.48 105452.23 105844.67 106023.50 107797.19 107058.63 108187.15 107804.66 108898.92
2.30 95189.25 95813.55 97558.82 105208.93 105725.70 105886.97 107612.42 106877.31 108012.27 107624.01 108647.25
2.35 95000.70 95609.42 97302.86 105008.01 105633.85 105782.08 107470.07 106736.92 107879.20 107485.87 108450.05
2.40 94840.79 95436.94 97088.38 104846.79 105564.65 105703.08 107361.16 106629.16 107778.78 107381.20 108296.34
2.45 94704.01 95290.08 96907.67 104718.31 105513.68 105644.61 107278.30 106547.32 107703.60 107302.70 108177.09
2.50 94585.94 95163.95 96754.46 104617.04 105477.28 105602.43 107215.65 106485.91 107647.88 107244.70 108085.04
2.55 94482.96 95054.63 96623.58 104538.03 105452.40 105573.04 107168.47 106440.53 107606.94 107202.65 108014.27
2.60 94392.22 94958.90 96510.84 104477.06 105436.53 105553.61 107132.90 106407.53 107577.09 107172.93 107960.01
2.65 94311.32 94874.16 96412.80 104430.55 105427.55 105541.76 107105.80 106383.88 107555.22 107152.52 107918.19
2.70 94238.41 94798.31 96326.69 104395.54 105423.78 105535.71 107084.89 106367.51 107539.19 107139.30 107886.06
2.75 94171.97 94729.74 96250.46 104369.61 105423.87 105533.90 107068.09 106356.37 107527.02 107131.31 107860.95
2.80 94110.84 94667.02 96181.91 104350.72 105426.68 105535.12 107053.85 106348.95 107517.27 107127.09 107840.87
2.85 94054.10 94609.16 96119.83 104337.26 105431.36 105538.42 107040.98 106344.10 107508.75 107125.49 107824.27
2.90 94000.89 94555.18 96062.82 104327.90 105437.19 105543.05 107028.54 106340.86 107500.68 107125.60 107809.92
3.00 93903.46 94457.18 95961.94 104317.51 105450.35 105554.14 107002.48 106336.59 107483.46 107128.40 107784.49
3.10 93815.44 94369.20 95873.28 104313.49 105463.21 105565.32 106972.27 106332.30 107462.57 107131.80 107759.67
3.20 93735.23 94289.46 95794.42 104312.05 105474.21 105574.95 106936.62 106326.13 107436.89 107133.94 107732.99
3.30 93661.57 94216.51 95723.22 104310.90 105482.51 105582.22 106895.31 106317.21 107406.39 107133.98 107703.52
3.40 93594.14 94149.88 95658.82 104308.82 105487.88 105586.94 106848.99 106305.46 107371.81 107131.80 107671.25
3.50 93532.56 94089.05 95600.08 104305.15 105490.33 105589.20 106798.59 106291.13 107334.17 107127.60 107636.68
3.60 93476.77 94033.87 95546.80 104299.68 105490.08 105589.34 106745.33 106274.72 107294.65 107121.81 107600.59
3.70 93426.16 93983.84 95498.57 104292.27 105487.24 105587.45 106690.23 106256.71 107254.34 107114.79 107563.86
3.80 93380.86 93938.99 95455.12 104283.35 105482.28 105583.99 106634.17 106237.67 107214.02 107106.99 107527.15
3.90 93340.37 93898.83 95416.13 104272.58 105475.34 105579.11 106578.11 106218.05 107174.58 107098.76 107491.19
4.00 93304.42 93863.09 95381.32 104260.52 105466.73 105573.09 106522.71 106198.30 107136.70 107090.40 107456.58
4.10 93272.71 93831.48 95350.25 104247.50 105456.91 105566.31 106468.77 106178.78 107101.03 107082.24 107423.80
4.20 93244.83 93803.69 95322.90 104233.73 105446.07 105558.87 106416.61 106159.78 107067.74 107074.36 107393.07
4.30 93220.57 93779.42 95298.85 104219.53 105434.53 105551.04 106366.64 106141.50 107037.12 107066.93 107364.61
4.40 93199.38 93758.19 95277.76 104205.08 105422.44 105542.76 106318.99 106124.10 107009.13 107059.89 107338.54
4.50 93181.04 93739.80 95259.41 104190.63 105410.10 105534.24 106273.88 106107.68 106983.82 107053.33 107314.84
4.60 93165.17 93723.87 95243.47 104176.61 105397.65 105525.59 106231.50 106092.51 106961.20 107047.31 107293.71
4.70 93151.59 93710.14 95229.58 104162.70 105385.32 105516.84 106191.78 106078.19 106941.00 107041.49 107274.52
4.80 93139.95 93698.40 95217.64 104149.32 105373.25 105508.18 106154.79 106064.97 106923.11 107035.99 107257.39
4.90 93130.06 93688.35 95207.32 104136.58 105361.62 105499.59 106120.53 106052.83 106907.34 107030.76 107242.16
5.00 93121.65 93679.80 95198.49 104124.56 105350.50 105491.19 106088.97 106041.72 106893.49 107025.67 107228.67
5.10 93114.53 93672.54 95190.93 104113.33 105339.94 105483.07 106060.01 106031.58 106881.35 107020.70 107216.72
5.20 93108.53 93666.40 95184.49 104102.91 105330.04 105475.25 106033.58 106022.38 106870.74 107015.81 107206.17
5.30 93103.50 93661.22 95179.03 104093.31 105320.81 105467.79 106009.57 106014.06 106861.43 107010.98 107196.83
5.40 93099.27 93656.87 95174.41 104084.53 105312.25 105460.75 105987.84 106006.54 106853.27 107006.17 107188.54
5.50 93095.76 93653.24 95170.50 104076.56 105304.40 105454.16 105968.30 105999.80 106846.11 107001.41 107181.24
5.60 93092.86 93650.23 95167.22 104069.36 105297.21 105448.04 105950.75 105993.77 106839.83 106996.72 107174.78
5.70 93090.46 93647.72 95164.49 104062.90 105290.69 105442.38 105935.03 105988.37 106834.29 106992.11 107169.03
5.80 93088.50 93645.66 95162.21 104057.12 105284.75 105437.18 105921.02 105983.57 106829.38 106987.59 107163.92
5.90 93086.88 93643.96 95160.30 104051.97 105279.41 105432.44 105908.55 105979.28 106825.06 106983.20 107159.38
6.00 93085.58 93642.58 95158.73 104047.42 105274.59 105428.16 105897.47 105975.48 106821.21 106978.95 107155.33
6.20 93083.69 93640.55 95156.42 104039.85 105266.41 105420.83 105878.92 105969.11 106814.74 106971.01 107148.48
6.40 93082.84 93639.52 95154.93 104034.02 105259.92 105414.93 105864.38 105964.10 106809.60 106963.91 107143.02
6.60 93082.15 93638.74 95153.91 104029.56 105254.77 105410.27 105853.01 105960.18 106805.51 106957.66 107138.61
6.80 93081.74 93638.27 95153.28 104026.23 105250.71 105406.60 105844.16 105957.17 106802.28 106952.36 107135.19
7.00 93081.54 93638.01 95152.89 104023.75 105247.53 105403.72 105837.23 105954.80 106799.71 106947.86 107132.41
7.20 93081.47 93637.90 95152.69 104021.94 105245.07 105401.48 105831.83 105952.97 106797.69 106944.14 107130.20
7.40 93081.49 93637.89 95152.61 104020.62 105243.15 105399.76 105827.62 105951.57 106796.11 106941.08 107128.47
7.60 93081.56 93637.93 95152.59 104019.67 105241.26 105398.07 105824.50 105950.42 106795.04 106938.47 107127.10
7.80 93081.64 93637.99 95152.62 104019.00 105240.23 105397.12 105821.95 105949.63 106794.04 106936.51 107126.03
8.00 93081.76 93638.10 95152.70 104018.55 105239.46 105396.43 105819.95 105949.01 106793.30 106934.95 107125.20
8.20 93081.86 93638.20 95152.80 104018.26 105238.87 105395.90 105818.42 105948.55 106792.72 106933.73 107124.57
8.40 93081.96 93638.28 95152.85 104018.11 105238.41 105395.48 105817.23 105948.21 106792.30 106932.75 107124.07
8.60 93082.04 93638.36 95152.92 104017.99 105238.10 105395.20 105816.33 105947.95 106791.95 106932.00 107123.70
8.80 93082.12 93638.44 95152.99 104017.91 105237.86 105394.98 105815.62 105947.76 106791.73 106931.43 107123.40
9.00 93082.19 93638.51 95153.06 104017.89 105237.68 105394.81 105815.10 105947.63 106791.56 106930.99 107123.19
9.20 93082.26 93638.58 95153.14 104017.88 105237.56 105394.72 105814.71 105947.57 106791.44 106930.66 107123.07
9.40 93082.32 93638.64 95153.20 104017.91 105237.48 105394.64 105814.40 105947.50 106791.36 106930.41 107122.96
9.60 93082.37 93638.69 95153.25 104017.95 105237.42 105394.58 105814.18 105947.47 106791.30 106930.21 107122.87
9.80 93082.43 93638.75 95153.31 104017.98 105237.39 105394.55 105814.01 105947.44 106791.26 106930.06 107122.81
10.00 93082.47 93638.79 95153.36 104018.01 105237.36 105394.55 105813.88 105947.41 106791.23 106929.95 107122.75
10.50 93082.56 93638.83 95153.29 104018.13 105237.35 105394.52 105813.69 105947.40 106791.22 106929.79 107122.70
11.00 93082.66 93638.93 95153.37 104018.24 105237.36 105394.53 105813.56 105947.41 106791.18 106929.73 107122.65
