R Re<0|V|3> Re<0|V|4> Re<0|V|5> Re<0|V|6> Re<0|V|7> Re<0|V|8> Re<0|V|9> Re<0|V|10> Re<1|V|3> Re<1|V|4> Re<1|V|5> Re<1|V|6> Re<1|V|7> Re<1|V|8> Re<1|V|9> Re<1|V|10> Re<2|V|3> Re<2|V|4> Re<2|V|5> Re<2|V|6> Re<2|V|7> Re<2|V|8> Re<2|V|9> Re<2|V|10> Re<3|V|4> Re<3|V|5> Re<3|V|6> Re<3|V|7> Re<3|V|8> Re<3|V|9> Re<3|V|10> Re<4|V|5> Re<4|V|6> Re<4|V|7> Re<4|V|8> Re<4|V|9> Re<4|V|10> Re<5|V|6> Re<5|V|7> Re<5|V|8> Re<5|V|9> Re<5|V|10> Re<6|V|7> Re<6|V|8> Re<6|V|9> Re<6|V|10> Re<7|V|8> Re<7|V|9> Re<7|V|10> Re<8|V|9> Re<8|V|10> Re<9|V|10>
1.970000 0.175584 0.800903 0.797108 0.255223 -0.393306 -0.314489 0.456141 0.069553 0.125466 0.684394 0.696943 0.267116 -0.276164 -0.304448 0.542451 -0.087662 0.086630 0.350894 0.415534 0.249346 -0.097994 -0.046490 0.229647 0.044910 0.029569 0.006787 -0.014232 0.021498 0.015142 -0.023737 -0.002047 -0.021553 0.083056 0.132815 0.065821 0.120500 -0.139399 -0.122659 -0.038614 -0.099523 -0.041522 -0.025925 -0.000480 -0.071551 -0.110922 0.068907 -0.136915 0.068136 -0.087565 -0.000931 -0.070441 0.111806
1.980000 0.169770 0.872226 0.871557 0.284833 -0.423543 -0.342029 0.506049 0.072726 0.121090 0.751000 0.765465 0.292439 -0.304672 -0.328359 0.583108 -0.080875 0.083799 0.385780 0.447657 0.259573 -0.115896 -0.061782 0.253971 0.046137 0.030312 0.006961 -0.014590 0.022042 0.015523 -0.024337 -0.002099 -0.022096 0.085147 0.136158 0.067479 0.123533 -0.142906 -0.125764 -0.039586 -0.102046 -0.042566 -0.026592 -0.000477 -0.073352 -0.113729 0.070640 -0.140377 0.069852 -0.089782 -0.000970 -0.072214 0.114632
1.990000 0.164024 0.950305 0.952768 0.316940 -0.456676 -0.372060 0.560300 0.076253 0.116760 0.823519 0.840014 0.320128 -0.335926 -0.354625 0.627941 -0.073831 0.081001 0.423714 0.483284 0.271093 -0.134890 -0.078252 0.280139 0.047532 0.031055 0.007138 -0.014947 0.022588 0.015903 -0.024939 -0.002150 -0.022638 0.087237 0.139496 0.069135 0.126562 -0.146408 -0.128880 -0.040555 -0.104581 -0.043607 -0.027271 -0.000459 -0.075152 -0.116546 0.072371 -0.143849 0.071567 -0.092009 -0.001023 -0.073985 0.117467
2.000000 0.158331 1.034964 1.040581 0.351489 -0.492637 -0.404529 0.618792 0.080128 0.112460 0.901817 0.920460 0.350121 -0.369840 -0.383184 0.676829 -0.066535 0.078229 0.464628 0.522295 0.283869 -0.154979 -0.095868 0.308132 0.049092 0.031795 0.007318 -0.015304 0.023135 0.016282 -0.025542 -0.002202 -0.023178 0.089320 0.142821 0.070787 0.129580 -0.149896 -0.132001 -0.041521 -0.107125 -0.044644 -0.027963 -0.000426 -0.076946 -0.119367 0.074094 -0.147324 0.073277 -0.094239 -0.001091 -0.075750 0.120304
2.010000 0.152672 1.125584 1.134381 0.388253 -0.531165 -0.439210 0.681128 0.084324 0.108176 0.985358 1.006254 0.382202 -0.406158 -0.413822 0.729390 -0.059011 0.075475 0.508247 0.564362 0.297788 -0.176069 -0.114518 0.337790 0.050805 0.032530 0.007500 -0.015657 0.023682 0.016659 -0.026144 -0.002253 -0.023715 0.091391 0.146126 0.072429 0.132579 -0.153361 -0.135120 -0.042480 -0.109670 -0.045674 -0.028664 -0.000378 -0.078730 -0.122184 0.075806 -0.150793 0.074978 -0.096469 -0.001174 -0.077503 0.123135
2.020000 0.147029 1.220938 1.232926 0.426765 -0.571732 -0.475643 0.746504 0.088783 0.103889 1.073049 1.096281 0.415938 -0.444387 -0.446111 0.784876 -0.051312 0.072729 0.554006 0.608870 0.312623 -0.197935 -0.133981 0.368757 0.052645 0.033258 0.007684 -0.016008 0.024227 0.017032 -0.026744 -0.002304 -0.024247 0.093444 0.149399 0.074058 0.135550 -0.156793 -0.138228 -0.043429 -0.112211 -0.046693 -0.029374 -0.000314 -0.080498 -0.124992 0.077501 -0.154248 0.076664 -0.098692 -0.001273 -0.079241 0.125954
2.030000 0.141384 1.319008 1.334164 0.466254 -0.613466 -0.513066 0.813591 0.093406 0.099585 1.163082 1.188691 0.450624 -0.483724 -0.479354 0.842068 -0.043527 0.069984 0.600968 0.654828 0.328005 -0.220188 -0.153893 0.400424 0.054565 0.033977 0.007869 -0.016354 0.024769 0.017400 -0.027340 -0.002354 -0.024773 0.095474 0.152633 0.075668 0.138485 -0.160183 -0.141317 -0.044367 -0.114740 -0.047698 -0.030093 -0.000233 -0.082245 -0.127783 0.079174 -0.157678 0.078331 -0.100904 -0.001388 -0.080958 0.128753
2.040000 0.135720 1.416852 1.435091 0.505586 -0.655091 -0.550360 0.880444 0.098047 0.095249 1.252806 1.280773 0.485227 -0.523002 -0.512532 0.899192 -0.035790 0.067232 0.647755 0.700799 0.343397 -0.242245 -0.173727 0.431892 0.056495 0.034684 0.008056 -0.016695 0.025306 0.017763 -0.027930 -0.002404 -0.025291 0.097474 0.155817 0.077255 0.141376 -0.163519 -0.144380 -0.045290 -0.117253 -0.048687 -0.030817 -0.000135 -0.083967 -0.130549 0.080821 -0.161075 0.079975 -0.103097 -0.001520 -0.082648 0.131525
2.050000 0.130026 1.510552 1.531708 0.543250 -0.694905 -0.586035 0.944471 0.102509 0.090871 1.338691 1.368911 0.518373 -0.560672 -0.544289 0.953888 -0.028276 0.064466 0.692536 0.744882 0.358083 -0.263321 -0.192777 0.461955 0.058344 0.035378 0.008244 -0.017029 0.025838 0.018119 -0.028513 -0.002453 -0.025800 0.099438 0.158941 0.078814 0.144213 -0.166792 -0.147408 -0.046194 -0.119741 -0.049656 -0.031547 -0.000018 -0.085657 -0.133283 0.082436 -0.164430 0.081589 -0.105266 -0.001670 -0.084308 0.134261
2.060000 0.124296 1.595352 1.619151 0.577410 -0.730842 -0.618277 1.002520 0.106550 0.086445 1.416443 1.448710 0.548396 -0.594854 -0.572979 1.003296 -0.021206 0.061685 0.733079 0.784774 0.371195 -0.282456 -0.210189 0.489141 0.059998 0.036057 0.008432 -0.017355 0.026361 0.018466 -0.029087 -0.002501 -0.026297 0.101360 0.161996 0.080340 0.146987 -0.169991 -0.150392 -0.047078 -0.122198 -0.050603 -0.032280 0.000116 -0.087312 -0.135976 0.084014 -0.167731 0.083170 -0.107404 -0.001837 -0.085930 0.136953
2.070000 0.118533 1.666026 1.692076 0.606046 -0.760630 -0.645093 1.051129 0.109902 0.081976 1.481341 1.515337 0.573462 -0.623486 -0.596794 1.044271 -0.014819 0.058890 0.766933 0.817947 0.381780 -0.298593 -0.225023 0.511833 0.061331 0.036717 0.008620 -0.017674 0.026876 0.018805 -0.029651 -0.002548 -0.026782 0.103234 0.164971 0.081828 0.149688 -0.173105 -0.153323 -0.047939 -0.124617 -0.051523 -0.033016 0.000270 -0.088924 -0.138621 0.085550 -0.170971 0.084711 -0.109507 -0.002023 -0.087511 0.139594
2.080000 0.112752 1.717501 1.745294 0.627198 -0.782062 -0.664550 1.086936 0.112304 0.077476 1.528804 1.564099 0.591794 -0.644566 -0.613980 1.073764 -0.009353 0.056088 0.791717 0.841948 0.388912 -0.310705 -0.236368 0.528457 0.062220 0.037357 0.008808 -0.017982 0.027379 0.019133 -0.030202 -0.002593 -0.027253 0.105053 0.167856 0.083273 0.152309 -0.176124 -0.156193 -0.048772 -0.126991 -0.052414 -0.033752 0.000444 -0.090488 -0.141209 0.087038 -0.174137 0.086207 -0.111566 -0.002227 -0.089044 0.142176
2.090000 0.106979 1.745637 1.774573 0.639265 -0.793340 -0.675069 1.107198 0.113540 0.072968 1.555093 1.591171 0.601940 -0.656460 -0.623104 1.089284 -0.005002 0.053291 0.805489 0.854775 0.391835 -0.317953 -0.243481 0.537729 0.062563 0.037975 0.008995 -0.018279 0.027871 0.019450 -0.030739 -0.002637 -0.027707 0.106811 0.170641 0.084670 0.154838 -0.179036 -0.158992 -0.049576 -0.129313 -0.053273 -0.034487 0.000638 -0.092000 -0.143733 0.088473 -0.177221 0.087654 -0.113576 -0.002450 -0.090525 0.144689
2.100000 0.101249 1.747984 1.777410 0.641302 -0.793398 -0.675717 1.110295 0.113476 0.068487 1.557997 1.594287 0.603041 -0.658199 -0.623321 1.089358 -0.001887 0.050515 0.807102 0.855241 0.390103 -0.319845 -0.245921 0.538894 0.062298 0.038567 0.009180 -0.018565 0.028348 0.019755 -0.031260 -0.002680 -0.028144 0.108501 0.173315 0.086013 0.157268 -0.181832 -0.161711 -0.050347 -0.131574 -0.054096 -0.035219 0.000852 -0.093454 -0.146184 0.089850 -0.180212 0.089047 -0.115531 -0.002693 -0.091947 0.147126
2.150000 0.074734 1.431352 1.454953 0.523787 -0.650897 -0.553362 0.907208 0.096329 0.047813 1.274837 1.304910 0.493371 -0.537537 -0.511005 0.893074 -0.002404 0.037659 0.660372 0.700114 0.322226 -0.261150 -0.198574 0.441577 0.053099 0.041084 0.010073 -0.019778 0.030474 0.021048 -0.033568 -0.002863 -0.030009 0.115733 0.184697 0.091771 0.167617 -0.193706 -0.173805 -0.053616 -0.141738 -0.057570 -0.038774 0.002230 -0.099667 -0.157069 0.095690 -0.193430 0.095014 -0.124248 -0.004191 -0.098008 0.157885
2.200000 0.054056 1.020795 1.035943 0.369270 -0.467846 -0.395160 0.640997 0.073764 0.032111 0.906120 0.927721 0.350673 -0.379725 -0.366508 0.641188 -0.009199 0.027575 0.469086 0.500526 0.238177 -0.182106 -0.133530 0.314285 0.041417 0.042693 0.010860 -0.020555 0.032036 0.021878 -0.035241 -0.002987 -0.031222 0.120467 0.192023 0.095557 0.174295 -0.201302 -0.182672 -0.055692 -0.149400 -0.059750 -0.041974 0.004087 -0.103722 -0.165021 0.099403 -0.202954 0.098944 -0.130689 -0.006127 -0.101927 0.165617
2.250000 0.039001 0.610398 0.616960 0.214378 -0.285269 -0.237207 0.374317 0.050596 0.021213 0.537287 0.550222 0.207933 -0.221724 -0.222339 0.390061 -0.017823 0.020163 0.277685 0.301470 0.155008 -0.102359 -0.067757 0.186736 0.029509 0.043255 0.011482 -0.020828 0.032907 0.022173 -0.036142 -0.003041 -0.031679 0.122298 0.194665 0.097048 0.176727 -0.203963 -0.187587 -0.056397 -0.153937 -0.060445 -0.044575 0.006297 -0.105273 -0.169386 0.100671 -0.208000 0.100501 -0.134329 -0.008365 -0.103367 0.169683
2.300000 0.027714 0.400715 0.403503 0.136917 -0.190498 -0.156194 0.240398 0.037412 0.013464 0.349985 0.358438 0.135464 -0.142493 -0.147813 0.260033 -0.018608 0.014545 0.180593 0.199346 0.109184 -0.063196 -0.037344 0.121722 0.022350 0.042767 0.011890 -0.020596 0.033041 0.021931 -0.036225 -0.003022 -0.031374 0.121195 0.192599 0.096217 0.174891 -0.201677 -0.188294 -0.055729 -0.155092 -0.059660 -0.046375 0.008650 -0.104295 -0.169941 0.099490 -0.208325 0.099654 -0.134973 -0.010696 -0.102312 0.169891
2.350000 0.018932 0.272267 0.273282 0.090663 -0.131516 -0.106456 0.160008 0.028343 0.007739 0.236178 0.241758 0.091385 -0.094954 -0.101568 0.179260 -0.016772 0.010127 0.121674 0.136503 0.078871 -0.040298 -0.020861 0.082051 0.017176 0.041367 0.012064 -0.019926 0.032488 0.021221 -0.035553 -0.002940 -0.030401 0.117518 0.186431 0.093344 0.169330 -0.195091 -0.185086 -0.053872 -0.153042 -0.057601 -0.047267 0.010903 -0.101100 -0.166960 0.096186 -0.204301 0.096692 -0.132814 -0.012884 -0.099079 0.166551
2.400000 0.011875 0.190050 0.190467 0.062089 -0.093061 -0.074599 0.109955 0.021728 0.003355 0.164217 0.167799 0.063433 -0.065321 -0.071473 0.126655 -0.013730 0.006541 0.084486 0.096018 0.057630 -0.026584 -0.012062 0.056848 0.013204 0.039300 0.012015 -0.018933 0.031385 0.020169 -0.034282 -0.002810 -0.028935 0.111930 0.177247 0.088951 0.161029 -0.185356 -0.178745 -0.051147 -0.148372 -0.054616 -0.047278 0.012855 -0.096263 -0.161157 0.091332 -0.196842 0.092155 -0.128400 -0.014738 -0.094242 0.160413
2.450000 0.006080 0.134704 0.135225 0.043713 -0.066670 -0.053196 0.077413 0.016637 -0.000090 0.116574 0.118646 0.044825 -0.045981 -0.050817 0.090539 -0.010238 0.003568 0.059925 0.068531 0.041882 -0.018138 -0.007517 0.040089 0.009996 0.036859 0.011789 -0.017760 0.029924 0.018924 -0.032628 -0.002650 -0.027189 0.105246 0.166365 0.083682 0.151180 -0.173859 -0.170373 -0.047941 -0.141952 -0.051125 -0.046568 0.014400 -0.090487 -0.153533 0.085617 -0.187199 0.086709 -0.122513 -0.016167 -0.088497 0.152502
2.500000 0.001254 0.095650 0.096698 0.031442 -0.047697 -0.038172 0.055374 0.012554 -0.002842 0.083652 0.084500 0.031861 -0.032785 -0.035926 0.064516 -0.006680 0.001067 0.043002 0.048927 0.029648 -0.012823 -0.005369 0.028472 0.007307 0.034333 0.011454 -0.016546 0.028318 0.017634 -0.030824 -0.002483 -0.025371 0.098277 0.155077 0.078178 0.140957 -0.161956 -0.161181 -0.044627 -0.134768 -0.047531 -0.045403 0.015546 -0.084470 -0.145181 0.079709 -0.176720 0.081019 -0.116016 -0.017194 -0.082530 0.143917
2.550000 -0.002801 0.066919 0.068746 0.022967 -0.033503 -0.027214 0.039887 0.009180 -0.005066 0.060019 0.059827 0.022452 -0.023402 -0.024726 0.044966 -0.003251 -0.001054 0.030897 0.034322 0.019795 -0.009435 -0.004592 0.020124 0.004997 0.031961 0.011091 -0.015405 0.026763 0.016422 -0.029085 -0.002324 -0.023659 0.091706 0.144465 0.072986 0.131342 -0.150777 -0.152290 -0.041519 -0.127755 -0.044166 -0.044098 0.016400 -0.078800 -0.137111 0.074166 -0.166634 0.075649 -0.109717 -0.017934 -0.076916 0.135660
2.600000 -0.006227 0.045002 0.047752 0.016931 -0.022524 -0.018952 0.028631 0.006333 -0.006875 0.042473 0.041368 0.015374 -0.016473 -0.015995 0.029755 -0.000047 -0.002863 0.021945 0.023024 0.011645 -0.007263 -0.004594 0.013938 0.002979 0.029914 0.010775 -0.014421 0.025419 0.015376 -0.027582 -0.002187 -0.022183 0.086037 0.135310 0.068506 0.123047 -0.141133 -0.144608 -0.038837 -0.121694 -0.041263 -0.042962 0.017126 -0.073908 -0.130139 0.069384 -0.157921 0.071015 -0.104273 -0.018563 -0.072072 0.128529
2.650000 -0.009132 0.027753 0.031494 0.012504 -0.013794 -0.012542 0.020189 0.003898 -0.008353 0.029047 0.027129 0.009879 -0.011168 -0.008983 0.017567 0.002888 -0.004412 0.015124 0.013997 0.004769 -0.005876 -0.005025 0.009231 0.001198 0.028297 0.010572 -0.013644 0.024401 0.014550 -0.026438 -0.002080 -0.021020 0.081582 0.128087 0.064989 0.116506 -0.133515 -0.138782 -0.036716 -0.117154 -0.038960 -0.042263 0.017909 -0.070060 -0.124843 0.065601 -0.151268 0.067378 -0.100159 -0.019270 -0.068255 0.123077
2.700000 -0.011599 0.013804 0.018558 0.009160 -0.006692 -0.007444 0.013663 0.001800 -0.009565 0.018489 0.015840 0.005492 -0.006968 -0.003210 0.007562 0.005538 -0.005741 0.009783 0.006584 -0.001111 -0.005000 -0.005671 0.005567 -0.000382 0.027156 0.010531 -0.013096 0.023779 0.013969 -0.025723 -0.002007 -0.020209 0.078489 0.123014 0.062557 0.111919 -0.128139 -0.135208 -0.035212 -0.114501 -0.037315 -0.042210 0.018924 -0.067384 -0.121576 0.062922 -0.147081 0.064866 -0.097666 -0.020231 -0.065581 0.119634
2.750000 -0.013693 0.002257 0.008016 0.006559 -0.000806 -0.003300 0.008468 -0.000016 -0.010559 0.009978 0.006667 0.001900 -0.003533 0.001640 -0.000817 0.007898 -0.006880 0.005497 0.000350 -0.006187 -0.004460 -0.006396 0.002658 -0.001787 0.026493 0.010688 -0.012778 0.023587 0.013634 -0.025473 -0.001971 -0.019756 0.076786 0.120111 0.061233 0.109308 -0.125023 -0.134078 -0.034328 -0.113929 -0.036326 -0.042950 0.020326 -0.065900 -0.120504 0.061352 -0.145544 0.063503 -0.096942 -0.021602 -0.064066 0.118345
2.800000 -0.015467 -0.007498 -0.000763 0.004471 0.004145 0.000131 0.004212 -0.001586 -0.011377 0.002959 -0.000951 -0.001108 -0.000635 0.005783 -0.007949 0.009973 -0.007857 0.001977 -0.004998 -0.010593 -0.004138 -0.007113 0.000310 -0.003036 0.026284 0.011064 -0.012680 0.023834 0.013533 -0.025692 -0.001969 -0.019644 0.076416 0.119272 0.060974 0.108577 -0.124046 -0.135437 -0.034030 -0.115505 -0.035951 -0.044584 0.022242 -0.065558 -0.121664 0.060828 -0.146681 0.063246 -0.098025 -0.023509 -0.063654 0.119226
2.850000 -0.016965 -0.015883 -0.008213 0.002740 0.008360 0.003018 0.000625 -0.002938 -0.012050 -0.002953 -0.007404 -0.003678 0.001881 0.009369 -0.014103 0.011771 -0.008690 -0.000976 -0.009668 -0.014426 -0.003956 -0.007765 -0.001611 -0.004141 0.026485 0.011674 -0.012780 0.024509 0.013644 -0.026369 -0.001999 -0.019845 0.077271 0.120311 0.061699 0.109561 -0.125010 -0.139232 -0.034260 -0.119214 -0.036126 -0.047175 0.024780 -0.066264 -0.125005 0.061249 -0.150413 0.064010 -0.100884 -0.026059 -0.064250 0.122212
2.900000 -0.018222 -0.023200 -0.014642 0.001257 0.011980 0.005481 -0.002481 -0.004094 -0.012603 -0.008025 -0.012966 -0.005916 0.004126 0.012505 -0.019470 0.013301 -0.009397 -0.003502 -0.013807 -0.017757 -0.003863 -0.008315 -0.003199 -0.005112 0.027045 0.012527 -0.013054 0.025597 0.013942 -0.027480 -0.002060 -0.020324 0.079219 0.123005 0.063302 0.112057 -0.127673 -0.145359 -0.034950 -0.124994 -0.036775 -0.050767 0.028034 -0.067903 -0.130429 0.062495 -0.156605 0.065688 -0.105451 -0.029341 -0.065735 0.127189
3.000000 -0.020122 -0.035445 -0.025267 -0.001245 0.017827 0.009457 -0.007744 -0.005882 -0.013428 -0.016376 -0.022149 -0.009674 0.008092 0.017723 -0.028375 0.015600 -0.010483 -0.007643 -0.020900 -0.023119 -0.003812 -0.009012 -0.005627 -0.006677 0.029026 0.014983 -0.014019 0.028916 0.014986 -0.030897 -0.002256 -0.021961 0.085812 0.132384 0.068692 0.120712 -0.137065 -0.164077 -0.037419 -0.142414 -0.039176 -0.061069 0.037017 -0.073474 -0.147032 0.066943 -0.175710 0.071319 -0.119345 -0.038424 -0.070867 0.142570
3.100000 -0.021341 -0.045377 -0.033797 -0.003421 0.022250 0.012517 -0.012249 -0.007057 -0.013971 -0.023100 -0.029518 -0.012786 0.011659 0.021848 -0.035426 0.016952 -0.011197 -0.010964 -0.026854 -0.026988 -0.003820 -0.009091 -0.007324 -0.007770 0.031788 0.018454 -0.015365 0.033588 0.016442 -0.035704 -0.002531 -0.024248 0.095028 0.145472 0.076230 0.132792 -0.150160 -0.190425 -0.040860 -0.166959 -0.042513 -0.075639 0.049758 -0.081260 -0.170401 0.073139 -0.202585 0.079194 -0.138910 -0.051304 -0.078032 0.164203
3.200000 -0.022001 -0.053631 -0.040880 -0.005463 0.025592 0.014930 -0.016345 -0.007708 -0.014305 -0.028752 -0.035632 -0.015477 0.015023 0.025105 -0.041074 0.017443 -0.011591 -0.013752 -0.031994 -0.029561 -0.003815 -0.008514 -0.008489 -0.008409 0.034902 0.022902 -0.016886 0.039358 0.018091 -0.041611 -0.002858 -0.026878 0.105695 0.160358 0.084991 0.146568 -0.164939 -0.222934 -0.044708 -0.197503 -0.046175 -0.094352 0.066528 -0.090247 -0.199197 0.080081 -0.235536 0.088358 -0.163111 -0.068232 -0.086220 0.190700
3.300000 -0.022193 -0.060563 -0.046890 -0.007466 0.028080 0.016864 -0.020200 -0.007917 -0.014477 -0.033655 -0.040806 -0.017880 0.018261 0.027624 -0.045593 0.017166 -0.011703 -0.016173 -0.036491 -0.030980 -0.003761 -0.007292 -0.009256 -0.008610 0.037946 0.028119 -0.018378 0.045813 0.019716 -0.048180 -0.003202 -0.029534 0.116571 0.175122 0.093983 0.160291 -0.179414 -0.259274 -0.048420 -0.232030 -0.049590 -0.116362 0.086833 -0.099372 -0.231330 0.086796 -0.272063 0.097780 -0.190255 -0.088695 -0.094407 0.220030
3.400000 -0.021987 -0.066365 -0.052048 -0.009469 0.029882 0.018436 -0.023880 -0.007768 -0.014510 -0.037997 -0.045228 -0.020062 0.021370 0.029479 -0.049154 0.016229 -0.011566 -0.018325 -0.040409 -0.031374 -0.003629 -0.005484 -0.009736 -0.008396 0.040518 0.033574 -0.019644 0.052252 0.021105 -0.054685 -0.003525 -0.031878 0.126298 0.187847 0.102093 0.172189 -0.191670 -0.295476 -0.051494 -0.266833 -0.052276 -0.139444 0.108711 -0.107487 -0.263282 0.092380 -0.308124 0.106299 -0.217393 -0.110708 -0.101538 0.248942
3.500000 -0.021445 -0.071134 -0.056486 -0.011472 0.031134 0.019736 -0.027389 -0.007351 -0.014415 -0.041891 -0.049017 -0.022041 0.024287 0.030732 -0.051862 0.014763 -0.011213 -0.020272 -0.043732 -0.030892 -0.003376 -0.003204 -0.010046 -0.007818 0.042273 0.038330 -0.020514 0.057615 0.022067 -0.060067 -0.003775 -0.033578 0.133465 0.196777 0.108132 0.180606 -0.200058 -0.325599 -0.053530 -0.296133 -0.053911 -0.159618 0.128295 -0.113426 -0.289820 0.096102 -0.337859 0.112661 -0.240056 -0.130388 -0.106617 0.272744
3.600000 -0.020624 -0.074915 -0.060280 -0.013455 0.031951 0.020828 -0.030691 -0.006754 -0.014191 -0.045397 -0.052259 -0.023791 0.026911 0.031454 -0.053779 0.012930 -0.010683 -0.022050 -0.046389 -0.029726 -0.002945 -0.000635 -0.010308 -0.006973 0.042983 0.041223 -0.020872 0.060694 0.022471 -0.063129 -0.003905 -0.034359 0.136863 0.200624 0.111051 0.184294 -0.203478 -0.342871 -0.054298 -0.313193 -0.054388 -0.171927 0.140584 -0.116206 -0.304998 0.097527 -0.354698 0.115751 -0.253112 -0.142717 -0.108871 0.286194
3.700000 -0.019576 -0.077732 -0.063470 -0.015380 0.032427 0.021763 -0.033729 -0.006065 -0.013828 -0.048537 -0.055014 -0.025253 0.029133 0.031737 -0.054949 0.010906 -0.010024 -0.023676 -0.048294 -0.028109 -0.002280 0.001991 -0.010631 -0.005998 0.042576 0.041401 -0.020677 0.060653 0.022266 -0.063051 -0.003885 -0.034088 0.135859 0.198859 0.110277 0.182713 -0.201565 -0.342609 -0.053750 -0.313284 -0.053764 -0.172734 0.141816 -0.115326 -0.304717 0.096555 -0.354162 0.114957 -0.252997 -0.143930 -0.107957 0.285727
3.800000 -0.018349 -0.079606 -0.066069 -0.017203 0.032637 0.022567 -0.036438 -0.005355 -0.013320 -0.051306 -0.057312 -0.026364 0.030867 0.031672 -0.055419 0.008858 -0.009286 -0.025150 -0.049393 -0.026271 -0.001356 0.004449 -0.011086 -0.005030 0.041128 0.038859 -0.019967 0.057526 0.021492 -0.059872 -0.003719 -0.032819 0.130656 0.191824 0.105971 0.176170 -0.194680 -0.325008 -0.051989 -0.296537 -0.052152 -0.162006 0.131885 -0.110963 -0.289157 0.093367 -0.336490 0.110444 -0.239844 -0.133925 -0.104052 0.271539
3.900000 -0.016986 -0.080565 -0.068078 -0.018879 0.032631 0.023252 -0.038762 -0.004678 -0.012666 -0.053681 -0.059150 -0.027086 0.032068 0.031335 -0.055247 0.006911 -0.008504 -0.026457 -0.049692 -0.024385 -0.000197 0.006578 -0.011687 -0.004168 0.038831 0.034425 -0.018839 0.052188 0.020259 -0.054461 -0.003445 -0.030768 0.122195 0.180566 0.098944 0.165673 -0.183748 -0.294977 -0.049218 -0.267810 -0.049670 -0.143267 0.114319 -0.103886 -0.262630 0.088344 -0.306460 0.103070 -0.217366 -0.116239 -0.097774 0.247447
4.000000 -0.015523 -0.080654 -0.069490 -0.020367 0.032439 0.023814 -0.040656 -0.004067 -0.011875 -0.055629 -0.060508 -0.027413 0.032738 0.030771 -0.054503 0.005136 -0.007705 -0.027573 -0.049254 -0.022548 0.001133 0.008300 -0.012401 -0.003456 0.035944 0.029219 -0.017423 0.045823 0.018714 -0.047996 -0.003110 -0.028225 0.111750 0.166506 0.090291 0.152587 -0.170018 -0.259156 -0.045714 -0.233676 -0.046482 -0.121284 0.093894 -0.095134 -0.230971 0.081999 -0.270537 0.093998 -0.190586 -0.095664 -0.089959 0.218612
4.100000 -0.013991 -0.079927 -0.070300 -0.021634 0.032077 0.024243 -0.042091 -0.003536 -0.010966 -0.057119 -0.061358 -0.027369 0.032910 0.030004 -0.053259 0.003563 -0.006902 -0.028475 -0.048173 -0.020798 0.002554 0.009610 -0.013169 -0.002894 0.032740 0.024130 -0.015856 0.039405 0.017009 -0.041450 -0.002759 -0.025469 0.100510 0.151064 0.081025 0.138262 -0.154796 -0.223013 -0.041784 -0.199490 -0.042812 -0.099835 0.074328 -0.085687 -0.198990 0.074899 -0.234084 0.084295 -0.163625 -0.075934 -0.081427 0.189324
4.200000 -0.012417 -0.078453 -0.070512 -0.022660 0.031551 0.024524 -0.043059 -0.003089 -0.009960 -0.058128 -0.061687 -0.026993 0.032634 0.029049 -0.051585 0.002190 -0.006102 -0.029142 -0.046555 -0.019136 0.003990 0.010538 -0.013931 -0.002460 0.029457 0.019638 -0.014253 0.033507 0.015273 -0.035401 -0.002421 -0.022715 0.089364 0.135415 0.071883 0.123792 -0.139215 -0.189773 -0.037715 -0.168348 -0.038913 -0.080952 0.057538 -0.076288 -0.169534 0.067562 -0.200321 0.074737 -0.138901 -0.058977 -0.072833 0.162165
4.300000 -0.010823 -0.076307 -0.070144 -0.023436 0.030863 0.024648 -0.043567 -0.002718 -0.008883 -0.058648 -0.061493 -0.026327 0.031968 0.027921 -0.049545 0.001006 -0.005309 -0.029565 -0.044497 -0.017551 0.005381 0.011133 -0.014637 -0.002128 0.026270 0.015898 -0.012702 0.028366 0.013597 -0.030097 -0.002111 -0.020102 0.078867 0.120378 0.063316 0.109931 -0.124113 -0.160766 -0.033730 -0.141455 -0.035011 -0.065278 0.044035 -0.067407 -0.143789 0.060390 -0.170632 0.065792 -0.117394 -0.045314 -0.064621 0.138252
4.400000 -0.009229 -0.073573 -0.069226 -0.023963 0.030021 0.024608 -0.043640 -0.002413 -0.007755 -0.058686 -0.060800 -0.025416 0.030971 0.026638 -0.047198 -0.000010 -0.004529 -0.029742 -0.042090 -0.016028 0.006685 0.011446 -0.015251 -0.001875 0.023293 0.012881 -0.011255 0.024010 0.012038 -0.025577 -0.001836 -0.017706 0.069302 0.106440 0.055543 0.097117 -0.110012 -0.136169 -0.029978 -0.118893 -0.031274 -0.052680 0.033571 -0.059294 -0.121922 0.053647 -0.145261 0.057688 -0.099213 -0.034702 -0.057045 0.117791
4.500000 -0.007652 -0.070340 -0.067805 -0.024251 0.029034 0.024409 -0.043313 -0.002163 -0.006600 -0.058268 -0.059643 -0.024302 0.029699 0.025221 -0.044603 -0.000877 -0.003765 -0.029682 -0.039415 -0.014559 0.007876 0.011524 -0.015750 -0.001678 0.020580 0.010485 -0.009939 0.020372 0.010623 -0.021780 -0.001596 -0.015557 0.060771 0.093829 0.048636 0.085546 -0.097177 -0.115608 -0.026539 -0.100231 -0.027802 -0.042708 0.025623 -0.052041 -0.103615 0.047475 -0.123895 0.050492 -0.084063 -0.026620 -0.050217 0.100539
4.600000 -0.006107 -0.066698 -0.065938 -0.024319 0.027918 0.024058 -0.042629 -0.001957 -0.005437 -0.057433 -0.058073 -0.023025 0.028209 0.023696 -0.041814 -0.001615 -0.003023 -0.029403 -0.036544 -0.013137 0.008939 0.011411 -0.016126 -0.001525 0.018151 0.008591 -0.008762 0.017351 0.009360 -0.018610 -0.001388 -0.013658 0.053260 0.082596 0.042573 0.075258 -0.085690 -0.098517 -0.023445 -0.084872 -0.024646 -0.034856 0.019641 -0.045643 -0.088375 0.041927 -0.106012 0.044183 -0.071507 -0.020518 -0.044155 0.086083
4.700000 -0.004608 -0.062740 -0.063693 -0.024192 0.026694 0.023571 -0.041637 -0.001787 -0.004283 -0.056231 -0.056151 -0.021625 0.026550 0.022089 -0.038885 -0.002240 -0.002307 -0.028927 -0.033542 -0.011760 0.009870 0.011144 -0.016379 -0.001403 0.015999 0.007092 -0.007721 0.014843 0.008243 -0.015965 -0.001209 -0.011992 0.046700 0.072690 0.037291 0.066198 -0.075520 -0.084317 -0.020694 -0.072229 -0.021816 -0.028667 0.015147 -0.040046 -0.075696 0.036997 -0.091060 0.038690 -0.061102 -0.015920 -0.038822 0.073984
4.800000 -0.003167 -0.058554 -0.061141 -0.023894 0.025381 0.022967 -0.040393 -0.001644 -0.003152 -0.054717 -0.053943 -0.020137 0.024772 0.020427 -0.035867 -0.002769 -0.001621 -0.028284 -0.030468 -0.010429 0.010673 0.010759 -0.016513 -0.001303 0.014107 0.005900 -0.006805 0.012756 0.007263 -0.013755 -0.001056 -0.010540 0.040994 0.064007 0.032707 0.058265 -0.066577 -0.072491 -0.018267 -0.061788 -0.019303 -0.023765 0.011765 -0.035172 -0.065124 0.032651 -0.078537 0.033925 -0.052458 -0.012445 -0.034157 0.063840
4.900000 -0.001792 -0.054227 -0.058353 -0.023455 0.024006 0.022265 -0.038948 -0.001522 -0.002058 -0.052952 -0.051513 -0.018595 0.022918 0.018738 -0.032809 -0.003215 -0.000968 -0.027502 -0.027372 -0.009146 0.011354 0.010285 -0.016542 -0.001220 0.012448 0.004946 -0.006004 0.011012 0.006405 -0.011900 -0.000924 -0.009275 0.036041 0.056418 0.028734 0.051338 -0.058743 -0.062601 -0.016134 -0.053124 -0.017083 -0.019856 0.009208 -0.030935 -0.056273 0.028834 -0.068010 0.029798 -0.045245 -0.009808 -0.030087 0.055307
5.000000 -0.000490 -0.049834 -0.055400 -0.022903 0.022592 0.021489 -0.037352 -0.001417 -0.001010 -0.050995 -0.048926 -0.017027 0.021026 0.017045 -0.029753 -0.003588 -0.000351 -0.026612 -0.024299 -0.007915 0.011921 0.009746 -0.016478 -0.001150 0.010997 0.004176 -0.005303 0.009546 0.005656 -0.010336 -0.000810 -0.008176 0.031740 0.049795 0.025290 0.045298 -0.051890 -0.054288 -0.014265 -0.045891 -0.015128 -0.016713 0.007263 -0.027254 -0.048827 0.025489 -0.059121 0.026221 -0.039195 -0.007792 -0.026540 0.048097
5.100000 0.000733 -0.045445 -0.052347 -0.022263 0.021161 0.020659 -0.035654 -0.001324 -0.000015 -0.048902 -0.046241 -0.015459 0.019130 0.015370 -0.026739 -0.003901 0.000227 -0.025644 -0.021286 -0.006740 0.012388 0.009166 -0.016335 -0.001089 0.009728 0.003549 -0.004690 0.008309 0.005001 -0.009011 -0.000713 -0.007218 0.028003 0.044014 0.022301 0.040028 -0.045898 -0.047264 -0.012627 -0.039818 -0.013410 -0.014165 0.005773 -0.024052 -0.042529 0.022560 -0.051581 0.023118 -0.034092 -0.006241 -0.023447 0.041976
5.200000 0.001874 -0.041118 -0.049251 -0.021561 0.019734 0.019795 -0.033894 -0.001241 0.000922 -0.046724 -0.043511 -0.013913 0.017256 0.013732 -0.023798 -0.004161 0.000767 -0.024622 -0.018365 -0.005624 0.012764 0.008561 -0.016129 -0.001035 0.008618 0.003035 -0.004154 0.007258 0.004428 -0.007883 -0.000628 -0.006384 0.024750 0.038963 0.019701 0.035427 -0.040655 -0.041298 -0.011192 -0.034688 -0.011900 -0.012083 0.004624 -0.021264 -0.037175 0.019994 -0.045153 0.020421 -0.029763 -0.005038 -0.020748 0.036756
5.300000 0.002933 -0.036901 -0.046163 -0.020817 0.018329 0.018913 -0.032109 -0.001166 0.001797 -0.044507 -0.040782 -0.012406 0.015428 0.012146 -0.020957 -0.004376 0.001267 -0.023572 -0.015558 -0.004569 0.013062 0.007947 -0.015873 -0.000987 0.007645 0.002610 -0.003684 0.006361 0.003927 -0.006918 -0.000555 -0.005655 0.021913 0.034544 0.017436 0.031403 -0.036062 -0.036203 -0.009933 -0.030329 -0.010572 -0.010366 0.003732 -0.018831 -0.032601 0.017743 -0.039646 0.018071 -0.026072 -0.004099 -0.018388 0.032281
5.400000 0.003910 -0.032833 -0.043124 -0.020051 0.016960 0.018030 -0.030329 -0.001097 0.002609 -0.042289 -0.038092 -0.010953 0.013664 0.010625 -0.018236 -0.004553 0.001728 -0.022512 -0.012883 -0.003578 0.013293 0.007335 -0.015581 -0.000943 0.006791 0.002256 -0.003272 0.005592 0.003488 -0.006088 -0.000491 -0.005017 0.019433 0.030670 0.015458 0.027877 -0.032032 -0.031830 -0.008827 -0.026605 -0.009403 -0.008940 0.003033 -0.016703 -0.028672 0.015766 -0.034906 0.016019 -0.022909 -0.003358 -0.016321 0.028428
5.500000 0.004805 -0.028943 -0.040168 -0.019279 0.015639 0.017158 -0.028580 -0.001034 0.003357 -0.040101 -0.035472 -0.009564 0.011977 0.009177 -0.015649 -0.004698 0.002151 -0.021461 -0.010353 -0.002650 0.013466 0.006736 -0.015262 -0.000903 0.006040 0.001959 -0.002910 0.004929 0.003101 -0.005371 -0.000435 -0.004458 0.017260 0.027267 0.013725 0.024780 -0.028489 -0.028060 -0.007854 -0.023406 -0.008372 -0.007747 0.002482 -0.014838 -0.025282 0.014027 -0.030809 0.014223 -0.020184 -0.002771 -0.014507 0.025096
5.600000 0.005623 -0.025251 -0.037321 -0.018512 0.014376 0.016307 -0.026881 -0.000975 0.004043 -0.037970 -0.032946 -0.008247 0.010376 0.007808 -0.013208 -0.004816 0.002537 -0.020431 -0.007976 -0.001786 0.013591 0.006155 -0.014928 -0.000865 0.005378 0.001708 -0.002591 0.004354 0.002761 -0.004749 -0.000386 -0.003966 0.015350 0.024272 0.012204 0.022056 -0.025368 -0.024794 -0.006996 -0.020645 -0.007462 -0.006741 0.002044 -0.013198 -0.022345 0.012494 -0.027252 0.012645 -0.017826 -0.002302 -0.012910 0.022202
5.700000 0.006366 -0.021772 -0.034603 -0.017761 0.013176 0.015486 -0.025247 -0.000920 0.004669 -0.035915 -0.030533 -0.007005 0.008867 0.006522 -0.010917 -0.004911 0.002888 -0.019433 -0.005755 -0.000985 0.013676 0.005600 -0.014585 -0.000831 0.004794 0.001494 -0.002310 0.003855 0.002461 -0.004208 -0.000344 -0.003533 0.013669 0.021630 0.010865 0.019653 -0.022613 -0.021953 -0.006238 -0.018251 -0.006658 -0.005888 0.001695 -0.011754 -0.019789 0.011140 -0.024153 0.011257 -0.015777 -0.001925 -0.011503 0.019680
5.800000 0.007039 -0.018513 -0.032027 -0.017035 0.012044 0.014699 -0.023689 -0.000868 0.005238 -0.033951 -0.028244 -0.005843 0.007455 0.005322 -0.008780 -0.004986 0.003205 -0.018476 -0.003690 -0.000244 0.013729 0.005072 -0.014242 -0.000798 0.004278 0.001311 -0.002061 0.003419 0.002195 -0.003735 -0.000306 -0.003150 0.012186 0.019295 0.009684 0.017529 -0.020177 -0.019474 -0.005567 -0.016168 -0.005945 -0.005160 0.001414 -0.010480 -0.017557 0.009942 -0.021443 0.010033 -0.013990 -0.001619 -0.010259 0.017474
5.900000 0.007646 -0.015475 -0.029602 -0.016339 0.010982 0.013952 -0.022215 -0.000820 0.005752 -0.032088 -0.026087 -0.004761 0.006139 0.004205 -0.006795 -0.005046 0.003491 -0.017565 -0.001780 0.000437 0.013755 0.004574 -0.013902 -0.000768 0.003820 0.001154 -0.001840 0.003038 0.001960 -0.003320 -0.000273 -0.002811 0.010873 0.017226 0.008640 0.015649 -0.018018 -0.017301 -0.004973 -0.014347 -0.005312 -0.004535 0.001186 -0.009352 -0.015601 0.008879 -0.019065 0.008951 -0.012425 -0.001369 -0.009158 0.015538
6.000000 0.008191 -0.012659 -0.027331 -0.015677 0.009991 0.013248 -0.020829 -0.000775 0.006216 -0.030332 -0.024068 -0.003758 0.004920 0.003173 -0.004960 -0.005092 0.003749 -0.016704 -0.000021 0.001062 0.013760 0.004109 -0.013571 -0.000740 0.003414 0.001018 -0.001645 0.002702 0.001752 -0.002955 -0.000243 -0.002511 0.009710 0.015391 0.007715 0.013981 -0.016101 -0.015393 -0.004445 -0.012751 -0.004749 -0.003997 0.001001 -0.008352 -0.013882 0.007936 -0.016972 0.007992 -0.011051 -0.001164 -0.008182 0.013834
6.200000 0.009115 -0.007666 -0.023257 -0.014466 0.008221 0.011970 -0.018328 -0.000693 0.007005 -0.027155 -0.020442 -0.001980 0.002761 0.001348 -0.001721 -0.005154 0.004185 -0.015141 0.003072 0.002155 0.013725 0.003273 -0.012946 -0.000689 0.002731 0.000797 -0.001315 0.002146 0.001401 -0.002348 -0.000194 -0.002007 0.007759 0.012308 0.006163 0.011179 -0.012880 -0.012224 -0.003557 -0.010109 -0.003803 -0.003124 0.000724 -0.006675 -0.011027 0.006350 -0.013492 0.006384 -0.008772 -0.000855 -0.006541 0.010999
6.400000 0.009850 -0.003469 -0.019783 -0.013411 0.006719 0.010868 -0.016183 -0.000621 0.007634 -0.024420 -0.017349 -0.000488 0.000948 -0.000180 0.000989 -0.005186 0.004532 -0.013789 0.005644 0.003059 0.013652 0.002563 -0.012383 -0.000645 0.002188 0.000629 -0.001054 0.001709 0.001122 -0.001872 -0.000155 -0.001607 0.006211 0.009858 0.004932 0.008953 -0.010318 -0.009740 -0.002850 -0.008044 -0.003048 -0.002459 0.000534 -0.005344 -0.008787 0.005088 -0.010759 0.005109 -0.006987 -0.000639 -0.005238 0.008772
6.600000 0.010428 0.000017 -0.016862 -0.012507 0.005460 0.009932 -0.014370 -0.000559 0.008130 -0.022101 -0.014747 0.000751 -0.000556 -0.001446 0.003231 -0.005198 0.004805 -0.012639 0.007761 0.003800 0.013558 0.001966 -0.011887 -0.000607 0.001754 0.000498 -0.000845 0.001365 0.000900 -0.001495 -0.000124 -0.001288 0.004976 0.007902 0.003952 0.007176 -0.008272 -0.007777 -0.002285 -0.006416 -0.002445 -0.001946 0.000401 -0.004282 -0.007017 0.004080 -0.008595 0.004093 -0.005577 -0.000485 -0.004199 0.007009
6.800000 0.010879 0.002883 -0.014434 -0.011744 0.004416 0.009147 -0.012856 -0.000506 0.008519 -0.020160 -0.012582 0.001769 -0.001791 -0.002484 0.005069 -0.005197 0.005018 -0.011674 0.009488 0.004402 0.013458 0.001472 -0.011459 -0.000575 0.001406 0.000396 -0.000677 0.001091 0.000721 -0.001195 -0.000100 -0.001032 0.003988 0.006335 0.003166 0.005753 -0.006632 -0.006216 -0.001832 -0.005125 -0.001961 -0.001545 0.000305 -0.003432 -0.005610 0.003271 -0.006874 0.003280 -0.004457 -0.000373 -0.003365 0.005605
7.000000 0.011229 0.005221 -0.012433 -0.011107 0.003559 0.008495 -0.011604 -0.000461 0.008821 -0.018550 -0.010799 0.002598 -0.002797 -0.003329 0.006562 -0.005190 0.005183 -0.010871 0.010885 0.004888 0.013359 0.001066 -0.011094 -0.000548 0.001127 0.000315 -0.000543 0.000872 0.000578 -0.000956 -0.000080 -0.000827 0.003194 0.005076 0.002536 0.004609 -0.005314 -0.004971 -0.001468 -0.004096 -0.001572 -0.001229 0.000236 -0.002749 -0.004486 0.002621 -0.005498 0.002627 -0.003563 -0.000290 -0.002696 0.004483
7.200000 0.011498 0.007115 -0.010798 -0.010580 0.002860 0.007958 -0.010578 -0.000423 0.009055 -0.017228 -0.009340 0.003270 -0.003610 -0.004011 0.007769 -0.005178 0.005310 -0.010210 0.012009 0.005278 0.013265 0.000735 -0.010787 -0.000525 0.000902 0.000251 -0.000434 0.000697 0.000463 -0.000764 -0.000064 -0.000662 0.002556 0.004062 0.002030 0.003689 -0.004254 -0.003973 -0.001175 -0.003273 -0.001258 -0.000979 0.000184 -0.002200 -0.003586 0.002098 -0.004396 0.002102 -0.002848 -0.000227 -0.002158 0.003585
7.400000 0.011704 0.008639 -0.009471 -0.010148 0.002293 0.007520 -0.009742 -0.000391 0.009233 -0.016148 -0.008156 0.003810 -0.004264 -0.004560 0.008737 -0.005164 0.005408 -0.009669 0.012906 0.005590 0.013180 0.000467 -0.010531 -0.000506 0.000721 0.000200 -0.000347 0.000557 0.000370 -0.000611 -0.000051 -0.000529 0.002043 0.003247 0.001622 0.002949 -0.003400 -0.003173 -0.000940 -0.002614 -0.001006 -0.000781 0.000145 -0.001758 -0.002864 0.001677 -0.003511 0.001680 -0.002275 -0.000179 -0.001725 0.002863
7.600000 0.011860 0.009859 -0.008400 -0.009795 0.001837 0.007164 -0.009066 -0.000364 0.009370 -0.015273 -0.007201 0.004242 -0.004786 -0.004998 0.009510 -0.005149 0.005482 -0.009230 0.013620 0.005837 0.013104 0.000252 -0.010319 -0.000490 0.000575 0.000160 -0.000277 0.000444 0.000295 -0.000487 -0.000041 -0.000422 0.001630 0.002591 0.001294 0.002353 -0.002713 -0.002532 -0.000750 -0.002085 -0.000803 -0.000622 0.000115 -0.001403 -0.002285 0.001339 -0.002801 0.001341 -0.001815 -0.000142 -0.001376 0.002284
7.800000 0.011978 0.010830 -0.007542 -0.009510 0.001472 0.006877 -0.008523 -0.000342 0.009473 -0.014569 -0.006434 0.004585 -0.005202 -0.005346 0.010124 -0.005135 0.005538 -0.008876 0.014185 0.006032 0.013038 0.000080 -0.010146 -0.000477 0.000458 0.000127 -0.000221 0.000354 0.000235 -0.000388 -0.000032 -0.000336 0.001299 0.002064 0.001031 0.001874 -0.002161 -0.002017 -0.000597 -0.001661 -0.000639 -0.000496 0.000092 -0.001118 -0.001820 0.001066 -0.002231 0.001068 -0.001445 -0.000113 -0.001096 0.001820
8.000000 0.012067 0.011600 -0.006857 -0.009281 0.001181 0.006647 -0.008089 -0.000325 0.009551 -0.014004 -0.005822 0.004858 -0.005531 -0.005621 0.010609 -0.005123 0.005580 -0.008592 0.014630 0.006185 0.012981 -0.000058 -0.010005 -0.000467 0.000364 0.000101 -0.000175 0.000281 0.000187 -0.000309 -0.000026 -0.000267 0.001033 0.001641 0.000820 0.001490 -0.001718 -0.001604 -0.000475 -0.001321 -0.000508 -0.000395 0.000073 -0.000889 -0.001448 0.000848 -0.001775 0.000849 -0.001150 -0.000091 -0.000872 0.001447
8.200000 0.012134 0.012207 -0.006313 -0.009097 0.000950 0.006464 -0.007743 -0.000310 0.009610 -0.013555 -0.005336 0.005072 -0.005790 -0.005838 0.010991 -0.005111 0.005612 -0.008365 0.014979 0.006305 0.012934 -0.000166 -0.009890 -0.000458 0.000289 0.000080 -0.000139 0.000223 0.000148 -0.000245 -0.000020 -0.000212 0.000819 0.001302 0.000651 0.001182 -0.001364 -0.001273 -0.000377 -0.001049 -0.000403 -0.000314 0.000059 -0.000705 -0.001149 0.000673 -0.001409 0.000674 -0.000913 -0.000073 -0.000692 0.001149
8.400000 0.012185 0.012683 -0.005884 -0.008952 0.000768 0.006319 -0.007470 -0.000298 0.009654 -0.013199 -0.004953 0.005241 -0.005993 -0.006008 0.011290 -0.005102 0.005635 -0.008185 0.015252 0.006399 0.012894 -0.000252 -0.009799 -0.000451 0.000229 0.000064 -0.000110 0.000177 0.000117 -0.000194 -0.000016 -0.000168 0.000649 0.001031 0.000515 0.000937 -0.001080 -0.001009 -0.000298 -0.000832 -0.000319 -0.000249 0.000047 -0.000559 -0.000911 0.000533 -0.001117 0.000534 -0.000724 -0.000058 -0.000548 0.000911
8.600000 0.012222 0.013057 -0.005546 -0.008836 0.000625 0.006204 -0.007254 -0.000289 0.009687 -0.012918 -0.004651 0.005372 -0.006152 -0.006141 0.011524 -0.005093 0.005653 -0.008043 0.015464 0.006472 0.012862 -0.000319 -0.009726 -0.000446 0.000181 0.000051 -0.000087 0.000140 0.000093 -0.000154 -0.000013 -0.000133 0.000513 0.000815 0.000407 0.000740 -0.000854 -0.000799 -0.000236 -0.000658 -0.000252 -0.000198 0.000038 -0.000442 -0.000721 0.000421 -0.000883 0.000422 -0.000573 -0.000047 -0.000433 0.000720
8.800000 0.012250 0.013348 -0.005282 -0.008746 0.000514 0.006114 -0.007085 -0.000282 0.009712 -0.012697 -0.004414 0.005475 -0.006276 -0.006244 0.011706 -0.005086 0.005666 -0.007932 0.015629 0.006529 0.012835 -0.000372 -0.009668 -0.000442 0.000143 0.000040 -0.000069 0.000111 0.000073 -0.000121 -0.000010 -0.000105 0.000405 0.000643 0.000321 0.000584 -0.000674 -0.000631 -0.000186 -0.000520 -0.000199 -0.000156 0.000031 -0.000348 -0.000569 0.000332 -0.000698 0.000333 -0.000452 -0.000037 -0.000342 0.000569
9.000000 0.012271 0.013574 -0.005075 -0.008674 0.000426 0.006043 -0.006953 -0.000276 0.009731 -0.012524 -0.004229 0.005555 -0.006372 -0.006325 0.011848 -0.005080 0.005676 -0.007844 0.015757 0.006573 0.012814 -0.000413 -0.009622 -0.000438 0.000112 0.000032 -0.000054 0.000087 0.000058 -0.000096 -0.000008 -0.000083 0.000319 0.000507 0.000253 0.000460 -0.000530 -0.000497 -0.000147 -0.000410 -0.000157 -0.000124 0.000025 -0.000274 -0.000449 0.000262 -0.000550 0.000262 -0.000356 -0.000030 -0.000269 0.000448
9.200000 0.012286 0.013750 -0.004914 -0.008618 0.000358 0.005988 -0.006850 -0.000271 0.009745 -0.012389 -0.004085 0.005617 -0.006447 -0.006387 0.011958 -0.005076 0.005684 -0.007776 0.015856 0.006607 0.012796 -0.000445 -0.009586 -0.000436 0.000088 0.000025 -0.000043 0.000069 0.000045 -0.000075 -0.000006 -0.000065 0.000251 0.000398 0.000199 0.000361 -0.000417 -0.000391 -0.000115 -0.000323 -0.000123 -0.000098 0.000020 -0.000216 -0.000353 0.000206 -0.000432 0.000206 -0.000280 -0.000024 -0.000211 0.000353
9.400000 0.012298 0.013886 -0.004788 -0.008575 0.000306 0.005944 -0.006769 -0.000268 0.009755 -0.012284 -0.003973 0.005665 -0.006505 -0.006436 0.012042 -0.005072 0.005689 -0.007722 0.015932 0.006633 0.012783 -0.000470 -0.009558 -0.000433 0.000069 0.000020 -0.000033 0.000054 0.000036 -0.000059 -0.000005 -0.000051 0.000197 0.000312 0.000156 0.000283 -0.000327 -0.000307 -0.000090 -0.000253 -0.000097 -0.000077 0.000016 -0.000169 -0.000277 0.000161 -0.000339 0.000162 -0.000220 -0.000019 -0.000166 0.000277
9.600000 0.012307 0.013992 -0.004691 -0.008541 0.000265 0.005911 -0.006707 -0.000265 0.009763 -0.012202 -0.003885 0.005703 -0.006550 -0.006473 0.012108 -0.005069 0.005693 -0.007680 0.015991 0.006653 0.012771 -0.000489 -0.009535 -0.000432 0.000054 0.000015 -0.000026 0.000042 0.000028 -0.000046 -0.000004 -0.000040 0.000154 0.000244 0.000122 0.000222 -0.000256 -0.000240 -0.000071 -0.000198 -0.000076 -0.000060 0.000013 -0.000132 -0.000217 0.000126 -0.000266 0.000126 -0.000172 -0.000015 -0.000130 0.000217
9.800000 0.012313 0.014073 -0.004615 -0.008514 0.000233 0.005885 -0.006658 -0.000263 0.009768 -0.012138 -0.003818 0.005731 -0.006584 -0.006502 0.012158 -0.005066 0.005696 -0.007648 0.016036 0.006668 0.012762 -0.000504 -0.009518 -0.000431 0.000042 0.000012 -0.000020 0.000033 0.000022 -0.000036 -0.000003 -0.000031 0.000120 0.000191 0.000095 0.000173 -0.000199 -0.000188 -0.000055 -0.000155 -0.000059 -0.000047 0.000010 -0.000103 -0.000170 0.000098 -0.000208 0.000099 -0.000135 -0.000012 -0.000101 0.000169
10.000000 0.012318 0.014136 -0.004557 -0.008493 0.000208 0.005864 -0.006620 -0.000261 0.009772 -0.012089 -0.003765 0.005753 -0.006611 -0.006524 0.012197 -0.005064 0.005699 -0.007623 0.016071 0.006680 0.012755 -0.000515 -0.009504 -0.000430 0.000033 0.000009 -0.000016 0.000026 0.000017 -0.000028 -0.000002 -0.000024 0.000093 0.000148 0.000074 0.000135 -0.000155 -0.000147 -0.000043 -0.000121 -0.000046 -0.000037 0.000008 -0.000080 -0.000132 0.000077 -0.000162 0.000077 -0.000105 -0.000010 -0.000079 0.000132
10.500000 0.012323 0.014236 -0.004468 -0.008463 0.000171 0.005835 -0.006563 -0.000258 0.009778 -0.012016 -0.003685 0.005789 -0.006653 -0.006559 0.012258 -0.005060 0.005701 -0.007586 0.016125 0.006699 0.012745 -0.000534 -0.009483 -0.000428 0.000018 0.000005 -0.000009 0.000014 0.000009 -0.000016 -0.000001 -0.000013 0.000052 0.000082 0.000041 0.000074 -0.000086 -0.000081 -0.000024 -0.000067 -0.000025 -0.000021 0.000005 -0.000044 -0.000073 0.000042 -0.000090 0.000042 -0.000058 -0.000006 -0.000043 0.000073
11.000000 0.012327 0.014287 -0.004414 -0.008442 0.000148 0.005814 -0.006528 -0.000257 0.009781 -0.011967 -0.003637 0.005807 -0.006674 -0.006577 0.012290 -0.005058 0.005703 -0.007560 0.016153 0.006708 0.012736 -0.000544 -0.009469 -0.000427 0.000009 0.000003 -0.000004 0.000007 0.000005 -0.000008 -0.000001 -0.000007 0.000026 0.000041 0.000021 0.000037 -0.000043 -0.000041 -0.000012 -0.000034 -0.000013 -0.000011 0.000003 -0.000022 -0.000037 0.000021 -0.000045 0.000021 -0.000029 -0.000003 -0.000022 0.000037
