State0	Sigma0	State1	Sigma1	State2	Sigma2	State3	Sigma3	State4	Sigma4	State5	Sigma5	State6	Sigma6	State7	Sigma7	State8	Sigma8	State9	Sigma9	State10	Sigma10	
9.308730e+04	2.288541e-14	9.364357e+04	2.187663e-14	9.515801e+04	2.113798e-14	1.040229e+05	3.152420e-14	1.052420e+05	4.180197e-14	1.053992e+05	4.139046e-14	1.058182e+05	4.823255e-14	1.059520e+05	4.047767e-14	1.067958e+05	4.249349e-14	1.069344e+05	4.735819e-14	1.071273e+05	4.410894e-14
9.308752e+04	2.216731e-14	9.364379e+04	2.139343e-14	9.515823e+04	2.104179e-14	1.040231e+05	3.159293e-14	1.052422e+05	4.133249e-14	1.053994e+05	4.095333e-14	1.058184e+05	4.679803e-14	1.059523e+05	4.009709e-14	1.067960e+05	4.195025e-14	1.069346e+05	4.616055e-14	1.071275e+05	4.342624e-14
9.308774e+04	2.418327e-14	9.364401e+04	2.289392e-14	9.515845e+04	2.169208e-14	1.040233e+05	3.170678e-14	1.052424e+05	4.231357e-14	1.053996e+05	4.182456e-14	1.058186e+05	5.093544e-14	1.059525e+05	4.075337e-14	1.067963e+05	4.309745e-14	1.069348e+05	4.946716e-14	1.071277e+05	4.501322e-14
9.308798e+04	2.368714e-14	9.364425e+04	2.257159e-14	9.515869e+04	2.165660e-14	1.040236e+05	3.174082e-14	1.052427e+05	4.207501e-14	1.053999e+05	4.160014e-14	1.058189e+05	5.012083e-14	1.059527e+05	4.055338e-14	1.067965e+05	4.280087e-14	1.069351e+05	4.881804e-14	1.071280e+05	4.464345e-14
9.308823e+04	2.314503e-14	9.364450e+04	2.221716e-14	9.515894e+04	2.160120e-14	1.040238e+05	3.178166e-14	1.052429e+05	4.178592e-14	1.054001e+05	4.132976e-14	1.058191e+05	4.912956e-14	1.059530e+05	4.031770e-14	1.067968e+05	4.244811e-14	1.069353e+05	4.802077e-14	1.071282e+05	4.420030e-14
9.308850e+04	2.256688e-14	9.364477e+04	2.183602e-14	9.515921e+04	2.152752e-14	1.040241e+05	3.183118e-14	1.052432e+05	4.143151e-14	1.054004e+05	4.100120e-14	1.058194e+05	4.793697e-14	1.059532e+05	4.003454e-14	1.067970e+05	4.202623e-14	1.069356e+05	4.704946e-14	1.071285e+05	4.366557e-14
9.308877e+04	2.197151e-14	9.364504e+04	2.143824e-14	9.515948e+04	2.143975e-14	1.040244e+05	3.188721e-14	1.052435e+05	4.099697e-14	1.054006e+05	4.059900e-14	1.058197e+05	4.652238e-14	1.059535e+05	3.968964e-14	1.067973e+05	4.152106e-14	1.069358e+05	4.588104e-14	1.071288e+05	4.302018e-14
9.308906e+04	2.340750e-14	9.364533e+04	2.254596e-14	9.515977e+04	2.194092e-14	1.040246e+05	3.199154e-14	1.052438e+05	4.175398e-14	1.054009e+05	4.128944e-14	1.058200e+05	5.017852e-14	1.059538e+05	4.016079e-14	1.067976e+05	4.245928e-14	1.069361e+05	4.877731e-14	1.071291e+05	4.434971e-14
9.308936e+04	2.296815e-14	9.364563e+04	2.226653e-14	9.516007e+04	2.190161e-14	1.040249e+05	3.201393e-14	1.052441e+05	4.152224e-14	1.054012e+05	4.107912e-14	1.058203e+05	4.931470e-14	1.059541e+05	3.996748e-14	1.067979e+05	4.216430e-14	1.069364e+05	4.809380e-14	1.071294e+05	4.396838e-14
9.308968e+04	2.249903e-14	9.364595e+04	2.195903e-14	9.516039e+04	2.184565e-14	1.040253e+05	3.204411e-14	1.052444e+05	4.123622e-14	1.054015e+05	4.081373e-14	1.058206e+05	4.825729e-14	1.059544e+05	3.973667e-14	1.067982e+05	4.181003e-14	1.069367e+05	4.724728e-14	1.071297e+05	4.350872e-14
9.309001e+04	2.201156e-14	9.364628e+04	2.163199e-14	9.516072e+04	2.177421e-14	1.040256e+05	3.208247e-14	1.052447e+05	4.087786e-14	1.054019e+05	4.048032e-14	1.058209e+05	4.698117e-14	1.059548e+05	3.945517e-14	1.067985e+05	4.138261e-14	1.069371e+05	4.621035e-14	1.071300e+05	4.295156e-14
9.309036e+04	2.298564e-14	9.364663e+04	2.239463e-14	9.516107e+04	2.213710e-14	1.040259e+05	3.216625e-14	1.052451e+05	4.140465e-14	1.054022e+05	4.086323e-14	1.058213e+05	4.989251e-14	1.059551e+05	3.982952e-14	1.067989e+05	4.199506e-14	1.069374e+05	4.847427e-14	1.071303e+05	4.392071e-14
9.309072e+04	2.263818e-14	9.364699e+04	2.216329e-14	9.516143e+04	2.210568e-14	1.040263e+05	3.217523e-14	1.052454e+05	4.119530e-14	1.054026e+05	4.067873e-14	1.058216e+05	4.907604e-14	1.059555e+05	3.965302e-14	1.067992e+05	4.173167e-14	1.069378e+05	4.783395e-14	1.071307e+05	4.356416e-14
9.309110e+04	2.226586e-14	9.364737e+04	2.190821e-14	9.516181e+04	2.205818e-14	1.040267e+05	3.219089e-14	1.052458e+05	4.093349e-14	1.054030e+05	4.044922e-14	1.058220e+05	4.806635e-14	1.059558e+05	3.943962e-14	1.067996e+05	4.141408e-14	1.069382e+05	4.703373e-14	1.071311e+05	4.313347e-14
9.309150e+04	2.187646e-14	9.364777e+04	2.163547e-14	9.516221e+04	2.199510e-14	1.040271e+05	3.221379e-14	1.052462e+05	4.060106e-14	1.054034e+05	4.015434e-14	1.058224e+05	4.683624e-14	1.059562e+05	3.917755e-14	1.068000e+05	4.102645e-14	1.069386e+05	4.604263e-14	1.071315e+05	4.261045e-14
9.309191e+04	2.262384e-14	9.364818e+04	2.220779e-14	9.516262e+04	2.228257e-14	1.040275e+05	3.227127e-14	1.052466e+05	4.100737e-14	1.054038e+05	4.046506e-14	1.058228e+05	4.937019e-14	1.059567e+05	3.943838e-14	1.068004e+05	4.146915e-14	1.069390e+05	4.799351e-14	1.071319e+05	4.337442e-14
9.309235e+04	2.232658e-14	9.364862e+04	2.200835e-14	9.516306e+04	2.224611e-14	1.040279e+05	3.226702e-14	1.052470e+05	4.080491e-14	1.054042e+05	4.027378e-14	1.058232e+05	4.853526e-14	1.059571e+05	3.925984e-14	1.068009e+05	4.121601e-14	1.069394e+05	4.734184e-14	1.071323e+05	4.302254e-14
9.309280e+04	2.200696e-14	9.364907e+04	2.178881e-14	9.516351e+04	2.219334e-14	1.040284e+05	3.226901e-14	1.052475e+05	4.055159e-14	1.054047e+05	4.003872e-14	1.058237e+05	4.749889e-14	1.059576e+05	3.904610e-14	1.068013e+05	4.091028e-14	1.069399e+05	4.652216e-14	1.071328e+05	4.259577e-14
9.309328e+04	2.167261e-14	9.364955e+04	2.155308e-14	9.516399e+04	2.212369e-14	1.040289e+05	3.227673e-14	1.052480e+05	4.022617e-14	1.054052e+05	3.974288e-14	1.058242e+05	4.623355e-14	1.059580e+05	3.878209e-14	1.068018e+05	4.051461e-14	1.069404e+05	4.550492e-14	1.071333e+05	4.207547e-14
9.309378e+04	2.223600e-14	9.365005e+04	2.201356e-14	9.516449e+04	2.234880e-14	1.040294e+05	3.230029e-14	1.052485e+05	4.057275e-14	1.054057e+05	4.003280e-14	1.058247e+05	4.862624e-14	1.059585e+05	3.897819e-14	1.068023e+05	4.093480e-14	1.069409e+05	4.734686e-14	1.071338e+05	4.276671e-14
9.309431e+04	2.197395e-14	9.365058e+04	2.182827e-14	9.516502e+04	2.229423e-14	1.040299e+05	3.228265e-14	1.052490e+05	4.035917e-14	1.054062e+05	3.982019e-14	1.058252e+05	4.771097e-14	1.059591e+05	3.879789e-14	1.068028e+05	4.067960e-14	1.069414e+05	4.663312e-14	1.071343e+05	4.239685e-14
9.309486e+04	2.169401e-14	9.365113e+04	2.162635e-14	9.516557e+04	2.222322e-14	1.040304e+05	3.227168e-14	1.052496e+05	4.008715e-14	1.054067e+05	3.955976e-14	1.058258e+05	4.657862e-14	1.059596e+05	3.857598e-14	1.068034e+05	4.035665e-14	1.069419e+05	4.573528e-14	1.071348e+05	4.194608e-14
9.309543e+04	2.209326e-14	9.365170e+04	2.194917e-14	9.516614e+04	2.238166e-14	1.040310e+05	3.228335e-14	1.052501e+05	4.030147e-14	1.054073e+05	3.976580e-14	1.058263e+05	4.847001e-14	1.059602e+05	3.870796e-14	1.068040e+05	4.063864e-14	1.069425e+05	4.716722e-14	1.071354e+05	4.242908e-14
9.309603e+04	2.186672e-14	9.365230e+04	2.178680e-14	9.516674e+04	2.232506e-14	1.040316e+05	3.224988e-14	1.052507e+05	4.010417e-14	1.054079e+05	3.956612e-14	1.058269e+05	4.762086e-14	1.059608e+05	3.853724e-14	1.068046e+05	4.041160e-14	1.069431e+05	4.650989e-14	1.071360e+05	4.209475e-14
9.309666e+04	2.162334e-14	9.365293e+04	2.160838e-14	9.516737e+04	2.225258e-14	1.040322e+05	3.222398e-14	1.052514e+05	3.985639e-14	1.054085e+05	3.932055e-14	1.058276e+05	4.656287e-14	1.059614e+05	3.832935e-14	1.068052e+05	4.011629e-14	1.069437e+05	4.567630e-14	1.071367e+05	4.168679e-14
9.309732e+04	2.191073e-14	9.365359e+04	2.184131e-14	9.516803e+04	2.236141e-14	1.040329e+05	3.223685e-14	1.052520e+05	4.001376e-14	1.054092e+05	3.945006e-14	1.058282e+05	4.814264e-14	1.059621e+05	3.837591e-14	1.068058e+05	4.032037e-14	1.069444e+05	4.685811e-14	1.071373e+05	4.204439e-14
9.309801e+04	2.170566e-14	9.365428e+04	2.169526e-14	9.516872e+04	2.229825e-14	1.040336e+05	3.219353e-14	1.052527e+05	3.981917e-14	1.054099e+05	3.926543e-14	1.058289e+05	4.731687e-14	1.059628e+05	3.821131e-14	1.068065e+05	4.008691e-14	1.069451e+05	4.621797e-14	1.071380e+05	4.172497e-14
9.309874e+04	2.148708e-14	9.365501e+04	2.153525e-14	9.516945e+04	2.222363e-14	1.040343e+05	3.215881e-14	1.052534e+05	3.957516e-14	1.054106e+05	3.903579e-14	1.058296e+05	4.628482e-14	1.059635e+05	3.801284e-14	1.068073e+05	3.980599e-14	1.069458e+05	4.540616e-14	1.071387e+05	4.133636e-14
9.309950e+04	2.170675e-14	9.365577e+04	2.171104e-14	9.517021e+04	2.230505e-14	1.040351e+05	3.214887e-14	1.052542e+05	3.970029e-14	1.054114e+05	3.911977e-14	1.058304e+05	4.768389e-14	1.059642e+05	3.804876e-14	1.068080e+05	3.996315e-14	1.069466e+05	4.644527e-14	1.071395e+05	4.162513e-14
9.310029e+04	2.151923e-14	9.365656e+04	2.157657e-14	9.517100e+04	2.224508e-14	1.040359e+05	3.210297e-14	1.052550e+05	3.949726e-14	1.054122e+05	3.892870e-14	1.058312e+05	4.684539e-14	1.059650e+05	3.787821e-14	1.068088e+05	3.973722e-14	1.069474e+05	4.579506e-14	1.071403e+05	4.130993e-14
9.310112e+04	2.132154e-14	9.365739e+04	2.143114e-14	9.517183e+04	2.217578e-14	1.040367e+05	3.206597e-14	1.052558e+05	3.924643e-14	1.054130e+05	3.870164e-14	1.058320e+05	4.579834e-14	1.059659e+05	3.767501e-14	1.068096e+05	3.946002e-14	1.069482e+05	4.496962e-14	1.071411e+05	4.092517e-14
9.310199e+04	2.150125e-14	9.365826e+04	2.157623e-14	9.517270e+04	2.224702e-14	1.040376e+05	3.204611e-14	1.052567e+05	3.935755e-14	1.054139e+05	3.877649e-14	1.058329e+05	4.710167e-14	1.059667e+05	3.770394e-14	1.068105e+05	3.959344e-14	1.069491e+05	4.593760e-14	1.071420e+05	4.118427e-14
9.310290e+04	2.132960e-14	9.365917e+04	2.145402e-14	9.517361e+04	2.219446e-14	1.040385e+05	3.200383e-14	1.052576e+05	3.914724e-14	1.054148e+05	3.857742e-14	1.058338e+05	4.622074e-14	1.059677e+05	3.752855e-14	1.068114e+05	3.935931e-14	1.069500e+05	4.524855e-14	1.071429e+05	4.085912e-14
9.310386e+04	2.144888e-14	9.366013e+04	2.155578e-14	9.517457e+04	2.224856e-14	1.040394e+05	3.199024e-14	1.052586e+05	3.915846e-14	1.054157e+05	3.858977e-14	1.058348e+05	4.715916e-14	1.059686e+05	3.750410e-14	1.068124e+05	3.939966e-14	1.069509e+05	4.592395e-14	1.071438e+05	4.099700e-14
9.310485e+04	2.130145e-14	9.366112e+04	2.144993e-14	9.517556e+04	2.220940e-14	1.040404e+05	3.194379e-14	1.052596e+05	3.897609e-14	1.054167e+05	3.841751e-14	1.058358e+05	4.639929e-14	1.059696e+05	3.734568e-14	1.068134e+05	3.919114e-14	1.069519e+05	4.533134e-14	1.071448e+05	4.071452e-14
9.310590e+04	2.114496e-14	9.366217e+04	2.133542e-14	9.517661e+04	2.216212e-14	1.040415e+05	3.190585e-14	1.052606e+05	3.874959e-14	1.054178e+05	3.820590e-14	1.058368e+05	4.544339e-14	1.059707e+05	3.715891e-14	1.068144e+05	3.893809e-14	1.069530e+05	4.457687e-14	1.071459e+05	4.036878e-14
9.310700e+04	2.124834e-14	9.366327e+04	2.142967e-14	9.517771e+04	2.221942e-14	1.040426e+05	3.188357e-14	1.052617e+05	3.878337e-14	1.054189e+05	3.821879e-14	1.058379e+05	4.641804e-14	1.059717e+05	3.714374e-14	1.068155e+05	3.899102e-14	1.069541e+05	4.528303e-14	1.071470e+05	4.051529e-14
9.310814e+04	2.110918e-14	9.366441e+04	2.132540e-14	9.517885e+04	2.217815e-14	1.040437e+05	3.184293e-14	1.052628e+05	3.857565e-14	1.054200e+05	3.803012e-14	1.058390e+05	4.556665e-14	1.059729e+05	3.697434e-14	1.068167e+05	3.876052e-14	1.069552e+05	4.461304e-14	1.071481e+05	4.020445e-14
9.310934e+04	2.118010e-14	9.366561e+04	2.138887e-14	9.518005e+04	2.221679e-14	1.040449e+05	3.181880e-14	1.052640e+05	3.857704e-14	1.054212e+05	3.801535e-14	1.058402e+05	4.632767e-14	1.059741e+05	3.693360e-14	1.068179e+05	3.876940e-14	1.069564e+05	4.514914e-14	1.071493e+05	4.028266e-14
9.311060e+04	2.105237e-14	9.366687e+04	2.129080e-14	9.518131e+04	2.217191e-14	1.040462e+05	3.177295e-14	1.052653e+05	3.838456e-14	1.054225e+05	3.783527e-14	1.058415e+05	4.555106e-14	1.059754e+05	3.677402e-14	1.068191e+05	3.855277e-14	1.069577e+05	4.453726e-14	1.071506e+05	3.999492e-14
9.311192e+04	2.110003e-14	9.366819e+04	2.132931e-14	9.518263e+04	2.219147e-14	1.040475e+05	3.174403e-14	1.052666e+05	3.835551e-14	1.054238e+05	3.779385e-14	1.058428e+05	4.616165e-14	1.059767e+05	3.671604e-14	1.068204e+05	3.852896e-14	1.069590e+05	4.495312e-14	1.071519e+05	4.002842e-14
9.311330e+04	2.097875e-14	9.366957e+04	2.123321e-14	9.518401e+04	2.213781e-14	1.040489e+05	3.169317e-14	1.052680e+05	3.817296e-14	1.054252e+05	3.761946e-14	1.058442e+05	4.543586e-14	1.059780e+05	3.656192e-14	1.068218e+05	3.832315e-14	1.069604e+05	4.438023e-14	1.071533e+05	3.975714e-14
9.311474e+04	2.100701e-14	9.367101e+04	2.125222e-14	9.518545e+04	2.213911e-14	1.040503e+05	3.165623e-14	1.052694e+05	3.812992e-14	1.054266e+05	3.756479e-14	1.058456e+05	4.593899e-14	1.059795e+05	3.649091e-14	1.068233e+05	3.828155e-14	1.069618e+05	4.471378e-14	1.071547e+05	3.976391e-14
9.311625e+04	2.089138e-14	9.367252e+04	2.115964e-14	9.518696e+04	2.207932e-14	1.040518e+05	3.159992e-14	1.052710e+05	3.795152e-14	1.054281e+05	3.739297e-14	1.058472e+05	4.524389e-14	1.059810e+05	3.633854e-14	1.068248e+05	3.808245e-14	1.069633e+05	4.416370e-14	1.071562e+05	3.950307e-14
9.311784e+04	2.090629e-14	9.367411e+04	2.116805e-14	9.518855e+04	2.207120e-14	1.040534e+05	3.155761e-14	1.052725e+05	3.789407e-14	1.054297e+05	3.732198e-14	1.058487e+05	4.567016e-14	1.059826e+05	3.626070e-14	1.068264e+05	3.803301e-14	1.069649e+05	4.443888e-14	1.071578e+05	3.949011e-14
9.311949e+04	2.079751e-14	9.367576e+04	2.108060e-14	9.519020e+04	2.201205e-14	1.040551e+05	3.149637e-14	1.052742e+05	3.771752e-14	1.054314e+05	3.715142e-14	1.058504e+05	4.498787e-14	1.059842e+05	3.610554e-14	1.068280e+05	3.783725e-14	1.069666e+05	4.389918e-14	1.071595e+05	3.923584e-14
9.312123e+04	2.080354e-14	9.367750e+04	2.108591e-14	9.519194e+04	2.200473e-14	1.040568e+05	3.144905e-14	1.052759e+05	3.765516e-14	1.054331e+05	3.707713e-14	1.058521e+05	4.536021e-14	1.059860e+05	3.602130e-14	1.068297e+05	3.777830e-14	1.069683e+05	4.413392e-14	1.071612e+05	3.920946e-14
9.312305e+04	2.070138e-14	9.367932e+04	2.100332e-14	9.519376e+04	2.195094e-14	1.040586e+05	3.138788e-14	1.052777e+05	3.747663e-14	1.054349e+05	3.690621e-14	1.058539e+05	4.467385e-14	1.059878e+05	3.586386e-14	1.068316e+05	3.758136e-14	1.069701e+05	4.359268e-14	1.071630e+05	3.895571e-14
9.312495e+04	2.070227e-14	9.368122e+04	2.100845e-14	9.519566e+04	2.194664e-14	1.040605e+05	3.133695e-14	1.052796e+05	3.741341e-14	1.054368e+05	3.683312e-14	1.058558e+05	4.500882e-14	1.059897e+05	3.577204e-14	1.068335e+05	3.751289e-14	1.069720e+05	4.380082e-14	1.071649e+05	3.892114e-14
9.312694e+04	2.060477e-14	9.368321e+04	2.092735e-14	9.519765e+04	2.189641e-14	1.040625e+05	3.127732e-14	1.052816e+05	3.722969e-14	1.054388e+05	3.666181e-14	1.058578e+05	4.430535e-14	1.059917e+05	3.561152e-14	1.068355e+05	3.730801e-14	1.069740e+05	4.324737e-14	1.071669e+05	3.866106e-14
9.312903e+04	2.060263e-14	9.368530e+04	2.092588e-14	9.519974e+04	2.188837e-14	1.040646e+05	3.122637e-14	1.052837e+05	3.715876e-14	1.054409e+05	3.658394e-14	1.058599e+05	4.461605e-14	1.059938e+05	3.551661e-14	1.068375e+05	3.723429e-14	1.069761e+05	4.343934e-14	1.071690e+05	3.861702e-14
9.313122e+04	2.059038e-14	9.368749e+04	2.091083e-14	9.520193e+04	2.187128e-14	1.040668e+05	3.117730e-14	1.052859e+05	3.706815e-14	1.054431e+05	3.649457e-14	1.058621e+05	4.478839e-14	1.059960e+05	3.541309e-14	1.068397e+05	3.713768e-14	1.069783e+05	4.352529e-14	1.071712e+05	3.853624e-14
9.313350e+04	2.049979e-14	9.368977e+04	2.083336e-14	9.520421e+04	2.181382e-14	1.040691e+05	3.111647e-14	1.052882e+05	3.690064e-14	1.054454e+05	3.633905e-14	1.058644e+05	4.418146e-14	1.059983e+05	3.526153e-14	1.068420e+05	3.694509e-14	1.069806e+05	4.304870e-14	1.071735e+05	3.829517e-14
9.313590e+04	2.048236e-14	9.369217e+04	2.081384e-14	9.520661e+04	2.178687e-14	1.040715e+05	3.106345e-14	1.052906e+05	3.681447e-14	1.054478e+05	3.624911e-14	1.058668e+05	4.435404e-14	1.060006e+05	3.515756e-14	1.068444e+05	3.684633e-14	1.069830e+05	4.313526e-14	1.071759e+05	3.821227e-14
9.313841e+04	2.045646e-14	9.369468e+04	2.078803e-14	9.520912e+04	2.175344e-14	1.040740e+05	3.100871e-14	1.052931e+05	3.671410e-14	1.054503e+05	3.614649e-14	1.058693e+05	4.443702e-14	1.060032e+05	3.504547e-14	1.068469e+05	3.673151e-14	1.069855e+05	4.315439e-14	1.071784e+05	3.810715e-14
9.314104e+04	2.037335e-14	9.369731e+04	2.071577e-14	9.521175e+04	2.169517e-14	1.040766e+05	3.094300e-14	1.052957e+05	3.655390e-14	1.054529e+05	3.599538e-14	1.058719e+05	4.388353e-14	1.060058e+05	3.490047e-14	1.068496e+05	3.654661e-14	1.069881e+05	4.271737e-14	1.071810e+05	3.788007e-14
9.314379e+04	2.034890e-14	9.370006e+04	2.069250e-14	9.521450e+04	2.166551e-14	1.040794e+05	3.088317e-14	1.052985e+05	3.646052e-14	1.054557e+05	3.589699e-14	1.058747e+05	4.397812e-14	1.060085e+05	3.479176e-14	1.068523e+05	3.643613e-14	1.069909e+05	4.274435e-14	1.071838e+05	3.778008e-14
9.314667e+04	2.032025e-14	9.370294e+04	2.066651e-14	9.521738e+04	2.163756e-14	1.040822e+05	3.082185e-14	1.053014e+05	3.636040e-14	1.054585e+05	3.579061e-14	1.058776e+05	4.400957e-14	1.060114e+05	3.467741e-14	1.068552e+05	3.631738e-14	1.069937e+05	4.272243e-14	1.071867e+05	3.766806e-14
9.314969e+04	2.024292e-14	9.370596e+04	2.059977e-14	9.522040e+04	2.158730e-14	1.040853e+05	3.075042e-14	1.053044e+05	3.620765e-14	1.054616e+05	3.564244e-14	1.058806e+05	4.347458e-14	1.060144e+05	3.453194e-14	1.068582e+05	3.613252e-14	1.069968e+05	4.229933e-14	1.071897e+05	3.744879e-14
9.315284e+04	2.021445e-14	9.370911e+04	2.057141e-14	9.522355e+04	2.155884e-14	1.040884e+05	3.068504e-14	1.053075e+05	3.610805e-14	1.054647e+05	3.554173e-14	1.058837e+05	4.351983e-14	1.060176e+05	3.441819e-14	1.068614e+05	3.601271e-14	1.069999e+05	4.228797e-14	1.071928e+05	3.734026e-14
9.315615e+04	2.018157e-14	9.371242e+04	2.053818e-14	9.522686e+04	2.152425e-14	1.040917e+05	3.061766e-14	1.053109e+05	3.600551e-14	1.054680e+05	3.543986e-14	1.058871e+05	4.351591e-14	1.060209e+05	3.429995e-14	1.068647e+05	3.588412e-14	1.070032e+05	4.224099e-14	1.071961e+05	3.721996e-14
9.315962e+04	2.014420e-14	9.371589e+04	2.050213e-14	9.523033e+04	2.148431e-14	1.040952e+05	3.054986e-14	1.053143e+05	3.589986e-14	1.054715e+05	3.533365e-14	1.058905e+05	4.347609e-14	1.060244e+05	3.418003e-14	1.068681e+05	3.574976e-14	1.070067e+05	4.216788e-14	1.071996e+05	3.709253e-14
9.316324e+04	2.007180e-14	9.371951e+04	2.043618e-14	9.523395e+04	2.142758e-14	1.040988e+05	3.047309e-14	1.053179e+05	3.575426e-14	1.054751e+05	3.519786e-14	1.058941e+05	4.298289e-14	1.060280e+05	3.403613e-14	1.068718e+05	3.556872e-14	1.070103e+05	4.177566e-14	1.072032e+05	3.688162e-14
9.316704e+04	2.003667e-14	9.372331e+04	2.040059e-14	9.523775e+04	2.138633e-14	1.041026e+05	3.040146e-14	1.053217e+05	3.565305e-14	1.054789e+05	3.509655e-14	1.058979e+05	4.295701e-14	1.060318e+05	3.391606e-14	1.068756e+05	3.543690e-14	1.070141e+05	4.171351e-14	1.072070e+05	3.675734e-14
9.317102e+04	2.000000e-14	9.372729e+04	2.036398e-14	9.524173e+04	2.134552e-14	1.041066e+05	3.032847e-14	1.053257e+05	3.554954e-14	1.054829e+05	3.498997e-14	1.059019e+05	4.290278e-14	1.060358e+05	3.379394e-14	1.068795e+05	3.530398e-14	1.070181e+05	4.162957e-14	1.072110e+05	3.662696e-14
9.317518e+04	1.996288e-14	9.373145e+04	2.032534e-14	9.524589e+04	2.130456e-14	1.041108e+05	3.025417e-14	1.053299e+05	3.544418e-14	1.054871e+05	3.488173e-14	1.059061e+05	4.282783e-14	1.060399e+05	3.366846e-14	1.068837e+05	3.516715e-14	1.070223e+05	4.152926e-14	1.072152e+05	3.649144e-14
9.317954e+04	1.992348e-14	9.373581e+04	2.028603e-14	9.525025e+04	2.126068e-14	1.041151e+05	3.017920e-14	1.053342e+05	3.533769e-14	1.054914e+05	3.476967e-14	1.059104e+05	4.273488e-14	1.060443e+05	3.354093e-14	1.068881e+05	3.502722e-14	1.070266e+05	4.141603e-14	1.072195e+05	3.635203e-14
9.318411e+04	1.988343e-14	9.374038e+04	2.024514e-14	9.525482e+04	2.121429e-14	1.041197e+05	3.010393e-14	1.053388e+05	3.522889e-14	1.054960e+05	3.465563e-14	1.059150e+05	4.262834e-14	1.060489e+05	3.341185e-14	1.068926e+05	3.488588e-14	1.070312e+05	4.129349e-14	1.072241e+05	3.620917e-14
9.318889e+04	1.982049e-14	9.374516e+04	2.018510e-14	9.525960e+04	2.115809e-14	1.041245e+05	3.002384e-14	1.053436e+05	3.509241e-14	1.055008e+05	3.451630e-14	1.059198e+05	4.219169e-14	1.060536e+05	3.326745e-14	1.068974e+05	3.471286e-14	1.070360e+05	4.094191e-14	1.072289e+05	3.600762e-14
9.319389e+04	1.978237e-14	9.375016e+04	2.014637e-14	9.526460e+04	2.111199e-14	1.041295e+05	2.994600e-14	1.053486e+05	3.498260e-14	1.055058e+05	3.440052e-14	1.059248e+05	4.209211e-14	1.060586e+05	3.313818e-14	1.069024e+05	3.457433e-14	1.070410e+05	4.082634e-14	1.072339e+05	3.586524e-14
9.319914e+04	1.974307e-14	9.375541e+04	2.010669e-14	9.526985e+04	2.106612e-14	1.041347e+05	2.986726e-14	1.053538e+05	3.486928e-14	1.055110e+05	3.428030e-14	1.059300e+05	4.197909e-14	1.060639e+05	3.300792e-14	1.069077e+05	3.443558e-14	1.070462e+05	4.070221e-14	1.072391e+05	3.572200e-14
9.320463e+04	1.970274e-14	9.376090e+04	2.006570e-14	9.527534e+04	2.101924e-14	1.041402e+05	2.978836e-14	1.053593e+05	3.475222e-14	1.055165e+05	3.415572e-14	1.059355e+05	4.185503e-14	1.060694e+05	3.287660e-14	1.069131e+05	3.429713e-14	1.070517e+05	4.057108e-14	1.072446e+05	3.557684e-14
9.321037e+04	1.966173e-14	9.376664e+04	2.002384e-14	9.528108e+04	2.097086e-14	1.041460e+05	2.970949e-14	1.053651e+05	3.463100e-14	1.055222e+05	3.402707e-14	1.059413e+05	4.172258e-14	1.060751e+05	3.274468e-14	1.069189e+05	3.415767e-14	1.070574e+05	4.043456e-14	1.072504e+05	3.542960e-14
9.321639e+04	1.962067e-14	9.377266e+04	1.998151e-14	9.528710e+04	2.092266e-14	1.041520e+05	2.962944e-14	1.053711e+05	3.450516e-14	1.055283e+05	3.389493e-14	1.059473e+05	4.158326e-14	1.060811e+05	3.261155e-14	1.069249e+05	3.401700e-14	1.070635e+05	4.029414e-14	1.072564e+05	3.527978e-14
9.322270e+04	1.957934e-14	9.377897e+04	1.993878e-14	9.529341e+04	2.087428e-14	1.041583e+05	2.954790e-14	1.053774e+05	3.437517e-14	1.055346e+05	3.376037e-14	1.059536e+05	4.143633e-14	1.060874e+05	3.247717e-14	1.069312e+05	3.387548e-14	1.070698e+05	4.015031e-14	1.072627e+05	3.512787e-14
9.322929e+04	1.953655e-14	9.378556e+04	1.989497e-14	9.530000e+04	2.082477e-14	1.041649e+05	2.946472e-14	1.053840e+05	3.424184e-14	1.055412e+05	3.362514e-14	1.059602e+05	4.128241e-14	1.060940e+05	3.234230e-14	1.069378e+05	3.373260e-14	1.070764e+05	4.000303e-14	1.072693e+05	3.497449e-14
9.323621e+04	1.949250e-14	9.379248e+04	1.984950e-14	9.530692e+04	2.077332e-14	1.041718e+05	2.938034e-14	1.053909e+05	3.410649e-14	1.055481e+05	3.349132e-14	1.059671e+05	4.112217e-14	1.061010e+05	3.220755e-14	1.069447e+05	3.358731e-14	1.070833e+05	3.985152e-14	1.072762e+05	3.481990e-14
9.324344e+04	1.945932e-14	9.379971e+04	1.981352e-14	9.531415e+04	2.072566e-14	1.041790e+05	2.929692e-14	1.053981e+05	3.398710e-14	1.055553e+05	3.337226e-14	1.059743e+05	4.114852e-14	1.061082e+05	3.208072e-14	1.069520e+05	3.345838e-14	1.070905e+05	3.982795e-14	1.072834e+05	3.469623e-14
9.325102e+04	1.941318e-14	9.380729e+04	1.976705e-14	9.532173e+04	2.067311e-14	1.041866e+05	2.921161e-14	1.054057e+05	3.385308e-14	1.055629e+05	3.324385e-14	1.059819e+05	4.097545e-14	1.061158e+05	3.194606e-14	1.069595e+05	3.330881e-14	1.070981e+05	3.966590e-14	1.072910e+05	3.453969e-14
9.325895e+04	1.936608e-14	9.381522e+04	1.971974e-14	9.532966e+04	2.062124e-14	1.041945e+05	2.912630e-14	1.054137e+05	3.372176e-14	1.055708e+05	3.311609e-14	1.059899e+05	4.079799e-14	1.061237e+05	3.181063e-14	1.069675e+05	3.315896e-14	1.071060e+05	3.949992e-14	1.072989e+05	3.438230e-14
9.326726e+04	1.931733e-14	9.382353e+04	1.967093e-14	9.533797e+04	2.056802e-14	1.042028e+05	2.904034e-14	1.054220e+05	3.359274e-14	1.055791e+05	3.286319e-14	1.059982e+05	4.061562e-14	1.061320e+05	3.167370e-14	1.069758e+05	3.300896e-14	1.071143e+05	3.933009e-14	1.073073e+05	3.422368e-14
9.327596e+04	1.926728e-14	9.383223e+04	1.962084e-14	9.534667e+04	2.051324e-14	1.042115e+05	2.895391e-14	1.054307e+05	3.346451e-14	1.055878e+05	3.263079e-14	1.060069e+05	4.042880e-14	1.061407e+05	3.153568e-14	1.069845e+05	3.285937e-14	1.071230e+05	3.915711e-14	1.073160e+05	3.406298e-14
9.328507e+04	1.922539e-14	9.384134e+04	1.957717e-14	9.535578e+04	2.046239e-14	1.042207e+05	2.886807e-14	1.054398e+05	3.334604e-14	1.055969e+05	3.305829e-14	1.060160e+05	4.037582e-14	1.061498e+05	3.140342e-14	1.069936e+05	3.272187e-14	1.071321e+05	3.907604e-14	1.073251e+05	3.392362e-14
9.329461e+04	1.917377e-14	9.385088e+04	1.952504e-14	9.536532e+04	2.040712e-14	1.042302e+05	2.877857e-14	1.054493e+05	3.321640e-14	1.056065e+05	3.214868e-14	1.060255e+05	4.018657e-14	1.061594e+05	3.126462e-14	1.070031e+05	3.257374e-14	1.071417e+05	3.890406e-14	1.073346e+05	3.376299e-14
9.330460e+04	1.912142e-14	9.386087e+04	1.947155e-14	9.537531e+04	2.035043e-14	1.042402e+05	2.868806e-14	1.054593e+05	3.308356e-14	1.056165e+05	3.273897e-14	1.060355e+05	3.999384e-14	1.061694e+05	3.112623e-14	1.070131e+05	3.242498e-14	1.071517e+05	3.873012e-14	1.073446e+05	3.360173e-14
9.331506e+04	1.906871e-14	9.387133e+04	1.941819e-14	9.538577e+04	2.029360e-14	1.042506e+05	2.859871e-14	1.054698e+05	3.294476e-14	1.056269e+05	3.264240e-14	1.060460e+05	3.979691e-14	1.061798e+05	3.098806e-14	1.070236e+05	3.227471e-14	1.071621e+05	3.854845e-14	1.073551e+05	3.343993e-14
9.332601e+04	1.902351e-14	9.388228e+04	1.937107e-14	9.539672e+04	2.023876e-14	1.042616e+05	2.851021e-14	1.054807e+05	3.268489e-14	1.056379e+05	3.168538e-14	1.060569e+05	3.971212e-14	1.061908e+05	3.085489e-14	1.070345e+05	3.213318e-14	1.071731e+05	3.845337e-14	1.073660e+05	3.329665e-14
9.333748e+04	1.897194e-14	9.389375e+04	1.931757e-14	9.540819e+04	2.018055e-14	1.042731e+05	2.841829e-14	1.054922e+05	3.297184e-14	1.056494e+05	3.157769e-14	1.060684e+05	3.951520e-14	1.062022e+05	3.071714e-14	1.070460e+05	3.198163e-14	1.071846e+05	3.823328e-14	1.073775e+05	3.313515e-14
9.334949e+04	1.892616e-14	9.390576e+04	1.926871e-14	9.542020e+04	2.012374e-14	1.042851e+05	2.832823e-14	1.055042e+05	3.237463e-14	1.056614e+05	3.239037e-14	1.060804e+05	3.941157e-14	1.062142e+05	3.058301e-14	1.070580e+05	3.183727e-14	1.071966e+05	3.820416e-14	1.073895e+05	3.298734e-14
9.336207e+04	1.887506e-14	9.391834e+04	1.921607e-14	9.543278e+04	2.006446e-14	1.042976e+05	2.823483e-14	1.055168e+05	3.274187e-14	1.056739e+05	3.267602e-14	1.060930e+05	3.921524e-14	1.062268e+05	3.044231e-14	1.070706e+05	3.168377e-14	1.072091e+05	3.798200e-14	1.074021e+05	3.282595e-14
9.337523e+04	1.882740e-14	9.393150e+04	1.916594e-14	9.544594e+04	2.000726e-14	1.043108e+05	2.814316e-14	1.055299e+05	3.202406e-14	1.056871e+05	3.186489e-14	1.061061e+05	3.909822e-14	1.062400e+05	3.030549e-14	1.070838e+05	3.153956e-14	1.072223e+05	3.771502e-14	1.074152e+05	3.267523e-14
9.338902e+04	1.877546e-14	9.394529e+04	1.911251e-14	9.545973e+04	1.994690e-14	1.043246e+05	2.804840e-14	1.055437e+05	3.185588e-14	1.057009e+05	3.071370e-14	1.061199e+05	3.890188e-14	1.062538e+05	3.016476e-14	1.070975e+05	3.138679e-14	1.072361e+05	3.762913e-14	1.074290e+05	3.251233e-14
9.340346e+04	1.872592e-14	9.395973e+04	1.906103e-14	9.547417e+04	1.988929e-14	1.043390e+05	2.795540e-14	1.055582e+05	3.245021e-14	1.057153e+05	3.023400e-14	1.061344e+05	3.877406e-14	1.062682e+05	3.002747e-14	1.071120e+05	3.124178e-14	1.072505e+05	3.769541e-14	1.074435e+05	3.235864e-14
9.341858e+04	1.867211e-14	9.397485e+04	1.900582e-14	9.548929e+04	1.982784e-14	1.043542e+05	2.785994e-14	1.055733e+05	3.225595e-14	1.057305e+05	3.069603e-14	1.061495e+05	3.857427e-14	1.062833e+05	2.988796e-14	1.071271e+05	3.108706e-14	1.072657e+05	3.749356e-14	1.074586e+05	3.219461e-14
9.343441e+04	1.862046e-14	9.399068e+04	1.895222e-14	9.550512e+04	1.976849e-14	1.043700e+05	2.776195e-14	1.055891e+05	3.121948e-14	1.057463e+05	3.162220e-14	1.061653e+05	3.843859e-14	1.062992e+05	2.974957e-14	1.071429e+05	3.093777e-14	1.072815e+05	3.711231e-14	1.074744e+05	3.203967e-14
9.345099e+04	1.856789e-14	9.400726e+04	1.889739e-14	9.552170e+04	1.970828e-14	1.043866e+05	2.767520e-14	1.056057e+05	3.084241e-14	1.057629e+05	3.227207e-14	1.061819e+05	3.829597e-14	1.063157e+05	2.961040e-14	1.071595e+05	3.078879e-14	1.072981e+05	3.677040e-14	1.074910e+05	3.188373e-14
9.346835e+04	1.851303e-14	9.402462e+04	1.884084e-14	9.553906e+04	1.964544e-14	1.044039e+05	2.756663e-14	1.056230e+05	3.159468e-14	1.057802e+05	3.218587e-14	1.061992e+05	3.809462e-14	1.063331e+05	2.947067e-14	1.071769e+05	3.063432e-14	1.073154e+05	3.663616e-14	1.075083e+05	3.172004e-14
9.348653e+04	1.846070e-14	9.404280e+04	1.878600e-14	9.555724e+04	1.958362e-14	1.044221e+05	2.746698e-14	1.056412e+05	3.232906e-14	1.057984e+05	3.137820e-14	1.062174e+05	3.794898e-14	1.063513e+05	2.933183e-14	1.071950e+05	3.048450e-14	1.073336e+05	3.674990e-14	1.075265e+05	3.156369e-14
9.350556e+04	1.840788e-14	9.406183e+04	1.873100e-14	9.557627e+04	1.952216e-14	1.044411e+05	2.740716e-14	1.056603e+05	3.200101e-14	1.058174e+05	3.021314e-14	1.062365e+05	3.779823e-14	1.063703e+05	2.919244e-14	1.072141e+05	3.033329e-14	1.073526e+05	3.687938e-14	1.075455e+05	3.140613e-14
9.352549e+04	1.835451e-14	9.408176e+04	1.867541e-14	9.559620e+04	1.945991e-14	1.044611e+05	2.728278e-14	1.056802e+05	3.080899e-14	1.058374e+05	2.916147e-14	1.062564e+05	3.764390e-14	1.063902e+05	2.905245e-14	1.072340e+05	3.018109e-14	1.073726e+05	3.683961e-14	1.075655e+05	3.124767e-14
9.354636e+04	1.829868e-14	9.410263e+04	1.861726e-14	9.561707e+04	1.939557e-14	1.044819e+05	2.713245e-14	1.057011e+05	2.972990e-14	1.058582e+05	2.857432e-14	1.062773e+05	3.744356e-14	1.064111e+05	2.891084e-14	1.072549e+05	3.002626e-14	1.073934e+05	3.653604e-14	1.075863e+05	3.108116e-14
9.356821e+04	1.824371e-14	9.412448e+04	1.856031e-14	9.563892e+04	1.933207e-14	1.045038e+05	2.706510e-14	1.057229e+05	2.952417e-14	1.058801e+05	2.858824e-14	1.062991e+05	3.728713e-14	1.064330e+05	2.876938e-14	1.072767e+05	2.987416e-14	1.074153e+05	3.609143e-14	1.076082e+05	3.092164e-14
9.359110e+04	1.818818e-14	9.414737e+04	1.850245e-14	9.566181e+04	1.926796e-14	1.045267e+05	2.704480e-14	1.057458e+05	3.019811e-14	1.059030e+05	2.911138e-14	1.063220e+05	3.712734e-14	1.064558e+05	2.863256e-14	1.072996e+05	2.972109e-14	1.074382e+05	3.561114e-14	1.076311e+05	3.076208e-14
9.361506e+04	1.813222e-14	9.417133e+04	1.844413e-14	9.568577e+04	1.920366e-14	1.045506e+05	2.695872e-14	1.057698e+05	3.118385e-14	1.059269e+05	2.991325e-14	1.063460e+05	3.696501e-14	1.064798e+05	2.848951e-14	1.073236e+05	2.956741e-14	1.074621e+05	3.523140e-14	1.076550e+05	3.060206e-14
9.364015e+04	1.807585e-14	9.419642e+04	1.838598e-14	9.571086e+04	1.913890e-14	1.045757e+05	2.677961e-14	1.057949e+05	3.181454e-14	1.059520e+05	3.071732e-14	1.063711e+05	3.680108e-14	1.065049e+05	2.834127e-14	1.073487e+05	2.941277e-14	1.074872e+05	3.503543e-14	1.076801e+05	3.044144e-14
9.366642e+04	1.802168e-14	9.422269e+04	1.832905e-14	9.573713e+04	1.907331e-14	1.046020e+05	2.658520e-14	1.058211e+05	3.171139e-14	1.059783e+05	3.128747e-14	1.063973e+05	3.666649e-14	1.065312e+05	2.821707e-14	1.073749e+05	2.926079e-14	1.075135e+05	3.505060e-14	1.077064e+05	3.028455e-14
9.369394e+04	1.796472e-14	9.425021e+04	1.826963e-14	9.576465e+04	1.900801e-14	1.046295e+05	2.646391e-14	1.058486e+05	3.090214e-14	1.060058e+05	3.147023e-14	1.064248e+05	3.649897e-14	1.065587e+05	2.808172e-14	1.074025e+05	2.910575e-14	1.075410e+05	3.517835e-14	1.077339e+05	3.012152e-14
9.372274e+04	1.790672e-14	9.427901e+04	1.820895e-14	9.579345e+04	1.894206e-14	1.046583e+05	2.643925e-14	1.058774e+05	2.971890e-14	1.060346e+05	3.122226e-14	1.064536e+05	3.633011e-14	1.065875e+05	2.791187e-14	1.074313e+05	2.894972e-14	1.075698e+05	3.535340e-14	1.077627e+05	2.995907e-14
9.375291e+04	1.784835e-14	9.430918e+04	1.814898e-14	9.582362e+04	1.887563e-14	1.046885e+05	2.646013e-14	1.059076e+05	2.859562e-14	1.060648e+05	3.059524e-14	1.064838e+05	3.616019e-14	1.066177e+05	2.775614e-14	1.074614e+05	2.879315e-14	1.076000e+05	3.548116e-14	1.077929e+05	2.979649e-14
9.378450e+04	1.779049e-14	9.434077e+04	1.808877e-14	9.585521e+04	1.880769e-14	1.047201e+05	2.644552e-14	1.059392e+05	2.788268e-14	1.060964e+05	2.970191e-14	1.065154e+05	3.598875e-14	1.066492e+05	2.764875e-14	1.074930e+05	2.863749e-14	1.076316e+05	3.548858e-14	1.078245e+05	2.963185e-14
9.381757e+04	1.773234e-14	9.437384e+04	1.802821e-14	9.588828e+04	1.874146e-14	1.047532e+05	2.634387e-14	1.059723e+05	2.774024e-14	1.061294e+05	2.868865e-14	1.065485e+05	3.584059e-14	1.066823e+05	2.754729e-14	1.075261e+05	2.848212e-14	1.076646e+05	3.535389e-14	1.078576e+05	2.947217e-14
9.385221e+04	1.767340e-14	9.440848e+04	1.796686e-14	9.592292e+04	1.867307e-14	1.047878e+05	2.614920e-14	1.060069e+05	2.812974e-14	1.061641e+05	2.770102e-14	1.065831e+05	3.566755e-14	1.067170e+05	2.740185e-14	1.075607e+05	2.832592e-14	1.076993e+05	3.504581e-14	1.078922e+05	2.930752e-14
9.388848e+04	1.761436e-14	9.444475e+04	1.790532e-14	9.595919e+04	1.860517e-14	1.048241e+05	2.590360e-14	1.060432e+05	2.886998e-14	1.062003e+05	2.686589e-14	1.066194e+05	3.551422e-14	1.067532e+05	2.720930e-14	1.075970e+05	2.817019e-14	1.077355e+05	3.462083e-14	1.079285e+05	2.914609e-14
9.392646e+04	1.755395e-14	9.448273e+04	1.784224e-14	9.599717e+04	1.853715e-14	1.048620e+05	2.566875e-14	1.060812e+05	2.970766e-14	1.062383e+05	2.627070e-14	1.066574e+05	3.533946e-14	1.067912e+05	2.701449e-14	1.076350e+05	2.801115e-14	1.077735e+05	3.410456e-14	1.079664e+05	2.898186e-14
9.396622e+04	1.749459e-14	9.452249e+04	1.778020e-14	9.603693e+04	1.846812e-14	1.049018e+05	2.549467e-14	1.061209e+05	3.040489e-14	1.062781e+05	2.595861e-14	1.066971e+05	3.518284e-14	1.068310e+05	2.686683e-14	1.076747e+05	2.785498e-14	1.078133e+05	3.358197e-14	1.080062e+05	2.881944e-14
9.400786e+04	1.743442e-14	9.456413e+04	1.771781e-14	9.607857e+04	1.839899e-14	1.049434e+05	2.540955e-14	1.061626e+05	3.078331e-14	1.063197e+05	2.593415e-14	1.067388e+05	3.502395e-14	1.068726e+05	2.677413e-14	1.077164e+05	2.769789e-14	1.078549e+05	3.309674e-14	1.080479e+05	2.865578e-14
9.405147e+04	1.737294e-14	9.460774e+04	1.765428e-14	9.612218e+04	1.832942e-14	1.049870e+05	2.540789e-14	1.062062e+05	3.075447e-14	1.063633e+05	2.616571e-14	1.067824e+05	3.484889e-14	1.069162e+05	2.670788e-14	1.077600e+05	2.753989e-14	1.078985e+05	3.268778e-14	1.080915e+05	2.849039e-14
9.409713e+04	1.731179e-14	9.465340e+04	1.759080e-14	9.616784e+04	1.825956e-14	1.050327e+05	2.546090e-14	1.062518e+05	3.032514e-14	1.064090e+05	2.660121e-14	1.068280e+05	3.468779e-14	1.069619e+05	2.662350e-14	1.078056e+05	2.738280e-14	1.079442e+05	3.240340e-14	1.081371e+05	2.832708e-14
9.414494e+04	1.725031e-14	9.470121e+04	1.752699e-14	9.621565e+04	1.818935e-14	1.050805e+05	2.552540e-14	1.062996e+05	2.957054e-14	1.064568e+05	2.716958e-14	1.068758e+05	3.452531e-14	1.070097e+05	2.648733e-14	1.078535e+05	2.722335e-14	1.079920e+05	3.224769e-14	1.081849e+05	2.816396e-14
9.419500e+04	1.718861e-14	9.475127e+04	1.746268e-14	9.626571e+04	1.811918e-14	1.051306e+05	2.555769e-14	1.063497e+05	2.861312e-14	1.065069e+05	2.779622e-14	1.069259e+05	3.436210e-14	1.070597e+05	2.629240e-14	1.079035e+05	2.706610e-14	1.080421e+05	3.221830e-14	1.082350e+05	2.800016e-14
9.424742e+04	1.712612e-14	9.480369e+04	1.739716e-14	9.631813e+04	1.804863e-14	1.051830e+05	2.552306e-14	1.064021e+05	2.759063e-14	1.065593e+05	2.841008e-14	1.069783e+05	3.419766e-14	1.071122e+05	2.606182e-14	1.079559e+05	2.690799e-14	1.080945e+05	3.229916e-14	1.082874e+05	2.783586e-14
9.430232e+04	1.706305e-14	9.485859e+04	1.733239e-14	9.637303e+04	1.797757e-14	1.052379e+05	2.540753e-14	1.064570e+05	2.664067e-14	1.066142e+05	2.894950e-14	1.070332e+05	3.403192e-14	1.071671e+05	2.583023e-14	1.080108e+05	2.674548e-14	1.081494e+05	3.246255e-14	1.083423e+05	2.767069e-14
9.435980e+04	1.700053e-14	9.491607e+04	1.726743e-14	9.643051e+04	1.790502e-14	1.052954e+05	2.521080e-14	1.065145e+05	2.586703e-14	1.066717e+05	2.936474e-14	1.070907e+05	3.386564e-14	1.072245e+05	2.563141e-14	1.080683e+05	2.658532e-14	1.082069e+05	3.267578e-14	1.083998e+05	2.750401e-14
9.441999e+04	1.693744e-14	9.497626e+04	1.720118e-14	9.649070e+04	1.783320e-14	1.053556e+05	2.494757e-14	1.065747e+05	2.533901e-14	1.067319e+05	2.962242e-14	1.071509e+05	3.369940e-14	1.072847e+05	2.548616e-14	1.081285e+05	2.643115e-14	1.082671e+05	3.290629e-14	1.084600e+05	2.733799e-14
9.448301e+04	1.687339e-14	9.503928e+04	1.713531e-14	9.655372e+04	1.776173e-14	1.054186e+05	2.464884e-14	1.066377e+05	2.509188e-14	1.067949e+05	2.970252e-14	1.072139e+05	3.353247e-14	1.073478e+05	2.540021e-14	1.081915e+05	2.627629e-14	1.083301e+05	3.312021e-14	1.085230e+05	2.716990e-14
9.454901e+04	1.680945e-14	9.510528e+04	1.706850e-14	9.661972e+04	1.768900e-14	1.054846e+05	2.434159e-14	1.067037e+05	2.511947e-14	1.068609e+05	2.960194e-14	1.072799e+05	3.337366e-14	1.074138e+05	2.535709e-14	1.082575e+05	2.610909e-14	1.083961e+05	3.329604e-14	1.085890e+05	2.700620e-14
9.461812e+04	1.674578e-14	9.517439e+04	1.700273e-14	9.668883e+04	1.761529e-14	1.055537e+05	2.405712e-14	1.067728e+05	2.538701e-14	1.069300e+05	2.932686e-14	1.073490e+05	3.320510e-14	1.074829e+05	2.533178e-14	1.083266e+05	2.593978e-14	1.084652e+05	3.340106e-14	1.086581e+05	2.684178e-14
9.469048e+04	1.668089e-14	9.524675e+04	1.693551e-14	9.676119e+04	1.754203e-14	1.056261e+05	2.382204e-14	1.068452e+05	2.584178e-14	1.070023e+05	2.889586e-14	1.074214e+05	3.304365e-14	1.075552e+05	2.529563e-14	1.083990e+05	2.578096e-14	1.085375e+05	3.342917e-14	1.087305e+05	2.667795e-14
9.476625e+04	1.661534e-14	9.532252e+04	1.686760e-14	9.683696e+04	1.746922e-14	1.057018e+05	2.365283e-14	1.069210e+05	2.641462e-14	1.070781e+05	2.833183e-14	1.074972e+05	3.287623e-14	1.076310e+05	2.522345e-14	1.084748e+05	2.563517e-14	1.086133e+05	3.336371e-14	1.088062e+05	2.651004e-14
9.484560e+04	1.654994e-14	9.540187e+04	1.679988e-14	9.691631e+04	1.739488e-14	1.057812e+05	2.355643e-14	1.070003e+05	2.703583e-14	1.071575e+05	2.766802e-14	1.075765e+05	3.271333e-14	1.077103e+05	2.510029e-14	1.085541e+05	2.548944e-14	1.086927e+05	3.321268e-14	1.088856e+05	2.633959e-14
9.492868e+04	1.648465e-14	9.548495e+04	1.673195e-14	9.699939e+04	1.731968e-14	1.058643e+05	2.353196e-14	1.070834e+05	2.763773e-14	1.072406e+05	2.693469e-14	1.076596e+05	3.254990e-14	1.077934e+05	2.492051e-14	1.086372e+05	2.532974e-14	1.087758e+05	3.297488e-14	1.089687e+05	2.616962e-14
9.501568e+04	1.641863e-14	9.557195e+04	1.666312e-14	9.708639e+04	1.724546e-14	1.059513e+05	2.356953e-14	1.071704e+05	2.816184e-14	1.073276e+05	2.616275e-14	1.077466e+05	3.238138e-14	1.078804e+05	2.469031e-14	1.087242e+05	2.515505e-14	1.088628e+05	3.265810e-14	1.090557e+05	2.600199e-14
9.510678e+04	1.635228e-14	9.566305e+04	1.659440e-14	9.717749e+04	1.716935e-14	1.060424e+05	2.365441e-14	1.072615e+05	2.856198e-14	1.074187e+05	2.538435e-14	1.078377e+05	3.221630e-14	1.079715e+05	2.442490e-14	1.088153e+05	2.497308e-14	1.089539e+05	3.228012e-14	1.091468e+05	2.584190e-14
9.520218e+04	1.628470e-14	9.575845e+04	1.652387e-14	9.727289e+04	1.709411e-14	1.061378e+05	2.376639e-14	1.073569e+05	2.880715e-14	1.075140e+05	2.462429e-14	1.079331e+05	3.205472e-14	1.080669e+05	2.414212e-14	1.089107e+05	2.480083e-14	1.090492e+05	3.185593e-14	1.092422e+05	2.568456e-14
9.530207e+04	1.621771e-14	9.585834e+04	1.645502e-14	9.737278e+04	1.701828e-14	1.062376e+05	2.388618e-14	1.074568e+05	2.887799e-14	1.076139e+05	2.391372e-14	1.080330e+05	3.188754e-14	1.081668e+05	2.386756e-14	1.090106e+05	2.464555e-14	1.091491e+05	3.139714e-14	1.093421e+05	2.552685e-14
9.540667e+04	1.614996e-14	9.596294e+04	1.638402e-14	9.747738e+04	1.694168e-14	1.063422e+05	2.399262e-14	1.075614e+05	2.877101e-14	1.077185e+05	2.326495e-14	1.081376e+05	3.172638e-14	1.082714e+05	2.361722e-14	1.091152e+05	2.450942e-14	1.092537e+05	3.092596e-14	1.094467e+05	2.536530e-14
9.551619e+04	1.608191e-14	9.607246e+04	1.631361e-14	9.758690e+04	1.686465e-14	1.064518e+05	2.407023e-14	1.076709e+05	2.849340e-14	1.078281e+05	2.270092e-14	1.082471e+05	3.156467e-14	1.083809e+05	2.340663e-14	1.092247e+05	2.438163e-14	1.093633e+05	3.045416e-14	1.095562e+05	2.519638e-14
9.563088e+04	1.601454e-14	9.618715e+04	1.624359e-14	9.770159e+04	1.678765e-14	1.065665e+05	2.410204e-14	1.077856e+05	2.806126e-14	1.079428e+05	2.222487e-14	1.083618e+05	3.139765e-14	1.084956e+05	2.324850e-14	1.093394e+05	2.424419e-14	1.094780e+05	2.999418e-14	1.096709e+05	2.502051e-14
9.575097e+04	1.594570e-14	9.630724e+04	1.617226e-14	9.782168e+04	1.670941e-14	1.066866e+05	2.408007e-14	1.079057e+05	2.749833e-14	1.080628e+05	2.184975e-14	1.084819e+05	3.123029e-14	1.086157e+05	2.314072e-14	1.094595e+05	2.408860e-14	1.095980e+05	2.956311e-14	1.097910e+05	2.484056e-14
9.587673e+04	1.587620e-14	9.643300e+04	1.609991e-14	9.794744e+04	1.663148e-14	1.068123e+05	2.399806e-14	1.080314e+05	2.683227e-14	1.081886e+05	2.157537e-14	1.086076e+05	3.106854e-14	1.087415e+05	2.308171e-14	1.095852e+05	2.391079e-14	1.097238e+05	2.916804e-14	1.099167e+05	2.466038e-14
9.600841e+04	1.580731e-14	9.656468e+04	1.602848e-14	9.807912e+04	1.655358e-14	1.069440e+05	2.385469e-14	1.081631e+05	2.609816e-14	1.083203e+05	2.140125e-14	1.087393e+05	3.091025e-14	1.088732e+05	2.306522e-14	1.097169e+05	2.371530e-14	1.098555e+05	2.881541e-14	1.100484e+05	2.448771e-14
9.614630e+04	1.573679e-14	9.670257e+04	1.595599e-14	9.821701e+04	1.647589e-14	1.070819e+05	2.365319e-14	1.083010e+05	2.532251e-14	1.084582e+05	2.132518e-14	1.088772e+05	3.074905e-14	1.090110e+05	2.307537e-14	1.098548e+05	2.351501e-14	1.099934e+05	2.851448e-14	1.101863e+05	2.432371e-14
9.629068e+04	1.566724e-14	9.684695e+04	1.588418e-14	9.836139e+04	1.639661e-14	1.072263e+05	2.339680e-14	1.084454e+05	2.453755e-14	1.086026e+05	2.133788e-14	1.090216e+05	3.057640e-14	1.091554e+05	2.310158e-14	1.099992e+05	2.332180e-14	1.101378e+05	2.826416e-14	1.103307e+05	2.417175e-14
9.644187e+04	1.559607e-14	9.699814e+04	1.581027e-14	9.851258e+04	1.631769e-14	1.073774e+05	2.309665e-14	1.085966e+05	2.376825e-14	1.087537e+05	2.143323e-14	1.091728e+05	3.040612e-14	1.093066e+05	2.312732e-14	1.101504e+05	2.315144e-14	1.102889e+05	2.806825e-14	1.104819e+05	2.402598e-14
9.660018e+04	1.552592e-14	9.715645e+04	1.573774e-14	9.867089e+04	1.623785e-14	1.075358e+05	2.276327e-14	1.087549e+05	2.304516e-14	1.089121e+05	2.160163e-14	1.093311e+05	3.024596e-14	1.094649e+05	2.313799e-14	1.103087e+05	2.300448e-14	1.104473e+05	2.792354e-14	1.106402e+05	2.388677e-14
9.676596e+04	1.545442e-14	9.732223e+04	1.566372e-14	9.883667e+04	1.615781e-14	1.077015e+05	2.240538e-14	1.089207e+05	2.237997e-14	1.090778e+05	2.183147e-14	1.094969e+05	3.009761e-14	1.096307e+05	2.312346e-14	1.104745e+05	2.288233e-14	1.106130e+05	2.782987e-14	1.108060e+05	2.374508e-14
9.693955e+04	1.538228e-14	9.749582e+04	1.558963e-14	9.901026e+04	1.607844e-14	1.078751e+05	2.203744e-14	1.090942e+05	2.179564e-14	1.092514e+05	2.211217e-14	1.096704e+05	2.994223e-14	1.098043e+05	2.307308e-14	1.106481e+05	2.277820e-14	1.107866e+05	2.777982e-14	1.109795e+05	2.359732e-14
9.712132e+04	1.531007e-14	9.767759e+04	1.551535e-14	9.919203e+04	1.599897e-14	1.080569e+05	2.166995e-14	1.092760e+05	2.129983e-14	1.094332e+05	2.243203e-14	1.098522e+05	2.977237e-14	1.099861e+05	2.298066e-14	1.108298e+05	2.267783e-14	1.109684e+05	2.776975e-14	1.111613e+05	2.343800e-14
9.731165e+04	1.523766e-14	9.786792e+04	1.544089e-14	9.938236e+04	1.591782e-14	1.082472e+05	2.131400e-14	1.094664e+05	2.090100e-14	1.096235e+05	2.278079e-14	1.100426e+05	2.959239e-14	1.101764e+05	2.284261e-14	1.110202e+05	2.257046e-14	1.111587e+05	2.779455e-14	1.113516e+05	2.326612e-14
9.751096e+04	1.516553e-14	9.806723e+04	1.536556e-14	9.958167e+04	1.583748e-14	1.084465e+05	2.097688e-14	1.096657e+05	2.060176e-14	1.098228e+05	2.314649e-14	1.102419e+05	2.941569e-14	1.103757e+05	2.265946e-14	1.112195e+05	2.244642e-14	1.113580e+05	2.784754e-14	1.115510e+05	2.308106e-14
9.771966e+04	1.509241e-14	9.827593e+04	1.528950e-14	9.979037e+04	1.575479e-14	1.086552e+05	2.067000e-14	1.098744e+05	2.040305e-14	1.100315e+05	2.351978e-14	1.104506e+05	2.925650e-14	1.105844e+05	2.243594e-14	1.114282e+05	2.229572e-14	1.115667e+05	2.792184e-14	1.117596e+05	2.288508e-14
9.793820e+04	1.501912e-14	9.849447e+04	1.521434e-14	1.000089e+05	1.567430e-14	1.088738e+05	2.039881e-14	1.100929e+05	2.029997e-14	1.102501e+05	2.389071e-14	1.106691e+05	2.911329e-14	1.108029e+05	2.217299e-14	1.116467e+05	2.211702e-14	1.117853e+05	2.800965e-14	1.119782e+05	2.268469e-14
9.816703e+04	1.494543e-14	9.872330e+04	1.513790e-14	1.002377e+05	1.559138e-14	1.091026e+05	2.016700e-14	1.103217e+05	2.028872e-14	1.104789e+05	2.425079e-14	1.108979e+05	2.897470e-14	1.110318e+05	2.187960e-14	1.118755e+05	2.191391e-14	1.120141e+05	2.810528e-14	1.122070e+05	2.248266e-14
9.840665e+04	1.487001e-14	9.896292e+04	1.506074e-14	1.004774e+05	1.550871e-14	1.093422e+05	1.997836e-14	1.105613e+05	2.036165e-14	1.107185e+05	2.459322e-14	1.111375e+05	2.882615e-14	1.112714e+05	2.156403e-14	1.121152e+05	2.169214e-14	1.122537e+05	2.820395e-14	1.124466e+05	2.228464e-14
9.865756e+04	1.479621e-14	9.921383e+04	1.498365e-14	1.007283e+05	1.542594e-14	1.095931e+05	1.983507e-14	1.108123e+05	2.050827e-14	1.109694e+05	2.490997e-14	1.113885e+05	2.865401e-14	1.115223e+05	2.123377e-14	1.123661e+05	2.146089e-14	1.125046e+05	2.829651e-14	1.126976e+05	2.209864e-14
9.892030e+04	1.472056e-14	9.947657e+04	1.490727e-14	1.009910e+05	1.534304e-14	1.098559e+05	1.973637e-14	1.110750e+05	2.071856e-14	1.112322e+05	2.519617e-14	1.116512e+05	2.846659e-14	1.117850e+05	2.089743e-14	1.126288e+05	2.123169e-14	1.127674e+05	2.837879e-14	1.129603e+05	2.192438e-14
9.919542e+04	1.464606e-14	9.975169e+04	1.482955e-14	1.012661e+05	1.525978e-14	1.101310e+05	1.968120e-14	1.113501e+05	2.098301e-14	1.115073e+05	2.544750e-14	1.119263e+05	2.827268e-14	1.120602e+05	2.056411e-14	1.129039e+05	2.101362e-14	1.130425e+05	2.844736e-14	1.132354e+05	2.176734e-14
9.948350e+04	1.457026e-14	1.000398e+05	1.475123e-14	1.015542e+05	1.517572e-14	1.104191e+05	1.966909e-14	1.116382e+05	2.128904e-14	1.117954e+05	2.565953e-14	1.122144e+05	2.809034e-14	1.123483e+05	2.024427e-14	1.131920e+05	2.081854e-14	1.133306e+05	2.849582e-14	1.135235e+05	2.162804e-14
9.978516e+04	1.449409e-14	1.003414e+05	1.467274e-14	1.018559e+05	1.509206e-14	1.107207e+05	1.969392e-14	1.119399e+05	2.162616e-14	1.120970e+05	2.582936e-14	1.125161e+05	2.793133e-14	1.126499e+05	1.994109e-14	1.134937e+05	2.064966e-14	1.136322e+05	2.852082e-14	1.138252e+05	2.150293e-14
1.001010e+05	1.441754e-14	1.006573e+05	1.459428e-14	1.021718e+05	1.500706e-14	1.110366e+05	1.975252e-14	1.122557e+05	2.198331e-14	1.124129e+05	2.595542e-14	1.128319e+05	2.779720e-14	1.129658e+05	1.966242e-14	1.138096e+05	2.050982e-14	1.139481e+05	2.851956e-14	1.141410e+05	2.139013e-14
1.004318e+05	1.434125e-14	1.009881e+05	1.451551e-14	1.025025e+05	1.492310e-14	1.113674e+05	1.983987e-14	1.125865e+05	2.235034e-14	1.127437e+05	2.603622e-14	1.131627e+05	2.767913e-14	1.132966e+05	1.941168e-14	1.141403e+05	2.039831e-14	1.142789e+05	2.848980e-14	1.144718e+05	2.128480e-14
1.007782e+05	1.426301e-14	1.013344e+05	1.443520e-14	1.028489e+05	1.483728e-14	1.117137e+05	1.995179e-14	1.129329e+05	2.271831e-14	1.130900e+05	2.607033e-14	1.135091e+05	2.755966e-14	1.136429e+05	1.919280e-14	1.144867e+05	2.031408e-14	1.146252e+05	2.842853e-14	1.148182e+05	2.118550e-14
1.011408e+05	1.418474e-14	1.016971e+05	1.435486e-14	1.032116e+05	1.475172e-14	1.120764e+05	2.008214e-14	1.132955e+05	2.307794e-14	1.134527e+05	2.605850e-14	1.138717e+05	2.742493e-14	1.140056e+05	1.900773e-14	1.148494e+05	2.024800e-14	1.149879e+05	2.833494e-14	1.151808e+05	2.108318e-14
1.015206e+05	1.410717e-14	1.020769e+05	1.427496e-14	1.035913e+05	1.466632e-14	1.124562e+05	2.022602e-14	1.136753e+05	2.342170e-14	1.138325e+05	2.600209e-14	1.142515e+05	2.726294e-14	1.143854e+05	1.885805e-14	1.152291e+05	2.019476e-14	1.153677e+05	2.820896e-14	1.155606e+05	2.097478e-14
1.019183e+05	1.402848e-14	1.024746e+05	1.419403e-14	1.039890e+05	1.457967e-14	1.128539e+05	2.037818e-14	1.140730e+05	2.374182e-14	1.142302e+05	2.590072e-14	1.146492e+05	2.707152e-14	1.147830e+05	1.874356e-14	1.156268e+05	2.014630e-14	1.157654e+05	2.804945e-14	1.159583e+05	2.085633e-14
1.023347e+05	1.394955e-14	1.028910e+05	1.411316e-14	1.044054e+05	1.449330e-14	1.132703e+05	2.053328e-14	1.144894e+05	2.403389e-14	1.146466e+05	2.575760e-14	1.150656e+05	2.685934e-14	1.151994e+05	1.866269e-14	1.160432e+05	2.009332e-14	1.161818e+05	2.785782e-14	1.163747e+05	2.072369e-14
1.027707e+05	1.387083e-14	1.033270e+05	1.403199e-14	1.048414e+05	1.440663e-14	1.137063e+05	2.068524e-14	1.149254e+05	2.429169e-14	1.150826e+05	2.557186e-14	1.155016e+05	2.664083e-14	1.156355e+05	1.861136e-14	1.164792e+05	2.002700e-14	1.166178e+05	2.763138e-14	1.168107e+05	2.057404e-14
1.032273e+05	1.379088e-14	1.037836e+05	1.395006e-14	1.052980e+05	1.431925e-14	1.141629e+05	2.083132e-14	1.153820e+05	2.451140e-14	1.155392e+05	2.534741e-14	1.159582e+05	2.643181e-14	1.160921e+05	1.859030e-14	1.169358e+05	1.994209e-14	1.170744e+05	2.737458e-14	1.172673e+05	2.040624e-14
1.037054e+05	1.371056e-14	1.042617e+05	1.386761e-14	1.057761e+05	1.423124e-14	1.146410e+05	2.096677e-14	1.158601e+05	2.468973e-14	1.160173e+05	2.508560e-14	1.164363e+05	2.624648e-14	1.165702e+05	1.859346e-14	1.174139e+05	1.983328e-14	1.175525e+05	2.708547e-14	1.177454e+05	2.022072e-14
1.042060e+05	1.363013e-14	1.047623e+05	1.378498e-14	1.062768e+05	1.414281e-14	1.151416e+05	2.108812e-14	1.163607e+05	2.482509e-14	1.165179e+05	2.478792e-14	1.169369e+05	2.609366e-14	1.170708e+05	1.861710e-14	1.179146e+05	1.969766e-14	1.180531e+05	2.676484e-14	1.182460e+05	2.001846e-14
1.047303e+05	1.354811e-14	1.052865e+05	1.370069e-14	1.068010e+05	1.405325e-14	1.156659e+05	2.119351e-14	1.168850e+05	2.491450e-14	1.170421e+05	2.445781e-14	1.174612e+05	2.597207e-14	1.175950e+05	1.865921e-14	1.184388e+05	1.953460e-14	1.185773e+05	2.641692e-14	1.187703e+05	1.980137e-14
1.052792e+05	1.346704e-14	1.058355e+05	1.361747e-14	1.073499e+05	1.396407e-14	1.162148e+05	2.127855e-14	1.174339e+05	2.495870e-14	1.175911e+05	2.409736e-14	1.180101e+05	2.587834e-14	1.181440e+05	1.871322e-14	1.189877e+05	1.934193e-14	1.191263e+05	2.604207e-14	1.193192e+05	1.956972e-14
1.058540e+05	1.338496e-14	1.064103e+05	1.353289e-14	1.079247e+05	1.387416e-14	1.167896e+05	2.134145e-14	1.180087e+05	2.495626e-14	1.181659e+05	2.371015e-14	1.185849e+05	2.579753e-14	1.187188e+05	1.877560e-14	1.195625e+05	1.912361e-14	1.197011e+05	2.564218e-14	1.198940e+05	1.933011e-14
1.064559e+05	1.330130e-14	1.070122e+05	1.344709e-14	1.085266e+05	1.378348e-14	1.173915e+05	2.138029e-14	1.186106e+05	2.490923e-14	1.187678e+05	2.329998e-14	1.191868e+05	2.571416e-14	1.193207e+05	1.884313e-14	1.201644e+05	1.888391e-14	1.203030e+05	2.522198e-14	1.204959e+05	1.908565e-14
1.070862e+05	1.321853e-14	1.076424e+05	1.336220e-14	1.091569e+05	1.369359e-14	1.180218e+05	2.139237e-14	1.192409e+05	2.481789e-14	1.193980e+05	2.286891e-14	1.198171e+05	2.561530e-14	1.199509e+05	1.891091e-14	1.207947e+05	1.862614e-14	1.209332e+05	2.478036e-14	1.211262e+05	1.883803e-14
1.077461e+05	1.313420e-14	1.083024e+05	1.327562e-14	1.098169e+05	1.360126e-14	1.186817e+05	2.137587e-14	1.199008e+05	2.468168e-14	1.200580e+05	2.241414e-14	1.204770e+05	2.548681e-14	1.206109e+05	1.897460e-14	1.214547e+05	1.835559e-14	1.215932e+05	2.431777e-14	1.217861e+05	1.859439e-14
1.084372e+05	1.304979e-14	1.089935e+05	1.318849e-14	1.105079e+05	1.350974e-14	1.193728e+05	2.132980e-14	1.205919e+05	2.450433e-14	1.207491e+05	2.194380e-14	1.211681e+05	2.532368e-14	1.213020e+05	1.903104e-14	1.221457e+05	1.807878e-14	1.222843e+05	2.383740e-14	1.224772e+05	1.835575e-14
1.091608e+05	1.296496e-14	1.097171e+05	1.310204e-14	1.112316e+05	1.341833e-14	1.200964e+05	2.125428e-14	1.213155e+05	2.428788e-14	1.214727e+05	2.145989e-14	1.218917e+05	2.512449e-14	1.220256e+05	1.907690e-14	1.228694e+05	1.779911e-14	1.230079e+05	2.334404e-14	1.232008e+05	1.812589e-14
1.099186e+05	1.287883e-14	1.104749e+05	1.301359e-14	1.119893e+05	1.332508e-14	1.208542e+05	2.115211e-14	1.220733e+05	2.403167e-14	1.222305e+05	2.096042e-14	1.226495e+05	2.489293e-14	1.227833e+05	1.911134e-14	1.236271e+05	1.752776e-14	1.237657e+05	2.283538e-14	1.239586e+05	1.791206e-14
1.107120e+05	1.279238e-14	1.112683e+05	1.292517e-14	1.127828e+05	1.323162e-14	1.216476e+05	2.102138e-14	1.228667e+05	2.374148e-14	1.230239e+05	2.045290e-14	1.234429e+05	2.464120e-14	1.235768e+05	1.912922e-14	1.244206e+05	1.726538e-14	1.245591e+05	2.231625e-14	1.247520e+05	1.771077e-14
1.115429e+05	1.270477e-14	1.120992e+05	1.283711e-14	1.136136e+05	1.313893e-14	1.224785e+05	2.086495e-14	0.000000e+00	0.000000e+00	1.238548e+05	1.993906e-14	1.242738e+05	2.438035e-14	1.244076e+05	1.913027e-14	1.252514e+05	1.701851e-14	1.253900e+05	2.178914e-14	1.255829e+05	1.752793e-14
1.124129e+05	1.261816e-14	1.129692e+05	1.274845e-14	1.144836e+05	1.304639e-14	0.000000e+00	0.000000e+00	0.000000e+00	0.000000e+00	0.000000e+00	0.000000e+00	1.251438e+05	2.412471e-14	1.252776e+05	1.911080e-14	1.261214e+05	1.678790e-14	1.262600e+05	2.125007e-14	1.264529e+05	1.736161e-14
0.000000e+00	0.000000e+00	0.000000e+00	0.000000e+00	1.153946e+05	1.295286e-14	0.000000e+00	0.000000e+00	0.000000e+00	0.000000e+00	0.000000e+00	0.000000e+00	1.260548e+05	2.388584e-14	0.000000e+00	0.000000e+00	1.270324e+05	1.658193e-14	0.000000e+00	0.000000e+00	1.273639e+05	1.721644e-14
0.000000e+00	0.000000e+00	0.000000e+00	0.000000e+00	1.163485e+05	1.285972e-14	0.000000e+00	0.000000e+00	0.000000e+00	0.000000e+00	0.000000e+00	0.000000e+00	1.270087e+05	2.367564e-14	0.000000e+00	0.000000e+00	0.000000e+00	0.000000e+00	0.000000e+00	0.000000e+00	1.283178e+05	1.708868e-14
