R E0 E1 E2 E3 E4 E5 E6 E7
1.97 5507.61 99267.30 98690.98 107895.54 109993.91 111818.05 110331.09 112248.97
1.98 5295.67 99094.76 98596.06 107780.76 109817.00 111629.84 110179.35 112057.42
1.99 5091.46 98928.60 98504.73 107670.65 109647.21 111449.25 110033.98 111873.87
2.00 4894.69 98768.58 98416.87 107565.02 109484.27 111276.00 109894.76 111698.09
2.01 4705.12 98614.47 98332.33 107463.69 109327.94 111109.79 109761.43 111529.78
2.02 4522.49 98466.07 98250.97 107366.54 109178.00 110950.36 109633.81 111368.70
2.03 4346.57 98323.11 98172.69 107273.32 109034.16 110797.49 109511.61 111214.64
2.04 4177.11 98185.45 98097.34 107183.92 108896.24 110650.92 109394.67 111067.34
2.05 4013.86 98052.88 98024.79 107098.23 108763.96 110510.43 109282.78 110926.63
2.06 3856.66 97925.18 97955.00 107016.04 108637.19 110375.81 109175.74 110792.26
2.07 3705.27 97802.21 97887.79 106937.27 108515.67 110246.80 109073.38 110664.06
2.08 3559.47 97683.74 97823.11 106861.75 108399.22 110123.24 108975.48 110541.83
2.09 3419.09 97569.65 97760.81 106789.37 108287.62 110004.91 108881.88 110425.48
2.10 3283.92 97459.79 97700.86 106720.12 108180.82 109891.64 108792.49 110314.76
2.15 2680.00 96967.89 97432.49 106413.92 107710.03 109394.68 108400.87 109839.61
2.20 2181.18 96559.38 97209.37 106169.96 107334.23 108999.06 108091.66 109483.27
2.25 1769.87 96219.38 97023.05 105974.66 107034.05 108687.48 107847.11 109229.80
2.30 1431.35 95935.65 96866.70 105820.40 106796.34 108445.05 107655.21 109062.59
2.35 1153.25 95697.88 96734.21 105699.91 106609.35 108258.52 107505.56 108962.78
2.40 925.25 95497.64 96621.07 105607.03 106463.35 108116.26 107389.79 108911.76
2.45 738.71 95327.96 96523.24 105536.99 106350.34 108008.52 107301.21 108893.36
2.50 586.46 95183.25 96438.06 105485.56 106263.75 107927.39 107234.46 108895.87
2.55 462.47 95058.82 96362.72 105448.54 106198.03 107866.50 107184.84 108910.91
2.60 361.80 94950.87 96295.37 105422.95 106148.83 107820.92 107148.77 108933.05
2.65 280.28 94856.30 96234.30 105406.23 106112.32 107786.53 107123.12 108958.56
2.70 214.48 94772.65 96178.25 105396.50 106086.04 107760.49 107105.92 108985.09
2.75 161.55 94697.87 96126.24 105392.05 106067.43 107740.25 107095.06 109010.95
2.80 119.14 94630.35 96077.46 105391.58 106054.64 107723.87 107088.95 109035.06
2.85 85.32 94568.84 96031.32 105393.98 106046.17 107709.90 107086.41 109056.69
2.90 58.47 94512.10 95987.31 105398.49 106040.82 107697.20 107086.41 109075.39
3.00 20.73 94410.76 95904.61 105411.14 106036.06 107672.42 107091.13 109103.15
3.10 -2.02 94321.67 95827.74 105425.87 106035.13 107645.32 107098.70 109117.89
3.20 -15.03 94242.18 95755.78 105440.51 106035.16 107613.99 107106.61 109120.46
3.30 -21.83 94170.38 95688.39 105453.77 106034.45 107578.05 107113.39 109112.35
3.40 -24.77 94105.38 95625.63 105465.14 106032.41 107537.91 107118.50 109095.49
3.50 -25.30 94046.52 95567.42 105474.34 106028.80 107494.42 107121.63 109071.70
3.60 -24.45 93993.41 95513.84 105481.39 106023.79 107448.69 107122.89 109042.89
3.70 -22.87 93945.49 95464.81 105486.14 106017.47 107401.80 107122.28 109010.51
3.80 -20.96 93902.67 95420.28 105488.86 106010.25 107354.73 107120.07 108976.04
3.90 -18.92 93864.53 95380.08 105489.74 106002.46 107308.35 107116.52 108940.65
4.00 -16.94 93830.84 95344.07 105488.99 105994.39 107263.39 107111.85 108905.25
4.10 -15.08 93801.00 95311.88 105486.82 105986.33 107220.38 107106.28 108870.59
4.20 -13.37 93774.73 95283.19 105483.40 105978.47 107179.68 107099.94 108837.11
4.30 -11.85 93751.79 95257.97 105478.97 105971.00 107141.53 107092.99 108805.15
4.40 -10.50 93731.81 95235.88 105473.76 105964.06 107106.11 107085.58 108775.06
4.50 -9.29 93714.49 95216.53 105467.95 105957.73 107073.42 107077.79 108746.84
4.60 -8.26 93699.52 95199.64 105461.71 105952.36 107043.62 107070.01 108720.64
4.70 -7.34 93686.62 95185.04 105455.24 105947.38 107016.26 107061.78 108696.40
4.80 -6.55 93675.56 95172.38 105448.63 105943.09 106991.35 107053.45 108673.96
4.90 -5.87 93666.13 95161.50 105442.06 105939.48 106968.81 107045.13 108653.34
5.00 -5.28 93658.16 95152.35 105435.65 105936.49 106948.44 107036.84 108634.40
5.10 -4.77 93651.32 95144.37 105429.42 105934.09 106930.04 107028.65 108617.05
5.20 -4.32 93645.56 95137.58 105423.51 105932.20 106913.48 107020.65 108601.16
5.30 -3.95 93640.71 95131.84 105417.87 105930.75 106898.56 107012.85 108586.64
5.40 -3.57 93636.63 95127.01 105412.64 105929.69 106885.18 107005.32 108573.54
5.50 -3.27 93633.23 95122.89 105407.80 105928.99 106873.16 106998.13 108561.48
5.60 -3.02 93630.39 95119.37 105403.30 105928.57 106862.41 106991.28 108550.49
5.70 -2.79 93628.04 95116.44 105399.18 105928.39 106852.75 106984.81 108540.48
5.80 -2.59 93626.10 95114.01 105395.45 105928.37 106844.10 106978.71 108531.38
5.90 -2.42 93624.51 95111.97 105392.04 105928.53 106836.35 106973.01 108523.09
6.00 -2.26 93623.24 95110.29 105388.97 105928.75 106829.43 106967.68 108515.58
6.20 -2.01 93621.34 95107.73 105383.71 105929.46 106817.65 106958.21 108502.55
6.40 -1.83 93620.66 95106.20 105379.59 105930.29 106808.32 106950.18 108491.84
6.60 -1.68 93619.92 95105.09 105376.25 105931.16 106800.76 106943.43 108483.03
6.80 -1.28 93619.48 95104.37 105373.66 105932.07 106794.80 106937.92 108475.96
7.00 -1.20 93619.25 95103.97 105371.60 105932.88 106790.03 106933.38 108470.09
7.20 -1.14 93619.17 95103.73 105370.04 105933.57 106786.23 106929.69 108465.34
7.40 -1.09 93619.16 95103.62 105368.84 105934.20 106783.21 106926.73 108461.49
7.60 -1.09 93619.21 95103.60 105367.92 105934.73 106780.82 106924.35 108458.36
7.80 -1.03 93619.28 95103.61 105367.24 105935.17 106778.95 106922.45 108455.90
8.00 -1.00 93619.39 95103.66 105366.75 105935.55 106777.48 106920.96 108453.93
8.20 -1.02 93619.48 95103.72 105366.06 105935.61 106776.34 106919.56 108452.33
8.40 -1.02 93619.58 95103.73 105365.84 105935.93 106775.45 106918.70 108451.15
8.60 -1.00 93619.66 95103.79 105365.70 105936.20 106774.78 106918.02 108450.15
8.80 -0.99 93619.71 95103.87 105365.59 105936.42 106774.22 106917.49 108449.36
9.00 -0.99 93619.78 95103.92 105365.54 105936.60 106773.82 106917.09 108448.74
9.20 -0.98 93619.85 95103.99 105365.51 105936.77 106773.54 106916.80 108448.24
9.40 -0.97 93619.92 95104.10 105365.57 105936.96 106773.29 106916.64 108447.82
9.60 -0.96 93619.98 95104.16 105365.58 105937.05 106773.11 106916.46 108447.52
9.80 -0.97 93620.03 95104.21 105365.58 105937.13 106772.96 106916.32 108447.29
10.00 -0.96 93620.08 95104.25 105365.56 105937.20 106772.84 106916.23 108447.10
10.50 -0.95 93620.18 95104.35 105365.59 105937.29 106772.71 106916.05 108446.98
11.00 -0.94 93620.30 95104.42 105365.51 105937.27 106772.65 106915.91 108446.83
