R Re<0|V|1> Re<0|V|2> Re<0|V|3> Re<0|V|4> Re<0|V|5> Re<0|V|6> Re<0|V|7> Re<1|V|3> Re<1|V|4> Re<1|V|5> Re<1|V|6> Re<1|V|7> Re<2|V|3> Re<2|V|4> Re<2|V|5> Re<2|V|6> Re<2|V|7> Re<3|V|4> Re<3|V|5> Re<3|V|6> Re<3|V|7> Re<4|V|5> Re<4|V|6> Re<4|V|7> Re<5|V|6> Re<5|V|7> Re<6|V|7>
1.970000 -0.000003 -0.000008 0.000313 0.000260 0.000567 -0.000579 0.000949 0.018398 -0.023936 0.111864 -0.008790 -0.029251 -0.010005 0.012974 -0.050090 0.004864 0.043955 0.090958 -0.147773 0.060201 0.059853 -0.029796 0.107051 0.013200 0.010668 0.003325 0.000318
1.980000 -0.000003 -0.000008 0.000320 0.000266 0.000550 -0.000585 0.000920 0.017270 -0.023469 0.109267 -0.008488 -0.027400 -0.009393 0.012717 -0.047980 0.004705 0.044757 0.093247 -0.151492 0.061716 0.061359 -0.030546 0.109746 0.013533 0.010937 0.003407 0.000326
1.990000 -0.000003 -0.000008 0.000328 0.000271 0.000531 -0.000591 0.000890 0.016267 -0.022984 0.106729 -0.008202 -0.025574 -0.008848 0.012451 -0.045906 0.004555 0.045563 0.095534 -0.155207 0.063229 0.062864 -0.031295 0.112436 0.013864 0.011205 0.003489 0.000334
2.000000 -0.000003 -0.000008 0.000336 0.000277 0.000512 -0.000596 0.000858 0.015372 -0.022484 0.104247 -0.007930 -0.023773 -0.008361 0.012177 -0.043866 0.004412 0.046371 0.097812 -0.158908 0.064737 0.064363 -0.032041 0.115117 0.014195 0.011472 0.003571 0.000342
2.010000 -0.000003 -0.000007 0.000344 0.000282 0.000491 -0.000601 0.000824 0.014570 -0.021974 0.101819 -0.007672 -0.021999 -0.007926 0.011897 -0.041862 0.004277 0.047178 0.100075 -0.162585 0.066235 0.065852 -0.032782 0.117781 0.014524 0.011738 0.003653 0.000350
2.020000 -0.000003 -0.000007 0.000351 0.000288 0.000470 -0.000605 0.000789 0.013850 -0.021455 0.099442 -0.007425 -0.020252 -0.007535 0.011613 -0.039893 0.004148 0.047981 0.102317 -0.166228 0.067719 0.067328 -0.033517 0.120420 0.014849 0.012001 0.003733 0.000358
2.030000 -0.000003 -0.000007 0.000359 0.000293 0.000447 -0.000609 0.000752 0.013202 -0.020932 0.097116 -0.007188 -0.018534 -0.007183 0.011326 -0.037960 0.004025 0.048777 0.104533 -0.169827 0.069185 0.068785 -0.034243 0.123028 0.015171 0.012261 0.003813 0.000366
2.040000 -0.000003 -0.000007 0.000367 0.000298 0.000424 -0.000613 0.000713 0.012616 -0.020405 0.094838 -0.006962 -0.016846 -0.006865 0.011037 -0.036063 0.003906 0.049564 0.106714 -0.173371 0.070629 0.070221 -0.034957 0.125595 0.015487 0.012517 0.003891 0.000374
2.050000 -0.000003 -0.000007 0.000374 0.000303 0.000399 -0.000616 0.000673 0.012084 -0.019877 0.092606 -0.006744 -0.015189 -0.006576 0.010747 -0.034203 0.003793 0.050337 0.108855 -0.176849 0.072046 0.071630 -0.035659 0.128115 0.015798 0.012768 0.003968 0.000381
2.060000 -0.000003 -0.000006 0.000381 0.000308 0.000374 -0.000618 0.000630 0.011600 -0.019348 0.090418 -0.006534 -0.013564 -0.006313 0.010458 -0.032380 0.003684 0.051095 0.110948 -0.180250 0.073431 0.073007 -0.036344 0.130578 0.016102 0.013013 0.004043 0.000388
2.070000 -0.000002 -0.000006 0.000388 0.000313 0.000347 -0.000620 0.000587 0.011158 -0.018822 0.088273 -0.006331 -0.011973 -0.006073 0.010170 -0.030594 0.003578 0.051834 0.112987 -0.183562 0.074781 0.074349 -0.037012 0.132978 0.016398 0.013252 0.004116 0.000396
2.080000 -0.000002 -0.000006 0.000395 0.000317 0.000320 -0.000622 0.000541 0.010753 -0.018298 0.086169 -0.006135 -0.010416 -0.005853 0.009883 -0.028846 0.003476 0.052552 0.114964 -0.186774 0.076089 0.075650 -0.037660 0.135305 0.016684 0.013484 0.004187 0.000402
2.090000 -0.000002 -0.000006 0.000401 0.000322 0.000291 -0.000623 0.000494 0.010379 -0.017778 0.084104 -0.005946 -0.008895 -0.005650 0.009598 -0.027137 0.003378 0.053245 0.116873 -0.189875 0.077352 0.076906 -0.038285 0.137551 0.016961 0.013708 0.004255 0.000409
2.100000 -0.000002 -0.000006 0.000407 0.000326 0.000261 -0.000623 0.000445 0.010034 -0.017262 0.082077 -0.005762 -0.007411 -0.005463 0.009315 -0.025466 0.003282 0.053909 0.118706 -0.192854 0.078566 0.078112 -0.038886 0.139709 0.017228 0.013923 0.004320 0.000416
2.150000 -0.000002 -0.000005 0.000434 0.000342 0.000099 -0.000614 0.000176 0.008611 -0.014774 0.072457 -0.004917 -0.000599 -0.004691 0.007954 -0.017724 0.002842 0.056705 0.126513 -0.205536 0.083732 0.083249 -0.041443 0.148896 0.018360 0.014839 0.004597 0.000443
2.200000 -0.000002 -0.000004 0.000451 0.000350 -0.000085 -0.000586 -0.000127 0.007485 -0.012477 0.063563 -0.004169 0.005083 -0.004079 0.006699 -0.011062 0.002449 0.058336 0.131546 -0.213713 0.087063 0.086561 -0.043092 0.154820 0.019091 0.015429 0.004773 0.000461
2.250000 -0.000001 -0.000003 0.000457 0.000349 -0.000281 -0.000540 -0.000453 0.006469 -0.010400 0.055243 -0.003495 0.009492 -0.003527 0.005566 -0.005554 0.002090 0.058475 0.133373 -0.216681 0.088273 0.087763 -0.043690 0.156970 0.019356 0.015643 0.004831 0.000467
2.300000 -0.000001 -0.000002 0.000452 0.000340 -0.000480 -0.000478 -0.000782 0.005460 -0.008548 0.047390 -0.002881 0.012576 -0.002980 0.004559 -0.001216 0.001757 0.056955 0.131977 -0.214414 0.087349 0.086845 -0.043233 0.155328 0.019154 0.015480 0.004773 0.000462
2.350000 -0.000001 -0.000002 0.000437 0.000323 -0.000668 -0.000406 -0.001094 0.004414 -0.006918 0.039955 -0.002317 0.014416 -0.002410 0.003675 0.002029 0.001444 0.053866 0.127771 -0.207581 0.084565 0.084077 -0.041855 0.150378 0.018543 0.014986 0.004613 0.000447
2.400000 -0.000000 -0.000001 0.000416 0.000301 -0.000835 -0.000331 -0.001372 0.003315 -0.005494 0.032943 -0.001796 0.015220 -0.001812 0.002907 0.004348 0.001149 0.049531 0.121497 -0.197388 0.080413 0.079948 -0.039800 0.142994 0.017633 0.014250 0.004379 0.000425
2.450000 -0.000000 -0.000000 0.000390 0.000277 -0.000977 -0.000257 -0.001607 0.002173 -0.004259 0.026387 -0.001316 0.015259 -0.001191 0.002242 0.005947 0.000872 0.044390 0.114057 -0.185300 0.075489 0.075053 -0.037363 0.134237 0.016553 0.013378 0.004103 0.000399
2.500000 0.000000 0.000001 0.000363 0.000253 -0.001091 -0.000189 -0.001798 0.001007 -0.003192 0.020320 -0.000873 0.014788 -0.000556 0.001670 0.007024 0.000614 0.038860 0.106336 -0.172756 0.070378 0.069972 -0.034833 0.125150 0.015432 0.012472 0.003818 0.000372
2.550000 0.000000 0.000001 0.000338 0.000231 -0.001181 -0.000131 -0.001947 -0.000163 -0.002272 0.014760 -0.000465 0.014010 0.000081 0.001178 0.007736 0.000375 0.033265 0.099075 -0.160960 0.065573 0.065194 -0.032455 0.116604 0.014379 0.011621 0.003551 0.000347
2.600000 0.000001 0.000002 0.000317 0.000213 -0.001248 -0.000083 -0.002059 -0.001316 -0.001482 0.009707 -0.000091 0.013067 0.000709 0.000757 0.008197 0.000154 0.027824 0.092811 -0.150783 0.061427 0.061072 -0.030403 0.109232 0.013470 0.010886 0.003321 0.000325
2.650000 0.000001 0.000002 0.000300 0.000198 -0.001296 -0.000047 -0.002140 -0.002434 -0.000806 0.005149 0.000249 0.012053 0.001318 0.000397 0.008482 -0.000049 0.022667 0.087870 -0.142757 0.058157 0.057821 -0.028784 0.103417 0.012753 0.010306 0.003140 0.000308
2.700000 0.000001 0.000003 0.000288 0.000188 -0.001329 -0.000022 -0.002194 -0.003507 -0.000231 0.001066 0.000559 0.011023 0.001902 0.000092 0.008643 -0.000233 0.017865 0.084404 -0.137125 0.055863 0.055540 -0.027649 0.099337 0.012250 0.009900 0.003013 0.000296
2.750000 0.000001 0.000003 0.000281 0.000182 -0.001347 -0.000007 -0.002224 -0.004528 0.000254 -0.002565 0.000838 0.010011 0.002458 -0.000164 0.008710 -0.000399 0.013449 0.082427 -0.133913 0.054554 0.054239 -0.027001 0.097011 0.011963 0.009668 0.002940 0.000289
2.800000 0.000002 0.000004 0.000279 0.000180 -0.001354 -0.000003 -0.002236 -0.005491 0.000656 -0.005769 0.001089 0.009035 0.002982 -0.000377 0.008703 -0.000549 0.009428 0.081868 -0.133005 0.054184 0.053871 -0.026818 0.096353 0.011882 0.009602 0.002920 0.000287
2.850000 0.000002 0.000004 0.000282 0.000182 -0.001351 -0.000007 -0.002230 -0.006395 0.000984 -0.008568 0.001312 0.008104 0.003474 -0.000549 0.008637 -0.000683 0.005797 0.082601 -0.134196 0.054669 0.054354 -0.027058 0.097215 0.011988 0.009688 0.002946 0.000289
2.900000 0.000002 0.000005 0.000288 0.000188 -0.001339 -0.000019 -0.002211 -0.007241 0.001242 -0.010986 0.001510 0.007222 0.003935 -0.000685 0.008519 -0.000802 0.002544 0.084472 -0.137235 0.055908 0.055585 -0.027671 0.099417 0.012259 0.009908 0.003015 0.000296
3.000000 0.000002 0.000006 0.000310 0.000206 -0.001295 -0.000061 -0.002137 -0.008764 0.001569 -0.014764 0.001832 0.005609 0.004764 -0.000854 0.008151 -0.000996 -0.002892 0.090969 -0.147791 0.060208 0.059860 -0.029800 0.107064 0.013202 0.010670 0.003252 0.000319
3.100000 0.000002 0.000006 0.000342 0.000233 -0.001228 -0.000122 -0.002026 -0.010068 0.001672 -0.017265 0.002067 0.004187 0.005474 -0.000903 0.007631 -0.001138 -0.007020 0.100036 -0.162522 0.066209 0.065827 -0.032770 0.117736 0.014518 0.011733 0.003584 0.000350
3.200000 0.000003 0.000007 0.000377 0.000263 -0.001146 -0.000193 -0.001889 -0.011158 0.001585 -0.018642 0.002222 0.002942 0.006067 -0.000850 0.006984 -0.001233 -0.009988 0.110368 -0.179307 0.073047 0.072625 -0.036154 0.129896 0.016018 0.012945 0.003963 0.000386
3.300000 0.000003 0.000008 0.000412 0.000293 -0.001053 -0.000266 -0.001734 -0.012025 0.001346 -0.019051 0.002304 0.001862 0.006538 -0.000717 0.006236 -0.001285 -0.011937 0.120646 -0.196005 0.079850 0.079388 -0.039521 0.141992 0.017509 0.014151 0.004339 0.000422
3.400000 0.000003 0.000008 0.000443 0.000320 -0.000954 -0.000335 -0.001569 -0.012649 0.000997 -0.018652 0.002321 0.000940 0.006878 -0.000525 0.005419 -0.001299 -0.013009 0.129540 -0.210454 0.085736 0.085241 -0.042434 0.152459 0.018800 0.015194 0.004666 0.000454
3.500000 0.000003 0.000009 0.000465 0.000339 -0.000852 -0.000392 -0.001399 -0.013005 0.000586 -0.017617 0.002280 0.000174 0.007071 -0.000301 0.004573 -0.001279 -0.013342 0.135815 -0.220650 0.089889 0.089370 -0.044490 0.159845 0.019711 0.015930 0.004898 0.000476
3.600000 0.000003 0.000009 0.000474 0.000350 -0.000751 -0.000433 -0.001231 -0.013069 0.000162 -0.016119 0.002188 -0.000432 0.007106 -0.000070 0.003742 -0.001229 -0.013071 0.138550 -0.225092 0.091699 0.091170 -0.045386 0.163064 0.020108 0.016251 0.005001 0.000485
3.700000 0.000004 0.000009 0.000470 0.000349 -0.000653 -0.000455 -0.001068 -0.012828 -0.000234 -0.014326 0.002053 -0.000872 0.006975 0.000144 0.002968 -0.001154 -0.012322 0.137352 -0.223146 0.090906 0.090381 -0.044994 0.161653 0.019934 0.016110 0.004961 0.000481
3.800000 0.000004 0.000010 0.000454 0.000339 -0.000559 -0.000458 -0.000914 -0.012288 -0.000566 -0.012386 0.001885 -0.001146 0.006681 0.000324 0.002287 -0.001060 -0.011213 0.132452 -0.215186 0.087664 0.087157 -0.043389 0.155887 0.019223 0.015535 0.004787 0.000464
3.900000 0.000004 0.000010 0.000427 0.000320 -0.000472 -0.000446 -0.000770 -0.011473 -0.000816 -0.010417 0.001691 -0.001260 0.006238 0.000457 0.001722 -0.000951 -0.009846 0.124599 -0.202427 0.082466 0.081989 -0.040816 0.146644 0.018083 0.014614 0.004505 0.000436
4.000000 0.000004 0.000010 0.000393 0.000296 -0.000393 -0.000423 -0.000639 -0.010423 -0.000974 -0.008503 0.001481 -0.001228 0.005667 0.000541 0.001283 -0.000832 -0.008310 0.114802 -0.186511 0.075982 0.075543 -0.037607 0.135114 0.016661 0.013465 0.004153 0.000402
4.100000 0.000004 0.000010 0.000356 0.000270 -0.000321 -0.000393 -0.000521 -0.009187 -0.001044 -0.006697 0.001262 -0.001071 0.004995 0.000577 0.000967 -0.000707 -0.006674 0.104067 -0.169071 0.068877 0.068479 -0.034090 0.122480 0.015103 0.012206 0.003766 0.000364
4.200000 0.000004 0.000011 0.000319 0.000242 -0.000257 -0.000360 -0.000417 -0.007818 -0.001037 -0.005025 0.001039 -0.000812 0.004251 0.000570 0.000761 -0.000581 -0.004994 0.093212 -0.151435 0.061692 0.061336 -0.030534 0.109704 0.013528 0.010933 0.003374 0.000326
4.300000 0.000004 0.000011 0.000284 0.000216 -0.000201 -0.000328 -0.000326 -0.006365 -0.000965 -0.003497 0.000818 -0.000473 0.003460 0.000529 0.000651 -0.000455 -0.003313 0.082803 -0.134525 0.054803 0.054487 -0.027125 0.097454 0.012017 0.009712 0.002999 0.000290
4.400000 0.000004 0.000011 0.000251 0.000192 -0.000153 -0.000296 -0.000247 -0.004869 -0.000842 -0.002114 0.000602 -0.000079 0.002647 0.000459 0.000619 -0.000332 -0.001662 0.073172 -0.118878 0.048429 0.048149 -0.023970 0.086119 0.010619 0.008582 0.002651 0.000256
4.500000 0.000004 0.000011 0.000221 0.000169 -0.000112 -0.000268 -0.000179 -0.003367 -0.000682 -0.000868 0.000394 0.000351 0.001830 0.000370 0.000648 -0.000213 -0.000066 0.064470 -0.104740 0.042670 0.042423 -0.021119 0.075877 0.009356 0.007562 0.002336 0.000226
4.600000 0.000004 0.000011 0.000194 0.000150 -0.000077 -0.000241 -0.000123 -0.001886 -0.000496 0.000250 0.000196 0.000802 0.001025 0.000266 0.000723 -0.000100 0.001459 0.056728 -0.092163 0.037546 0.037329 -0.018583 0.066765 0.008233 0.006654 0.002057 0.000199
4.700000 0.000004 0.000011 0.000171 0.000132 -0.000048 -0.000218 -0.000075 -0.000448 -0.000294 0.001250 0.000009 0.001258 0.000243 0.000154 0.000831 0.000007 0.002901 0.049907 -0.081081 0.033031 0.032840 -0.016349 0.058737 0.007243 0.005854 0.001810 0.000175
4.800000 0.000004 0.000011 0.000151 0.000117 -0.000024 -0.000197 -0.000036 0.000929 -0.000083 0.002143 -0.000167 0.001709 -0.000506 0.000037 0.000961 0.000107 0.004251 0.043933 -0.071374 0.029077 0.028909 -0.014391 0.051706 0.006376 0.005153 0.001594 0.000154
4.900000 0.000004 0.000011 0.000133 0.000104 -0.000005 -0.000178 -0.000005 0.002236 0.000129 0.002939 -0.000330 0.002147 -0.001217 -0.000080 0.001104 0.000200 0.005507 0.038715 -0.062897 0.025623 0.025475 -0.012682 0.045565 0.005619 0.004541 0.001405 0.000136
5.000000 0.000004 0.000011 0.000117 0.000092 0.000010 -0.000161 0.000021 0.003464 0.000340 0.003647 -0.000481 0.002565 -0.001884 -0.000196 0.001253 0.000286 0.006666 0.034163 -0.055502 0.022611 0.022480 -0.011191 0.040207 0.004958 0.004007 0.001241 0.000120
5.100000 0.000004 0.000011 0.000104 0.000082 0.000023 -0.000146 0.000040 0.004610 0.000543 0.004276 -0.000620 0.002961 -0.002507 -0.000309 0.001404 0.000366 0.007729 0.030191 -0.049050 0.019982 0.019867 -0.009890 0.035533 0.004382 0.003541 0.001097 0.000106
5.200000 0.000004 0.000011 0.000092 0.000073 0.000032 -0.000133 0.000056 0.005671 0.000739 0.004833 -0.000747 0.003331 -0.003085 -0.000417 0.001553 0.000439 0.008699 0.026723 -0.043414 0.017686 0.017584 -0.008754 0.031451 0.003878 0.003134 0.000971 0.000094
5.300000 0.000004 0.000011 0.000081 0.000065 0.000039 -0.000121 0.000067 0.006649 0.000923 0.005326 -0.000863 0.003674 -0.003616 -0.000519 0.001696 0.000505 0.009579 0.023689 -0.038485 0.015678 0.015588 -0.007760 0.027880 0.003438 0.002778 0.000862 0.000083
5.400000 0.000004 0.000011 0.000072 0.000058 0.000044 -0.000110 0.000075 0.007544 0.001096 0.005761 -0.000969 0.003989 -0.004103 -0.000614 0.001832 0.000565 0.010376 0.021030 -0.034166 0.013919 0.013838 -0.006889 0.024751 0.003052 0.002467 0.000765 0.000074
5.500000 0.000004 0.000011 0.000064 0.000051 0.000047 -0.000100 0.000080 0.008361 0.001258 0.006145 -0.001064 0.004278 -0.004547 -0.000703 0.001960 0.000620 0.011093 0.018695 -0.030372 0.012373 0.012302 -0.006124 0.022002 0.002713 0.002193 0.000681 0.000065
5.600000 0.000004 0.000011 0.000057 0.000046 0.000050 -0.000091 0.000084 0.009103 0.001406 0.006484 -0.001150 0.004541 -0.004951 -0.000785 0.002079 0.000669 0.011737 0.016640 -0.027034 0.011013 0.010950 -0.005451 0.019584 0.002415 0.001952 0.000606 0.000058
5.700000 0.000004 0.000011 0.000051 0.000041 0.000051 -0.000083 0.000085 0.009774 0.001543 0.006782 -0.001227 0.004779 -0.005316 -0.000860 0.002189 0.000713 0.012314 0.014828 -0.024089 0.009814 0.009757 -0.004857 0.017451 0.002152 0.001739 0.000540 0.000052
5.800000 0.000004 0.000011 0.000045 0.000037 0.000051 -0.000075 0.000085 0.010380 0.001668 0.007044 -0.001297 0.004994 -0.005645 -0.000929 0.002290 0.000753 0.012829 0.013226 -0.021487 0.008754 0.008703 -0.004333 0.015566 0.001919 0.001551 0.000482 0.000046
5.900000 0.000004 0.000011 0.000041 0.000033 0.000050 -0.000069 0.000084 0.010924 0.001781 0.007273 -0.001359 0.005188 -0.005941 -0.000991 0.002383 0.000788 0.013288 0.011808 -0.019183 0.007815 0.007770 -0.003868 0.013897 0.001714 0.001385 0.000431 0.000041
6.000000 0.000004 0.000011 0.000036 0.000030 0.000049 -0.000063 0.000083 0.011412 0.001884 0.007475 -0.001414 0.005361 -0.006206 -0.001048 0.002467 0.000820 0.013695 0.010549 -0.017139 0.006982 0.006942 -0.003456 0.012416 0.001531 0.001237 0.000385 0.000037
6.200000 0.000004 0.000011 0.000029 0.000024 0.000046 -0.000052 0.000077 0.012238 0.002061 0.007806 -0.001507 0.005655 -0.006655 -0.001145 0.002611 0.000873 0.014378 0.008435 -0.013705 0.005583 0.005551 -0.002763 0.009928 0.001224 0.000989 0.000308 0.000030
6.400000 0.000004 0.000011 0.000023 0.000019 0.000042 -0.000043 0.000070 0.012893 0.002203 0.008059 -0.001581 0.005888 -0.007011 -0.001224 0.002728 0.000915 0.014911 0.006756 -0.010976 0.004472 0.004446 -0.002213 0.007951 0.000980 0.000792 0.000247 0.000024
6.600000 0.000004 0.000011 0.000019 0.000016 0.000037 -0.000036 0.000063 0.013408 0.002317 0.008251 -0.001638 0.006072 -0.007292 -0.001286 0.002821 0.000947 0.015325 0.005415 -0.008798 0.003584 0.003563 -0.001774 0.006373 0.000786 0.000635 0.000198 0.000019
6.800000 0.000004 0.000011 0.000015 0.000013 0.000033 -0.000029 0.000055 0.013811 0.002407 0.008396 -0.001683 0.006215 -0.007511 -0.001335 0.002895 0.000973 0.015644 0.004341 -0.007053 0.002873 0.002857 -0.001422 0.005109 0.000630 0.000509 0.000159 0.000015
7.000000 0.000004 0.000011 0.000012 0.000010 0.000029 -0.000024 0.000048 0.014124 0.002477 0.008505 -0.001717 0.006326 -0.007681 -0.001374 0.002953 0.000992 0.015889 0.003478 -0.005651 0.002302 0.002289 -0.001139 0.004093 0.000505 0.000408 0.000127 0.000012
7.200000 0.000004 0.000011 0.000010 0.000008 0.000025 -0.000020 0.000041 0.014365 0.002533 0.008586 -0.001743 0.006411 -0.007812 -0.001405 0.002998 0.001007 0.016075 0.002784 -0.004523 0.001842 0.001832 -0.000912 0.003276 0.000404 0.000327 0.000102 0.000010
7.400000 0.000004 0.000011 0.000008 0.000007 0.000021 -0.000016 0.000035 0.014551 0.002576 0.008646 -0.001764 0.006476 -0.007913 -0.001428 0.003033 0.001019 0.016216 0.002225 -0.003615 0.001473 0.001464 -0.000729 0.002619 0.000323 0.000261 0.000082 0.000008
7.600000 0.000004 0.000011 0.000006 0.000005 0.000018 -0.000013 0.000030 0.014693 0.002609 0.008691 -0.001779 0.006526 -0.007990 -0.001446 0.003060 0.001028 0.016322 0.001776 -0.002885 0.001175 0.001168 -0.000582 0.002090 0.000258 0.000208 0.000065 0.000006
7.800000 0.000004 0.000011 0.000005 0.000004 0.000015 -0.000011 0.000025 0.014801 0.002634 0.008723 -0.001790 0.006563 -0.008049 -0.001460 0.003081 0.001034 0.016401 0.001414 -0.002298 0.000936 0.000931 -0.000463 0.001665 0.000205 0.000166 0.000052 0.000005
8.000000 0.000004 0.000011 0.000004 0.000003 0.000013 -0.000009 0.000021 0.014883 0.002654 0.008747 -0.001799 0.006591 -0.008093 -0.001471 0.003097 0.001039 0.016459 0.001124 -0.001827 0.000744 0.000740 -0.000368 0.001323 0.000163 0.000132 0.000041 0.000004
8.200000 0.000004 0.000011 0.000003 0.000003 0.000010 -0.000007 0.000017 0.014945 0.002669 0.008764 -0.001806 0.006612 -0.008127 -0.001479 0.003108 0.001043 0.016503 0.000892 -0.001450 0.000591 0.000587 -0.000292 0.001050 0.000129 0.000105 0.000033 0.000003
8.400000 0.000004 0.000011 0.000002 0.000002 0.000009 -0.000006 0.000014 0.014992 0.002680 0.008776 -0.001811 0.006628 -0.008153 -0.001486 0.003117 0.001046 0.016535 0.000707 -0.001148 0.000468 0.000465 -0.000232 0.000832 0.000103 0.000083 0.000026 0.000002
8.600000 0.000004 0.000011 0.000002 0.000002 0.000007 -0.000005 0.000012 0.015027 0.002689 0.008785 -0.001814 0.006640 -0.008172 -0.001491 0.003124 0.001048 0.016559 0.000559 -0.000908 0.000370 0.000368 -0.000183 0.000658 0.000081 0.000066 0.000021 0.000002
8.800000 0.000004 0.000011 0.000002 0.000001 0.000006 -0.000004 0.000010 0.015054 0.002696 0.008791 -0.001817 0.006648 -0.008186 -0.001494 0.003129 0.001049 0.016576 0.000441 -0.000716 0.000292 0.000290 -0.000144 0.000519 0.000064 0.000052 0.000016 0.000002
9.000000 0.000004 0.000011 0.000001 0.000001 0.000005 -0.000003 0.000008 0.015074 0.002701 0.008796 -0.001819 0.006655 -0.008197 -0.001497 0.003133 0.001051 0.016588 0.000347 -0.000564 0.000230 0.000228 -0.000114 0.000409 0.000050 0.000041 0.000013 0.000001
9.200000 0.000004 0.000011 0.000001 0.000001 0.000004 -0.000002 0.000006 0.015089 0.002705 0.008799 -0.001821 0.006660 -0.008205 -0.001499 0.003136 0.001052 0.016598 0.000273 -0.000443 0.000181 0.000179 -0.000089 0.000321 0.000040 0.000032 0.000010 0.000001
9.400000 0.000004 0.000011 0.000001 0.000001 0.000003 -0.000002 0.000005 0.015100 0.002708 0.008801 -0.001822 0.006663 -0.008211 -0.001501 0.003138 0.001052 0.016604 0.000214 -0.000347 0.000142 0.000141 -0.000070 0.000252 0.000031 0.000025 0.000008 0.000001
9.600000 0.000004 0.000011 0.000001 0.000001 0.000002 -0.000001 0.000004 0.015108 0.002710 0.008802 -0.001823 0.006665 -0.008216 -0.001502 0.003139 0.001053 0.016609 0.000167 -0.000272 0.000111 0.000110 -0.000055 0.000197 0.000024 0.000020 0.000006 0.000001
9.800000 0.000004 0.000011 0.000000 0.000000 0.000002 -0.000001 0.000003 0.015115 0.002711 0.008803 -0.001823 0.006667 -0.008219 -0.001503 0.003141 0.001053 0.016612 0.000131 -0.000212 0.000086 0.000086 -0.000043 0.000154 0.000019 0.000015 0.000005 0.000000
10.000000 0.000004 0.000011 0.000000 0.000000 0.000002 -0.000001 0.000003 0.015119 0.002713 0.008804 -0.001824 0.006668 -0.008222 -0.001503 0.003141 0.001053 0.016614 0.000102 -0.000165 0.000067 0.000067 -0.000033 0.000120 0.000015 0.000012 0.000004 0.000000
10.500000 0.000004 0.000011 0.000000 0.000000 0.000001 -0.000001 0.000002 0.015130 0.002716 0.008803 -0.001825 0.006668 -0.008228 -0.001505 0.003141 0.001054 0.016613 0.000056 -0.000091 0.000037 0.000037 -0.000018 0.000066 0.000008 0.000007 0.000002 0.000000
11.000000 0.000004 0.000011 0.000000 0.000000 0.000000 -0.000000 0.000001 0.015129 0.002715 0.008804 -0.001825 0.006671 -0.008227 -0.001505 0.003143 0.001054 0.016617 0.000028 -0.000046 0.000019 0.000019 -0.000009 0.000033 0.000004 0.000003 0.000001 0.000000
