State0	Sigma0	State1	Sigma1	State2	Sigma2	State3	Sigma3	State4	Sigma4	State5	Sigma5	State6	Sigma6	State7	Sigma7	
3.697000e+00	9.144451e-15	9.362494e+04	2.313351e-14	9.510906e+04	2.236492e-14	1.053701e+05	3.830745e-14	1.059419e+05	3.279937e-14	1.067773e+05	4.714622e-14	1.069205e+05	4.777224e-14	1.084515e+05	4.855199e-14
3.915535e+00	9.560349e-15	9.362516e+04	2.234712e-14	9.510928e+04	2.200825e-14	1.053704e+05	3.794090e-14	1.059421e+05	3.290058e-14	1.067775e+05	4.599725e-14	1.069208e+05	4.649644e-14	1.084517e+05	4.699057e-14
4.144369e+00	1.041485e-14	9.362538e+04	2.455293e-14	9.510950e+04	2.343484e-14	1.053706e+05	3.859696e-14	1.059424e+05	3.946266e-14	1.067777e+05	4.914440e-14	1.069210e+05	5.007707e-14	1.084519e+05	5.157806e-14
4.383988e+00	1.224535e-14	9.362562e+04	2.397315e-14	9.510974e+04	2.317498e-14	1.053708e+05	3.837320e-14	1.059426e+05	3.902231e-14	1.067780e+05	4.851885e-14	1.069212e+05	4.937351e-14	1.084522e+05	5.067521e-14
4.634900e+00	1.679578e-14	9.362587e+04	2.335662e-14	9.510999e+04	2.287832e-14	1.053711e+05	3.816473e-14	1.059428e+05	3.860934e-14	1.067782e+05	4.775294e-14	1.069215e+05	4.850213e-14	1.084524e+05	4.957833e-14
4.897637e+00	2.346284e-14	9.362614e+04	2.271783e-14	9.511026e+04	2.255832e-14	1.053713e+05	3.794025e-14	1.059431e+05	3.821967e-14	1.067785e+05	4.682248e-14	1.069217e+05	4.744937e-14	1.084527e+05	4.825419e-14
5.172756e+00	2.025816e-14	9.362641e+04	2.207485e-14	9.511053e+04	2.223105e-14	1.053716e+05	3.764591e-14	1.059434e+05	3.783528e-14	1.067788e+05	4.570511e-14	1.069220e+05	4.619881e-14	1.084529e+05	4.670847e-14
5.460842e+00	1.524601e-14	9.362670e+04	2.365796e-14	9.511082e+04	2.328711e-14	1.053719e+05	3.794033e-14	1.059437e+05	5.010909e-14	1.067791e+05	4.844754e-14	1.069223e+05	4.931703e-14	1.084532e+05	5.079709e-14
5.762504e+00	1.296922e-14	9.362700e+04	2.317048e-14	9.511112e+04	2.304233e-14	1.053722e+05	3.773043e-14	1.059440e+05	4.800524e-14	1.067794e+05	4.779362e-14	1.069226e+05	4.853970e-14	1.084535e+05	4.983265e-14
6.078384e+00	1.206995e-14	9.362732e+04	2.265637e-14	9.511144e+04	2.277228e-14	1.053725e+05	3.744636e-14	1.059443e+05	4.625160e-14	1.067797e+05	4.698473e-14	1.069229e+05	4.762432e-14	1.084538e+05	4.865707e-14
6.409150e+00	1.183467e-14	9.362765e+04	2.212910e-14	9.511177e+04	2.248666e-14	1.053729e+05	3.720682e-14	1.059446e+05	4.473805e-14	1.067800e+05	4.599601e-14	1.069233e+05	4.653235e-14	1.084542e+05	4.724576e-14
6.755504e+00	1.206062e-14	9.362800e+04	2.324042e-14	9.511212e+04	2.325509e-14	1.053732e+05	3.742505e-14	1.059450e+05	5.923737e-14	1.067803e+05	4.811571e-14	1.069236e+05	4.895332e-14	1.084545e+05	5.051738e-14
7.118182e+00	1.273029e-14	9.362836e+04	2.284023e-14	9.511248e+04	2.303335e-14	1.053736e+05	3.716579e-14	1.059453e+05	5.726695e-14	1.067807e+05	4.750919e-14	1.069240e+05	4.825009e-14	1.084549e+05	4.960684e-14
7.497953e+00	1.399949e-14	9.362874e+04	2.241677e-14	9.511286e+04	2.279026e-14	1.053739e+05	3.699877e-14	1.059457e+05	5.482113e-14	1.067811e+05	4.674971e-14	1.069243e+05	4.737857e-14	1.084553e+05	4.848252e-14
7.895621e+00	1.607034e-14	9.362914e+04	2.198081e-14	9.511326e+04	2.253576e-14	1.053743e+05	3.680943e-14	1.059461e+05	5.232838e-14	1.067815e+05	4.581045e-14	1.069247e+05	4.631950e-14	1.084557e+05	4.711710e-14
8.312031e+00	1.885783e-14	9.362955e+04	2.282408e-14	9.511367e+04	2.311418e-14	1.053748e+05	3.683678e-14	1.059465e+05	6.083040e-14	1.067819e+05	4.761280e-14	1.069252e+05	4.841431e-14	1.084561e+05	4.997638e-14
8.748066e+00	2.119428e-14	9.362999e+04	2.248566e-14	9.511411e+04	2.292188e-14	1.053752e+05	3.670421e-14	1.059470e+05	6.014054e-14	1.067823e+05	4.699970e-14	1.069256e+05	4.768843e-14	1.084565e+05	4.904535e-14
9.204651e+00	2.150389e-14	9.363044e+04	2.212918e-14	9.511456e+04	2.271143e-14	1.053757e+05	3.656569e-14	1.059474e+05	5.863236e-14	1.067828e+05	4.622790e-14	1.069261e+05	4.679748e-14	1.084570e+05	4.788994e-14
9.682753e+00	2.030854e-14	9.363092e+04	2.176290e-14	9.511504e+04	2.249183e-14	1.053761e+05	3.640981e-14	1.059479e+05	5.651555e-14	1.067833e+05	4.526925e-14	1.069265e+05	4.571753e-14	1.084575e+05	4.648259e-14
1.018339e+01	1.912375e-14	9.363142e+04	2.240525e-14	9.511554e+04	2.296202e-14	1.053766e+05	3.650919e-14	1.059484e+05	6.138592e-14	1.067838e+05	4.696950e-14	1.069270e+05	4.764460e-14	1.084580e+05	4.920426e-14
1.070762e+01	1.858958e-14	9.363195e+04	2.210711e-14	9.511607e+04	2.277995e-14	1.053772e+05	3.635199e-14	1.059489e+05	6.042257e-14	1.067843e+05	4.630014e-14	1.069276e+05	4.685491e-14	1.084585e+05	4.818039e-14
1.125655e+01	1.878553e-14	9.363250e+04	2.179603e-14	9.511662e+04	2.258662e-14	1.053777e+05	3.618223e-14	1.059495e+05	5.901947e-14	1.067848e+05	4.545816e-14	1.069281e+05	4.589318e-14	1.084590e+05	4.691556e-14
1.183136e+01	1.962709e-14	9.363307e+04	2.224693e-14	9.511719e+04	2.293277e-14	1.053783e+05	3.626548e-14	1.059500e+05	6.146045e-14	1.067854e+05	4.677778e-14	1.069287e+05	4.738906e-14	1.084596e+05	4.909808e-14
1.243325e+01	2.088353e-14	9.363367e+04	2.199056e-14	9.511779e+04	2.277482e-14	1.053789e+05	3.616668e-14	1.059506e+05	6.053886e-14	1.067860e+05	4.616239e-14	1.069293e+05	4.664944e-14	1.084602e+05	4.814887e-14
1.306352e+01	2.215274e-14	9.363430e+04	2.171981e-14	9.511842e+04	2.260648e-14	1.053795e+05	3.604823e-14	1.059513e+05	5.928509e-14	1.067867e+05	4.538249e-14	1.069299e+05	4.575457e-14	1.084608e+05	4.696353e-14
1.372348e+01	2.297273e-14	9.363496e+04	2.204132e-14	9.511908e+04	2.287453e-14	1.053802e+05	3.599744e-14	1.059519e+05	6.054091e-14	1.067873e+05	4.645525e-14	1.069306e+05	4.698546e-14	1.084615e+05	4.880755e-14
1.441455e+01	2.317131e-14	9.363565e+04	2.181143e-14	9.511977e+04	2.273042e-14	1.053809e+05	3.588329e-14	1.059526e+05	5.957760e-14	1.067880e+05	4.585934e-14	1.069313e+05	4.627565e-14	1.084622e+05	4.788355e-14
1.513819e+01	2.302565e-14	9.363638e+04	2.157079e-14	9.512050e+04	2.257611e-14	1.053816e+05	3.580222e-14	1.059533e+05	5.835312e-14	1.067887e+05	4.509620e-14	1.069320e+05	4.540654e-14	1.084629e+05	4.672642e-14
1.589593e+01	2.293545e-14	9.363714e+04	2.182288e-14	9.512126e+04	2.278581e-14	1.053823e+05	3.578570e-14	1.059541e+05	5.896772e-14	1.067895e+05	4.603810e-14	1.069327e+05	4.644631e-14	1.084637e+05	4.838194e-14
1.668938e+01	2.310790e-14	9.363793e+04	2.161349e-14	9.512205e+04	2.265175e-14	1.053831e+05	3.569571e-14	1.059549e+05	5.789189e-14	1.067903e+05	4.543680e-14	1.069335e+05	4.574287e-14	1.084645e+05	4.744215e-14
1.752023e+01	2.353539e-14	9.363876e+04	2.139671e-14	9.512288e+04	2.250948e-14	1.053840e+05	3.558664e-14	1.059557e+05	5.661124e-14	1.067911e+05	4.466829e-14	1.069344e+05	4.488001e-14	1.084653e+05	4.626208e-14
1.839023e+01	2.405889e-14	9.363963e+04	2.160466e-14	9.512375e+04	2.268005e-14	1.053848e+05	3.558364e-14	1.059566e+05	5.684931e-14	1.067920e+05	4.554978e-14	1.069352e+05	4.583448e-14	1.084662e+05	4.782170e-14
1.930124e+01	2.445842e-14	9.364054e+04	2.141374e-14	9.512466e+04	2.255233e-14	1.053858e+05	3.547279e-14	1.059575e+05	5.567954e-14	1.067929e+05	4.490846e-14	1.069362e+05	4.510744e-14	1.084671e+05	4.682905e-14
2.025518e+01	2.463267e-14	9.364150e+04	2.156204e-14	9.512562e+04	2.266880e-14	1.053867e+05	3.539412e-14	1.059585e+05	5.548308e-14	1.067938e+05	4.551298e-14	1.069371e+05	4.577635e-14	1.084680e+05	4.798715e-14
2.125408e+01	2.465028e-14	9.364249e+04	2.139627e-14	9.512661e+04	2.255644e-14	1.053877e+05	3.529915e-14	1.059595e+05	5.436117e-14	1.067948e+05	4.496181e-14	1.069381e+05	4.514819e-14	1.084690e+05	4.713616e-14
2.230005e+01	2.466032e-14	9.364354e+04	2.122345e-14	9.512766e+04	2.243768e-14	1.053888e+05	3.519405e-14	1.059605e+05	5.309924e-14	1.067959e+05	4.426054e-14	1.069392e+05	4.437812e-14	1.084701e+05	4.605398e-14
2.339532e+01	2.475058e-14	9.364464e+04	2.134614e-14	9.512876e+04	2.254065e-14	1.053898e+05	3.516328e-14	1.059616e+05	5.277735e-14	1.067970e+05	4.489332e-14	1.069402e+05	4.506325e-14	1.084712e+05	4.726267e-14
2.454221e+01	2.488043e-14	9.364578e+04	2.119143e-14	9.512990e+04	2.243536e-14	1.053910e+05	3.505956e-14	1.059628e+05	5.156874e-14	1.067981e+05	4.426905e-14	1.069414e+05	4.438276e-14	1.084723e+05	4.629851e-14
2.574315e+01	2.496523e-14	9.364698e+04	2.127472e-14	9.513110e+04	2.251571e-14	1.053922e+05	3.500314e-14	1.059640e+05	5.105473e-14	1.067993e+05	4.474000e-14	1.069426e+05	4.490409e-14	1.084735e+05	4.726576e-14
2.700069e+01	2.495435e-14	9.364824e+04	2.113195e-14	9.513236e+04	2.242037e-14	1.053935e+05	3.490939e-14	1.059652e+05	4.986910e-14	1.068006e+05	4.416887e-14	1.069439e+05	4.428704e-14	1.084748e+05	4.638393e-14
2.831749e+01	2.488262e-14	9.364956e+04	2.118216e-14	9.513368e+04	2.248170e-14	1.053948e+05	3.484008e-14	1.059665e+05	4.922055e-14	1.068019e+05	4.452921e-14	1.069452e+05	4.468973e-14	1.084761e+05	4.717673e-14
2.969636e+01	2.479810e-14	9.365094e+04	2.104665e-14	9.513506e+04	2.239300e-14	1.053961e+05	3.474527e-14	1.059679e+05	4.805415e-14	1.068033e+05	4.399232e-14	1.069465e+05	4.411723e-14	1.084775e+05	4.634678e-14
3.114020e+01	2.471376e-14	9.365238e+04	2.107623e-14	9.513650e+04	2.243506e-14	1.053976e+05	3.468698e-14	1.059694e+05	4.733770e-14	1.068047e+05	4.427636e-14	1.069480e+05	4.443464e-14	1.084789e+05	4.701337e-14
3.265210e+01	2.460901e-14	9.365389e+04	2.094675e-14	9.513801e+04	2.234914e-14	1.053991e+05	3.459128e-14	1.059709e+05	4.618790e-14	1.068062e+05	4.375898e-14	1.069495e+05	4.388968e-14	1.084804e+05	4.620820e-14
3.423524e+01	2.446440e-14	9.365548e+04	2.096506e-14	9.513960e+04	2.237664e-14	1.054007e+05	3.450753e-14	1.059724e+05	4.541240e-14	1.068078e+05	4.398707e-14	1.069511e+05	4.415145e-14	1.084820e+05	4.678053e-14
3.589300e+01	2.428214e-14	9.365713e+04	2.084305e-14	9.514125e+04	2.229017e-14	1.054023e+05	3.440569e-14	1.059741e+05	4.428507e-14	1.068095e+05	4.347873e-14	1.069527e+05	4.361900e-14	1.084837e+05	4.597572e-14
3.762889e+01	2.408205e-14	9.365887e+04	2.085702e-14	9.514299e+04	2.230443e-14	1.054041e+05	3.432717e-14	1.059758e+05	4.350433e-14	1.068112e+05	4.367052e-14	1.069545e+05	4.383665e-14	1.084854e+05	4.647711e-14
3.944658e+01	2.386878e-14	9.366069e+04	2.074312e-14	9.514481e+04	2.221797e-14	1.054059e+05	3.421395e-14	1.059777e+05	4.240081e-14	1.068130e+05	4.316224e-14	1.069563e+05	4.330628e-14	1.084872e+05	4.565321e-14
4.134994e+01	2.363525e-14	9.366259e+04	2.075017e-14	9.514671e+04	2.222253e-14	1.054078e+05	3.411181e-14	1.059796e+05	4.160147e-14	1.068149e+05	4.333097e-14	1.069582e+05	4.349186e-14	1.084891e+05	4.610568e-14
4.334301e+01	2.337738e-14	9.366458e+04	2.064155e-14	9.514870e+04	2.213782e-14	1.054098e+05	3.399072e-14	1.059816e+05	4.052789e-14	1.068169e+05	4.281407e-14	1.069602e+05	4.295445e-14	1.084911e+05	4.524747e-14
4.543000e+01	2.310210e-14	9.366667e+04	2.064246e-14	9.515079e+04	2.213710e-14	1.054119e+05	3.389436e-14	1.059836e+05	3.975146e-14	1.068190e+05	4.297142e-14	1.069623e+05	4.312610e-14	1.084932e+05	4.566931e-14
4.761535e+01	2.281622e-14	9.366886e+04	2.062790e-14	9.515298e+04	2.212951e-14	1.054141e+05	3.378843e-14	1.059858e+05	3.893911e-14	1.068212e+05	4.303331e-14	1.069645e+05	4.319961e-14	1.084954e+05	4.592072e-14
4.990369e+01	2.250982e-14	9.367114e+04	2.052877e-14	9.515526e+04	2.205110e-14	1.054164e+05	3.366896e-14	1.059881e+05	3.793837e-14	1.068235e+05	4.258918e-14	1.069668e+05	4.273866e-14	1.084977e+05	4.517592e-14
5.229988e+01	2.219294e-14	9.367354e+04	2.051013e-14	9.515766e+04	2.203941e-14	1.054187e+05	3.356690e-14	1.059905e+05	3.715676e-14	1.068259e+05	4.265178e-14	1.069691e+05	4.281282e-14	1.085001e+05	4.543378e-14
5.480900e+01	2.186196e-14	9.367605e+04	2.048706e-14	9.516017e+04	2.201907e-14	1.054213e+05	3.345994e-14	1.059930e+05	3.636747e-14	1.068284e+05	4.265237e-14	1.069717e+05	4.282771e-14	1.085026e+05	4.558199e-14
5.743637e+01	2.151777e-14	9.367868e+04	2.039536e-14	9.516280e+04	2.194507e-14	1.054239e+05	3.334133e-14	1.059956e+05	3.543906e-14	1.068310e+05	4.224314e-14	1.069743e+05	4.240937e-14	1.085052e+05	4.490470e-14
6.018756e+01	2.116825e-14	9.368143e+04	2.037432e-14	9.516555e+04	2.192165e-14	1.054266e+05	3.322764e-14	1.059984e+05	3.468935e-14	1.068338e+05	4.224824e-14	1.069770e+05	4.242808e-14	1.085080e+05	4.506993e-14
6.306842e+01	2.080898e-14	9.368431e+04	2.034490e-14	9.516843e+04	2.189420e-14	1.054295e+05	3.310765e-14	1.060013e+05	3.393977e-14	1.068367e+05	4.220871e-14	1.069799e+05	4.240346e-14	1.085108e+05	4.515544e-14
6.608504e+01	2.043991e-14	9.368733e+04	2.025939e-14	9.517145e+04	2.182022e-14	1.054325e+05	3.297692e-14	1.060043e+05	3.308167e-14	1.068397e+05	4.180868e-14	1.069829e+05	4.199798e-14	1.085139e+05	4.449697e-14
6.924384e+01	2.006946e-14	9.369048e+04	2.022646e-14	9.517460e+04	2.179117e-14	1.054357e+05	3.285299e-14	1.060075e+05	3.237256e-14	1.068428e+05	4.177740e-14	1.069861e+05	4.198103e-14	1.085170e+05	4.459347e-14
7.255150e+01	1.969718e-14	9.369379e+04	2.019117e-14	9.517791e+04	2.175793e-14	1.054390e+05	3.273269e-14	1.060108e+05	3.166674e-14	1.068461e+05	4.171427e-14	1.069894e+05	4.193029e-14	1.085203e+05	4.462571e-14
7.601504e+01	1.931928e-14	9.369726e+04	2.015321e-14	9.518138e+04	2.172054e-14	1.054425e+05	3.261630e-14	1.060142e+05	3.096681e-14	1.068496e+05	4.162845e-14	1.069929e+05	4.185720e-14	1.085238e+05	4.460994e-14
7.964182e+01	1.894309e-14	9.370088e+04	2.007365e-14	9.518500e+04	2.165097e-14	1.054461e+05	3.249653e-14	1.060179e+05	3.019374e-14	1.068532e+05	4.126017e-14	1.069965e+05	4.148484e-14	1.085274e+05	4.399489e-14
8.343953e+01	1.856915e-14	9.370468e+04	2.003999e-14	9.518880e+04	2.161442e-14	1.054499e+05	3.238564e-14	1.060216e+05	2.953684e-14	1.068570e+05	4.118517e-14	1.070003e+05	4.142285e-14	1.085312e+05	4.399711e-14
8.741621e+01	1.819646e-14	9.370866e+04	2.000238e-14	9.519278e+04	2.157628e-14	1.054539e+05	3.227958e-14	1.060256e+05	2.889043e-14	1.068610e+05	4.109135e-14	1.070043e+05	4.134392e-14	1.085352e+05	4.396539e-14
9.158031e+01	1.782236e-14	9.371282e+04	1.996396e-14	9.519694e+04	2.153647e-14	1.054580e+05	3.216921e-14	1.060298e+05	2.826087e-14	1.068652e+05	4.098231e-14	1.070084e+05	4.124969e-14	1.085394e+05	4.390851e-14
9.594066e+01	1.745036e-14	9.371718e+04	1.992388e-14	9.520130e+04	2.149308e-14	1.054624e+05	3.206722e-14	1.060342e+05	2.765155e-14	1.068695e+05	4.086261e-14	1.070128e+05	4.114320e-14	1.085437e+05	4.383026e-14
1.005065e+02	1.708348e-14	9.372175e+04	1.988341e-14	9.520587e+04	2.144747e-14	1.054670e+05	3.193968e-14	1.060387e+05	2.706098e-14	1.068741e+05	4.073335e-14	1.070174e+05	4.102559e-14	1.085483e+05	4.373196e-14
1.052875e+02	1.671882e-14	9.372653e+04	1.981578e-14	9.521065e+04	2.137906e-14	1.054717e+05	3.181425e-14	1.060435e+05	2.642895e-14	1.068789e+05	4.040309e-14	1.070221e+05	4.069248e-14	1.085531e+05	4.319594e-14
1.102939e+02	1.635908e-14	9.373153e+04	1.977700e-14	9.521565e+04	2.133187e-14	1.054767e+05	3.168799e-14	1.060485e+05	2.587682e-14	1.068839e+05	4.028109e-14	1.070271e+05	4.057653e-14	1.085581e+05	4.310309e-14
1.155362e+02	1.600356e-14	9.373678e+04	1.973790e-14	9.522090e+04	2.128418e-14	1.054820e+05	3.157544e-14	1.060537e+05	2.533661e-14	1.068891e+05	4.015076e-14	1.070324e+05	4.044827e-14	1.085633e+05	4.299299e-14
1.210255e+02	1.565308e-14	9.374227e+04	1.969859e-14	9.522639e+04	2.123652e-14	1.054875e+05	3.140691e-14	1.060592e+05	2.481021e-14	1.068946e+05	4.001342e-14	1.070379e+05	4.030945e-14	1.085688e+05	4.287059e-14
1.267736e+02	1.530810e-14	9.374801e+04	1.965834e-14	9.523213e+04	2.118922e-14	1.054932e+05	3.133732e-14	1.060650e+05	2.430055e-14	1.069004e+05	3.987021e-14	1.070436e+05	4.016254e-14	1.085745e+05	4.273886e-14
1.327925e+02	1.496971e-14	9.375403e+04	1.961777e-14	9.523815e+04	2.114211e-14	1.054992e+05	3.126480e-14	1.060710e+05	2.380783e-14	1.069064e+05	3.972057e-14	1.070496e+05	4.001067e-14	1.085806e+05	4.259720e-14
1.390952e+02	1.463865e-14	9.376034e+04	1.957701e-14	9.524446e+04	2.109340e-14	1.055055e+05	3.111356e-14	1.060773e+05	2.333690e-14	1.069127e+05	3.956606e-14	1.070559e+05	3.985674e-14	1.085869e+05	4.244555e-14
1.456948e+02	1.431530e-14	9.376693e+04	1.953512e-14	9.525105e+04	2.104287e-14	1.055121e+05	3.095734e-14	1.060839e+05	2.288845e-14	1.069193e+05	3.940787e-14	1.070625e+05	3.970180e-14	1.085935e+05	4.228466e-14
1.526055e+02	1.399942e-14	9.377385e+04	1.949120e-14	9.525797e+04	2.099114e-14	1.055191e+05	3.082266e-14	1.060908e+05	2.245021e-14	1.069262e+05	3.924654e-14	1.070695e+05	3.954483e-14	1.086004e+05	4.211633e-14
1.598419e+02	1.369058e-14	9.378108e+04	1.946033e-14	9.526520e+04	2.094993e-14	1.055263e+05	3.067289e-14	1.060981e+05	2.204151e-14	1.069334e+05	3.919855e-14	1.070767e+05	3.950688e-14	1.086076e+05	4.219912e-14
1.674193e+02	1.338823e-14	9.378866e+04	1.941333e-14	9.527278e+04	2.089726e-14	1.055339e+05	3.066450e-14	1.061056e+05	2.159784e-14	1.069410e+05	3.903090e-14	1.070843e+05	3.934220e-14	1.086152e+05	4.201370e-14
1.753538e+02	1.309401e-14	9.379659e+04	1.936464e-14	9.528071e+04	2.084511e-14	1.055418e+05	3.021857e-14	1.061136e+05	2.116385e-14	1.069489e+05	3.886169e-14	1.070922e+05	3.917513e-14	1.086231e+05	4.182192e-14
1.836623e+02	1.280584e-14	9.380490e+04	1.931434e-14	9.528902e+04	2.079230e-14	1.055501e+05	2.977219e-14	1.061219e+05	2.075123e-14	1.069573e+05	3.869018e-14	1.071005e+05	3.900446e-14	1.086314e+05	4.162556e-14
1.923623e+02	1.252493e-14	9.381360e+04	1.926294e-14	9.529772e+04	2.073803e-14	1.055588e+05	2.966951e-14	1.061306e+05	2.037673e-14	1.069660e+05	3.851536e-14	1.071092e+05	3.882924e-14	1.086401e+05	4.142703e-14
2.014724e+02	1.225417e-14	9.382271e+04	1.921960e-14	9.530683e+04	2.069072e-14	1.055679e+05	3.031186e-14	1.061397e+05	2.006745e-14	1.069751e+05	3.841942e-14	1.071183e+05	3.873605e-14	1.086492e+05	4.141124e-14
2.110118e+02	1.199357e-14	9.383225e+04	1.916539e-14	9.531637e+04	2.063397e-14	1.055775e+05	3.059753e-14	1.061492e+05	1.977669e-14	1.069846e+05	3.824166e-14	1.071279e+05	3.840072e-14	1.086588e+05	4.120923e-14
2.210008e+02	1.173549e-14	9.384224e+04	1.911100e-14	9.532636e+04	2.057624e-14	1.055875e+05	3.079385e-14	1.061592e+05	1.951577e-14	1.069946e+05	3.806271e-14	1.071379e+05	3.831369e-14	1.086688e+05	4.100198e-14
2.314605e+02	1.148436e-14	9.385270e+04	1.905753e-14	9.533682e+04	2.051746e-14	1.055979e+05	3.112512e-14	1.061697e+05	1.926245e-14	1.070051e+05	3.788178e-14	1.071483e+05	3.836460e-14	1.086792e+05	4.079045e-14
2.424132e+02	1.124680e-14	9.386365e+04	1.901240e-14	9.534777e+04	2.046396e-14	1.056089e+05	3.096696e-14	1.061806e+05	1.902108e-14	1.070160e+05	3.776640e-14	1.071593e+05	3.813619e-14	1.086902e+05	4.073063e-14
2.538821e+02	1.100989e-14	9.387512e+04	1.895977e-14	9.535924e+04	2.040453e-14	1.056203e+05	3.021128e-14	1.061921e+05	1.874422e-14	1.070275e+05	3.758368e-14	1.071707e+05	3.742505e-14	1.087017e+05	4.051483e-14
2.658915e+02	1.078805e-14	9.388713e+04	1.891493e-14	9.537125e+04	2.034948e-14	1.056323e+05	2.945594e-14	1.062041e+05	1.845697e-14	1.070395e+05	3.745503e-14	1.071827e+05	3.826558e-14	1.087137e+05	4.042427e-14
2.784669e+02	1.056644e-14	9.389971e+04	1.886271e-14	9.538383e+04	2.028993e-14	1.056449e+05	2.865612e-14	1.062167e+05	1.813157e-14	1.070521e+05	3.727040e-14	1.071953e+05	3.796939e-14	1.087262e+05	4.020881e-14
2.916349e+02	1.035709e-14	9.391287e+04	1.881609e-14	9.539699e+04	2.023357e-14	1.056581e+05	2.773124e-14	1.062298e+05	1.779736e-14	1.070652e+05	3.713316e-14	1.072085e+05	3.684418e-14	1.087394e+05	4.010080e-14
3.054236e+02	1.014985e-14	9.392666e+04	1.876256e-14	9.541078e+04	2.017386e-14	1.056719e+05	2.693769e-14	1.062436e+05	1.743691e-14	1.070790e+05	3.694858e-14	1.072223e+05	3.665751e-14	1.087532e+05	3.988460e-14
3.198620e+02	9.952695e-15	9.394110e+04	1.871243e-14	9.542522e+04	2.011656e-14	1.056863e+05	2.642103e-14	1.062581e+05	1.708563e-14	1.070935e+05	3.680442e-14	1.072367e+05	3.748059e-14	1.087676e+05	3.976371e-14
3.349810e+02	9.760765e-15	9.395622e+04	1.865561e-14	9.544034e+04	2.005568e-14	1.057014e+05	2.620239e-14	1.062732e+05	1.672678e-14	1.071086e+05	3.661824e-14	1.072518e+05	3.788190e-14	1.087828e+05	3.954339e-14
3.508124e+02	9.576227e-15	9.397205e+04	1.860297e-14	9.545617e+04	1.999625e-14	1.057173e+05	2.629472e-14	1.062890e+05	1.639394e-14	1.071244e+05	3.646993e-14	1.072677e+05	3.727853e-14	1.087986e+05	3.941070e-14
3.673900e+02	9.398214e-15	9.398863e+04	1.854930e-14	9.547275e+04	1.993591e-14	1.057338e+05	2.668084e-14	1.063056e+05	1.608125e-14	1.071410e+05	3.631719e-14	1.072842e+05	3.614859e-14	1.088152e+05	3.926767e-14
3.847489e+02	9.228556e-15	9.400599e+04	1.849260e-14	9.549011e+04	1.987269e-14	1.057512e+05	2.730260e-14	1.063230e+05	1.578644e-14	1.071583e+05	3.613197e-14	1.073016e+05	3.536761e-14	1.088325e+05	3.904520e-14
4.029258e+02	9.062215e-15	9.402417e+04	1.844063e-14	9.550829e+04	1.981078e-14	1.057694e+05	2.807371e-14	1.063411e+05	1.552993e-14	1.071765e+05	3.597769e-14	1.073198e+05	3.544837e-14	1.088507e+05	3.889550e-14
4.219594e+02	8.903208e-15	9.404320e+04	1.838794e-14	9.552732e+04	1.974822e-14	1.057884e+05	2.889905e-14	1.063602e+05	1.530523e-14	1.071955e+05	3.582039e-14	1.073388e+05	3.613677e-14	1.088697e+05	3.873859e-14
4.418901e+02	8.750603e-15	9.406313e+04	1.833371e-14	9.554725e+04	1.968549e-14	1.058083e+05	2.968598e-14	1.063801e+05	1.511416e-14	1.072155e+05	3.566020e-14	1.073587e+05	3.686322e-14	1.088897e+05	3.857730e-14
4.627600e+02	8.598516e-15	9.408400e+04	1.827528e-14	9.556812e+04	1.962087e-14	1.058292e+05	3.035277e-14	1.064010e+05	1.494782e-14	1.072363e+05	3.547376e-14	1.073796e+05	3.709879e-14	1.089105e+05	3.835347e-14
4.846135e+02	8.456208e-15	9.410585e+04	1.821898e-14	9.558997e+04	1.955755e-14	1.058511e+05	3.083732e-14	1.064228e+05	1.482072e-14	1.072582e+05	3.531183e-14	1.074015e+05	3.671244e-14	1.089324e+05	3.818968e-14
5.074969e+02	8.320178e-15	9.412874e+04	1.816238e-14	9.561286e+04	1.949345e-14	1.058739e+05	3.109619e-14	1.064457e+05	1.472270e-14	1.072811e+05	3.514766e-14	1.074243e+05	3.581953e-14	1.089553e+05	3.802212e-14
5.314588e+02	8.187581e-15	9.415270e+04	1.810595e-14	9.563682e+04	1.942860e-14	1.058979e+05	3.110960e-14	1.064697e+05	1.465015e-14	1.073050e+05	3.498212e-14	1.074483e+05	3.475925e-14	1.089792e+05	3.785083e-14
5.565500e+02	8.059664e-15	9.417779e+04	1.804936e-14	9.566191e+04	1.936397e-14	1.059230e+05	3.087459e-14	1.064948e+05	1.459800e-14	1.073301e+05	3.481536e-14	1.074734e+05	3.388752e-14	1.090043e+05	3.767657e-14
5.828237e+02	7.936607e-15	9.420406e+04	1.799354e-14	9.568818e+04	1.930088e-14	1.059493e+05	3.040914e-14	1.065210e+05	1.456841e-14	1.073564e+05	3.466623e-14	1.074997e+05	3.346212e-14	1.090306e+05	3.754158e-14
6.103356e+02	7.820084e-15	9.423158e+04	1.793456e-14	9.571570e+04	1.923511e-14	1.059768e+05	2.974278e-14	1.065485e+05	1.455135e-14	1.073839e+05	3.449784e-14	1.075272e+05	3.350466e-14	1.090581e+05	3.735887e-14
6.391442e+02	7.705170e-15	9.426038e+04	1.787560e-14	9.574450e+04	1.916771e-14	1.060056e+05	2.891253e-14	1.065774e+05	1.454373e-14	1.074127e+05	3.432830e-14	1.075560e+05	3.394541e-14	1.090869e+05	3.718336e-14
6.693104e+02	7.594953e-15	9.429055e+04	1.781652e-14	9.577467e+04	1.910071e-14	1.060358e+05	2.796931e-14	1.066075e+05	1.454420e-14	1.074429e+05	3.415684e-14	1.075862e+05	3.459304e-14	1.091171e+05	3.698667e-14
7.008984e+02	7.491268e-15	9.432214e+04	1.775655e-14	9.580626e+04	1.903297e-14	1.060673e+05	2.695189e-14	1.066391e+05	1.455069e-14	1.074745e+05	3.398562e-14	1.076177e+05	3.522790e-14	1.091487e+05	3.681192e-14
7.339750e+02	7.389679e-15	9.435521e+04	1.769801e-14	9.583933e+04	1.896481e-14	1.061004e+05	2.590955e-14	1.066722e+05	1.456048e-14	1.075076e+05	3.382671e-14	1.076508e+05	3.567625e-14	1.091817e+05	3.664331e-14
7.686104e+02	7.292029e-15	9.438985e+04	1.763673e-14	9.587397e+04	1.889628e-14	1.061351e+05	2.488105e-14	1.067068e+05	1.456652e-14	1.075422e+05	3.365471e-14	1.076855e+05	3.578852e-14	1.092164e+05	3.633651e-14
8.048782e+02	7.199965e-15	9.442612e+04	1.757754e-14	9.591024e+04	1.882773e-14	1.061713e+05	2.390653e-14	1.067431e+05	1.457263e-14	1.075785e+05	3.349298e-14	1.077217e+05	3.555207e-14	1.092526e+05	3.633497e-14
8.428553e+02	7.108255e-15	9.446410e+04	1.751629e-14	9.594822e+04	1.875772e-14	1.062093e+05	2.301904e-14	1.067811e+05	1.457002e-14	1.076164e+05	3.332048e-14	1.077597e+05	3.497831e-14	1.092906e+05	3.607962e-14
8.826221e+02	7.021670e-15	9.450386e+04	1.745530e-14	9.598798e+04	1.868838e-14	1.062491e+05	2.223747e-14	1.068208e+05	1.456362e-14	1.076562e+05	3.315670e-14	1.077995e+05	3.417634e-14	1.093304e+05	3.593312e-14
9.242631e+02	6.938568e-15	9.454550e+04	1.739380e-14	9.602962e+04	1.861947e-14	1.062907e+05	2.157990e-14	1.068625e+05	1.454881e-14	1.076979e+05	3.299153e-14	1.078411e+05	3.325318e-14	1.093720e+05	3.603087e-14
9.678666e+02	6.858555e-15	9.458911e+04	1.733220e-14	9.607323e+04	1.854977e-14	1.063343e+05	2.105996e-14	1.069061e+05	1.452277e-14	1.077415e+05	3.281677e-14	1.078847e+05	3.232503e-14	1.094156e+05	3.539577e-14
1.013525e+03	6.781034e-15	9.463477e+04	1.726992e-14	9.611889e+04	1.847930e-14	1.063800e+05	2.068184e-14	1.069517e+05	1.448875e-14	1.077871e+05	3.265040e-14	1.079304e+05	3.151666e-14	1.094613e+05	3.501313e-14
1.061335e+03	6.707411e-15	9.468258e+04	1.720710e-14	9.616670e+04	1.840813e-14	1.064278e+05	2.044474e-14	1.069995e+05	1.444419e-14	1.078349e+05	3.248378e-14	1.079782e+05	3.089979e-14	1.095091e+05	3.552256e-14
1.111399e+03	6.636079e-15	9.473264e+04	1.714392e-14	9.621676e+04	1.833633e-14	1.064778e+05	2.034372e-14	1.070496e+05	1.438876e-14	1.078850e+05	3.231594e-14	1.080282e+05	3.052137e-14	1.095592e+05	3.564212e-14
1.163822e+03	6.568781e-15	9.478506e+04	1.708097e-14	9.626918e+04	1.826401e-14	1.065303e+05	2.037303e-14	1.071020e+05	1.432214e-14	1.079374e+05	3.214767e-14	1.080807e+05	3.039659e-14	1.096116e+05	3.468024e-14
1.218715e+03	6.501859e-15	9.483996e+04	1.701747e-14	9.632408e+04	1.819292e-14	1.065852e+05	2.051988e-14	1.071569e+05	1.424390e-14	1.079923e+05	3.197828e-14	1.081356e+05	3.050601e-14	1.096665e+05	3.384973e-14
1.276196e+03	6.437007e-15	9.489744e+04	1.695330e-14	9.638156e+04	1.812161e-14	1.066426e+05	2.077045e-14	1.072144e+05	1.415504e-14	1.080498e+05	3.180808e-14	1.081930e+05	3.080794e-14	1.097240e+05	3.426800e-14
1.336385e+03	6.376934e-15	9.495763e+04	1.688825e-14	9.644175e+04	1.804846e-14	1.067028e+05	2.111112e-14	1.072746e+05	1.405593e-14	1.081100e+05	3.163888e-14	1.082532e+05	3.124766e-14	1.097842e+05	3.512992e-14
1.399412e+03	6.316515e-15	9.502065e+04	1.682411e-14	9.650477e+04	1.797654e-14	1.067659e+05	2.152595e-14	1.073376e+05	1.394602e-14	1.081730e+05	3.146732e-14	1.083163e+05	3.176030e-14	1.098472e+05	3.509936e-14
1.465408e+03	6.261037e-15	9.508665e+04	1.675844e-14	9.657077e+04	1.790355e-14	1.068319e+05	2.200022e-14	1.074036e+05	1.382761e-14	1.082390e+05	3.130183e-14	1.083823e+05	3.228809e-14	1.099132e+05	3.399347e-14
1.534515e+03	6.206524e-15	9.515576e+04	1.669182e-14	9.663988e+04	1.783026e-14	1.069010e+05	2.251689e-14	1.074727e+05	1.369897e-14	1.083081e+05	3.112974e-14	1.084514e+05	3.276193e-14	1.099823e+05	3.277744e-14
1.606879e+03	6.153827e-15	9.522812e+04	1.662603e-14	9.671224e+04	1.775638e-14	1.069733e+05	2.306308e-14	1.075451e+05	1.356223e-14	1.083805e+05	3.096082e-14	1.085237e+05	3.314345e-14	1.100546e+05	3.246781e-14
1.682653e+03	6.101725e-15	9.530389e+04	1.655958e-14	9.678801e+04	1.768213e-14	1.070491e+05	2.362329e-14	1.076209e+05	1.341692e-14	1.084562e+05	3.079004e-14	1.085995e+05	3.338739e-14	1.101304e+05	3.314532e-14
1.761998e+03	6.052781e-15	9.538324e+04	1.649278e-14	9.686736e+04	1.760751e-14	1.071284e+05	2.418605e-14	1.077002e+05	1.326445e-14	1.085356e+05	3.062380e-14	1.086788e+05	3.347981e-14	1.102098e+05	3.410307e-14
1.845083e+03	6.006135e-15	9.546632e+04	1.642556e-14	9.695044e+04	1.753245e-14	1.072115e+05	2.473852e-14	1.077833e+05	1.310542e-14	1.086187e+05	3.045449e-14	1.087619e+05	3.340627e-14	1.102929e+05	3.448098e-14
1.932083e+03	5.959563e-15	9.555332e+04	1.635806e-14	9.703744e+04	1.745734e-14	1.072985e+05	2.527032e-14	1.078703e+05	1.293980e-14	1.087057e+05	3.027861e-14	1.088489e+05	3.316632e-14	1.103799e+05	3.391686e-14
2.023184e+03	5.916726e-15	9.564442e+04	1.628960e-14	9.712854e+04	1.738076e-14	1.073896e+05	2.577432e-14	1.079614e+05	1.276927e-14	1.087968e+05	3.011006e-14	1.089400e+05	3.277544e-14	1.104710e+05	3.270264e-14
2.118578e+03	5.873383e-15	9.573982e+04	1.622100e-14	9.722394e+04	1.730540e-14	1.074850e+05	2.624172e-14	1.080568e+05	1.259382e-14	1.088922e+05	2.994610e-14	1.090354e+05	3.225521e-14	1.105663e+05	3.146708e-14
2.218468e+03	5.832643e-15	9.583971e+04	1.615306e-14	9.732383e+04	1.722901e-14	1.075849e+05	2.666580e-14	1.081567e+05	1.241405e-14	1.089921e+05	2.977935e-14	1.091353e+05	3.162457e-14	1.106662e+05	3.077431e-14
2.323065e+03	5.792634e-15	9.594431e+04	1.608413e-14	9.742843e+04	1.715290e-14	1.076895e+05	2.704255e-14	1.082613e+05	1.223093e-14	1.090967e+05	2.960726e-14	1.092399e+05	3.091998e-14	1.107708e+05	3.085822e-14
2.432592e+03	5.754081e-15	9.605383e+04	1.601460e-14	9.753795e+04	1.707538e-14	1.077990e+05	2.736732e-14	1.083708e+05	1.204487e-14	1.092062e+05	2.942899e-14	1.093494e+05	3.016460e-14	1.108804e+05	3.154252e-14
2.547281e+03	5.717162e-15	9.616852e+04	1.594565e-14	9.765264e+04	1.699762e-14	1.079137e+05	2.763780e-14	1.084855e+05	1.185634e-14	1.093209e+05	2.925316e-14	1.094641e+05	2.938691e-14	1.109951e+05	3.242346e-14
2.667375e+03	5.681471e-15	9.628861e+04	1.587530e-14	9.777273e+04	1.692013e-14	1.080338e+05	2.785233e-14	1.086056e+05	1.166625e-14	1.094410e+05	2.908926e-14	1.095842e+05	2.862048e-14	1.111151e+05	3.306521e-14
2.793129e+03	5.646357e-15	9.641437e+04	1.580483e-14	9.789849e+04	1.684238e-14	1.081596e+05	2.800928e-14	1.087313e+05	1.147394e-14	1.095667e+05	2.893163e-14	1.097100e+05	2.788695e-14	1.112409e+05	3.316676e-14
2.924809e+03	5.612261e-15	9.654605e+04	1.573430e-14	9.803017e+04	1.676412e-14	1.082913e+05	2.810984e-14	1.088630e+05	1.128157e-14	1.096984e+05	2.877017e-14	1.098417e+05	2.720444e-14	1.113726e+05	3.265595e-14
3.062696e+03	5.579632e-15	9.668394e+04	1.566414e-14	9.816806e+04	1.668620e-14	1.084291e+05	2.815451e-14	1.090009e+05	1.108809e-14	1.098363e+05	2.859831e-14	1.099795e+05	2.659458e-14	1.115105e+05	3.168407e-14
3.207080e+03	5.548178e-15	9.682832e+04	1.559258e-14	9.831244e+04	1.660792e-14	1.085735e+05	2.814367e-14	1.091453e+05	1.089531e-14	1.099807e+05	2.841652e-14	1.101239e+05	2.606842e-14	1.116549e+05	3.051518e-14
3.358270e+03	5.517390e-15	9.697951e+04	1.552051e-14	9.846363e+04	1.652864e-14	1.087247e+05	2.807856e-14	1.092965e+05	1.070219e-14	1.101319e+05	2.822704e-14	1.102751e+05	2.563376e-14	1.118060e+05	2.945229e-14
3.516584e+03	5.487335e-15	9.713782e+04	1.544803e-14	9.862194e+04	1.644900e-14	1.088830e+05	2.796297e-14	1.094548e+05	1.051087e-14	1.102902e+05	2.804509e-14	1.104334e+05	2.529502e-14	1.119644e+05	2.872491e-14
3.682360e+03	5.458764e-15	9.730360e+04	1.537522e-14	9.878772e+04	1.636956e-14	1.090488e+05	2.779868e-14	1.096206e+05	1.031981e-14	1.104560e+05	2.787585e-14	1.105992e+05	2.505515e-14	1.121301e+05	2.845682e-14
3.855949e+03	5.430746e-15	9.747719e+04	1.530318e-14	9.896131e+04	1.629006e-14	1.092224e+05	2.758849e-14	1.097942e+05	1.012964e-14	1.106295e+05	2.772046e-14	1.107728e+05	2.491063e-14	1.123037e+05	2.863450e-14
4.037718e+03	5.402971e-15	9.765896e+04	1.523052e-14	9.914308e+04	1.620996e-14	1.094042e+05	2.733603e-14	1.099759e+05	9.942416e-15	1.108113e+05	2.757468e-14	1.109546e+05	2.485791e-14	1.124855e+05	2.915414e-14
4.228054e+03	5.376164e-15	9.784929e+04	1.515580e-14	9.933341e+04	1.612856e-14	1.095945e+05	2.704392e-14	1.101663e+05	9.756947e-15	1.110016e+05	2.742959e-14	1.111449e+05	2.488951e-14	1.126758e+05	2.984560e-14
4.427361e+03	5.351061e-15	9.804860e+04	1.508212e-14	9.953272e+04	1.604846e-14	1.097938e+05	2.671154e-14	1.103656e+05	9.572475e-15	1.112010e+05	2.727225e-14	1.113442e+05	2.499789e-14	1.128751e+05	3.051942e-14
4.636060e+03	5.325323e-15	9.825730e+04	1.500750e-14	9.974142e+04	1.596713e-14	1.100025e+05	2.635070e-14	1.105743e+05	9.392279e-15	1.114096e+05	2.709612e-14	1.115529e+05	2.517156e-14	1.130838e+05	3.101378e-14
4.854595e+03	5.300548e-15	9.847584e+04	1.493276e-14	9.995996e+04	1.588508e-14	1.102210e+05	2.595624e-14	1.107928e+05	9.212952e-15	1.116282e+05	2.690398e-14	1.117714e+05	2.540047e-14	1.133024e+05	3.121604e-14
5.083429e+03	5.276427e-15	9.870467e+04	1.485776e-14	1.001888e+05	1.580325e-14	1.104499e+05	2.553408e-14	1.110216e+05	9.037128e-15	1.118570e+05	2.669908e-14	1.120003e+05	2.567390e-14	1.135312e+05	3.107693e-14
5.323048e+03	5.253210e-15	9.894429e+04	1.478151e-14	1.004284e+05	1.572125e-14	1.106895e+05	2.508819e-14	1.112613e+05	8.861885e-15	1.120966e+05	2.649221e-14	1.122399e+05	2.598182e-14	1.137708e+05	3.060809e-14
5.573960e+03	5.230321e-15	9.919520e+04	1.470635e-14	1.006793e+05	1.563950e-14	1.109404e+05	2.462189e-14	1.115122e+05	8.691990e-15	1.123476e+05	2.629477e-14	1.124908e+05	2.631077e-14	1.140217e+05	2.987242e-14
5.836697e+03	5.208609e-15	9.945794e+04	1.462981e-14	1.009421e+05	1.555557e-14	1.112031e+05	2.413414e-14	1.117749e+05	8.525226e-15	1.126103e+05	2.611766e-14	1.127535e+05	2.665271e-14	1.142845e+05	2.896604e-14
6.111816e+03	5.186577e-15	9.973306e+04	1.455249e-14	1.012172e+05	1.547346e-14	1.114783e+05	2.363274e-14	1.120500e+05	8.360125e-15	1.128854e+05	2.596124e-14	1.130287e+05	2.699682e-14	1.145596e+05	2.799329e-14
0.000000e+00	0.000000e+00	1.000211e+05	1.447495e-14	1.015053e+05	1.538963e-14	1.117664e+05	2.311912e-14	1.123381e+05	8.198390e-15	1.131735e+05	2.582500e-14	1.133168e+05	2.733375e-14	1.148477e+05	2.706182e-14
0.000000e+00	0.000000e+00	1.003228e+05	1.439756e-14	1.018069e+05	1.530553e-14	1.120680e+05	2.259324e-14	1.126398e+05	8.040312e-15	1.134752e+05	2.570249e-14	1.136184e+05	2.765542e-14	1.151493e+05	2.626212e-14
0.000000e+00	0.000000e+00	1.006387e+05	1.432001e-14	1.021228e+05	1.522115e-14	1.123839e+05	2.206034e-14	1.129557e+05	7.885785e-15	1.137910e+05	2.558452e-14	1.139343e+05	2.795493e-14	1.154652e+05	2.565808e-14
0.000000e+00	0.000000e+00	1.009694e+05	1.424236e-14	1.024536e+05	1.513730e-14	1.127147e+05	2.152123e-14	1.132864e+05	7.734920e-15	1.141218e+05	2.546025e-14	1.142651e+05	2.822591e-14	1.157960e+05	2.528541e-14
0.000000e+00	0.000000e+00	1.013158e+05	1.416260e-14	1.027999e+05	1.505117e-14	1.130610e+05	2.097450e-14	1.136328e+05	7.586609e-15	1.144682e+05	2.531900e-14	1.146114e+05	2.846359e-14	1.161423e+05	2.515027e-14
0.000000e+00	0.000000e+00	1.016785e+05	1.408278e-14	1.031626e+05	1.496639e-14	1.134237e+05	2.042584e-14	1.139955e+05	7.441892e-15	1.148308e+05	2.515488e-14	1.149741e+05	2.866291e-14	1.165050e+05	2.523574e-14
0.000000e+00	0.000000e+00	1.020583e+05	1.400343e-14	1.035424e+05	1.488097e-14	1.138035e+05	1.987848e-14	1.143752e+05	7.300400e-15	1.152106e+05	2.496585e-14	1.153539e+05	2.882054e-14	1.168848e+05	2.550216e-14
0.000000e+00	0.000000e+00	1.024559e+05	1.392302e-14	1.039400e+05	1.479493e-14	1.142011e+05	1.933163e-14	1.147729e+05	7.162310e-15	1.156083e+05	2.475350e-14	1.157515e+05	2.893355e-14	1.172825e+05	2.589956e-14
0.000000e+00	0.000000e+00	1.028723e+05	1.384288e-14	1.043565e+05	1.470792e-14	1.146175e+05	1.879043e-14	1.151893e+05	7.026035e-15	1.160247e+05	2.452327e-14	1.161679e+05	2.900108e-14	1.176989e+05	2.637057e-14
0.000000e+00	0.000000e+00	1.033084e+05	1.376189e-14	1.047925e+05	1.462190e-14	1.150536e+05	1.824721e-14	1.156253e+05	6.895456e-15	1.164607e+05	2.428050e-14	1.166040e+05	2.902124e-14	1.181349e+05	2.685669e-14
0.000000e+00	0.000000e+00	1.037650e+05	1.368045e-14	1.052491e+05	1.453510e-14	1.155102e+05	1.771377e-14	1.160819e+05	6.766710e-15	1.169173e+05	2.403926e-14	1.170606e+05	2.899390e-14	1.185915e+05	2.730506e-14
0.000000e+00	0.000000e+00	1.042431e+05	1.359842e-14	1.057272e+05	1.444789e-14	1.159883e+05	1.718394e-14	1.165600e+05	6.641363e-15	1.173954e+05	2.380606e-14	1.175387e+05	2.891895e-14	1.190696e+05	2.766976e-14
0.000000e+00	0.000000e+00	1.047437e+05	1.351596e-14	1.062278e+05	1.436137e-14	1.164889e+05	1.665682e-14	1.170607e+05	6.519996e-15	1.178960e+05	2.358925e-14	1.180393e+05	2.879734e-14	1.195702e+05	2.791627e-14
0.000000e+00	0.000000e+00	1.052679e+05	1.343196e-14	1.067520e+05	1.427355e-14	1.170131e+05	1.614185e-14	1.175849e+05	6.402010e-15	1.184203e+05	2.339791e-14	1.185635e+05	2.862962e-14	1.200944e+05	2.802003e-14
0.000000e+00	0.000000e+00	1.058169e+05	1.334880e-14	1.073010e+05	1.418545e-14	1.175621e+05	1.563270e-14	1.181338e+05	6.285656e-15	1.189692e+05	2.323281e-14	1.191125e+05	2.841806e-14	1.206434e+05	2.797209e-14
0.000000e+00	0.000000e+00	1.063917e+05	1.326481e-14	1.078758e+05	1.409655e-14	1.181369e+05	1.513493e-14	1.187086e+05	6.173531e-15	1.195440e+05	2.309575e-14	1.196873e+05	2.816505e-14	1.212182e+05	2.776911e-14
0.000000e+00	0.000000e+00	1.069936e+05	1.317978e-14	1.084777e+05	1.400589e-14	1.187388e+05	1.464598e-14	1.193105e+05	6.064104e-15	1.201459e+05	2.298440e-14	1.202892e+05	2.787238e-14	1.218201e+05	2.741922e-14
0.000000e+00	0.000000e+00	1.076238e+05	1.309563e-14	1.091079e+05	1.391450e-14	1.193690e+05	1.416936e-14	1.199408e+05	5.957173e-15	1.207762e+05	2.289372e-14	1.209194e+05	2.754327e-14	1.224503e+05	2.694157e-14
0.000000e+00	0.000000e+00	1.082838e+05	1.300994e-14	1.097679e+05	1.382197e-14	1.200290e+05	1.369924e-14	1.206008e+05	5.853665e-15	1.214361e+05	2.281600e-14	1.215794e+05	2.717702e-14	1.231103e+05	2.635559e-14
0.000000e+00	0.000000e+00	1.089749e+05	1.292402e-14	1.104590e+05	1.372957e-14	1.207201e+05	1.324305e-14	1.212918e+05	5.753203e-15	1.221272e+05	2.274453e-14	1.222705e+05	2.677962e-14	1.238014e+05	2.568707e-14
0.000000e+00	0.000000e+00	1.096985e+05	1.283789e-14	1.111826e+05	1.363776e-14	1.214437e+05	1.279331e-14	1.220155e+05	5.655434e-15	1.228508e+05	2.266990e-14	1.229941e+05	2.635200e-14	1.245250e+05	2.496596e-14
0.000000e+00	0.000000e+00	1.104562e+05	1.275038e-14	1.119403e+05	1.354548e-14	1.222014e+05	1.235769e-14	1.227732e+05	5.561398e-15	1.236086e+05	2.258616e-14	1.237518e+05	2.589522e-14	1.252828e+05	2.421329e-14
0.000000e+00	0.000000e+00	1.112497e+05	1.266347e-14	1.127338e+05	1.345256e-14	1.229949e+05	1.193366e-14	1.235667e+05	5.469850e-15	1.244020e+05	2.248537e-14	1.245453e+05	2.541509e-14	1.260762e+05	2.345958e-14
0.000000e+00	0.000000e+00	1.120805e+05	1.257620e-14	0.000000e+00	0.000000e+00	1.238257e+05	1.152282e-14	1.243975e+05	5.379797e-15	1.252329e+05	2.236162e-14	1.253761e+05	2.491550e-14	1.269071e+05	2.273054e-14
0.000000e+00	0.000000e+00	1.129505e+05	1.248968e-14	0.000000e+00	0.000000e+00	0.000000e+00	0.000000e+00	1.252675e+05	5.293212e-15	1.261029e+05	2.220982e-14	1.262461e+05	2.439261e-14	1.277771e+05	2.204528e-14
0.000000e+00	0.000000e+00	1.138615e+05	1.240127e-14	0.000000e+00	0.000000e+00	0.000000e+00	0.000000e+00	1.261785e+05	5.209596e-15	1.270139e+05	2.203177e-14	0.000000e+00	0.000000e+00	1.286881e+05	2.141699e-14
0.000000e+00	0.000000e+00	0.000000e+00	0.000000e+00	0.000000e+00	0.000000e+00	0.000000e+00	0.000000e+00	0.000000e+00	0.000000e+00	1.279678e+05	2.182152e-14	0.000000e+00	0.000000e+00	0.000000e+00	0.000000e+00
