E, cm-1	Sigma_00, cm2	Sigma_01, cm2	Sigma_02, cm2	Sigma_10, cm2	Sigma_11, cm2	Sigma_12, cm2	Sigma_20, cm2	Sigma_21, cm2	Sigma_22, cm2	
9.308730e+04	3.337391e-14	0.000000e+00	0.000000e+00	0.000000e+00	0.000000e+00	0.000000e+00	0.000000e+00	0.000000e+00	0.000000e+00
9.308741e+04	3.224600e-14	0.000000e+00	0.000000e+00	0.000000e+00	0.000000e+00	0.000000e+00	0.000000e+00	0.000000e+00	0.000000e+00
9.308752e+04	3.115749e-14	0.000000e+00	0.000000e+00	0.000000e+00	0.000000e+00	0.000000e+00	0.000000e+00	0.000000e+00	0.000000e+00
9.308763e+04	3.010963e-14	0.000000e+00	0.000000e+00	0.000000e+00	0.000000e+00	0.000000e+00	0.000000e+00	0.000000e+00	0.000000e+00
9.308774e+04	3.979761e-14	0.000000e+00	0.000000e+00	0.000000e+00	0.000000e+00	0.000000e+00	0.000000e+00	0.000000e+00	0.000000e+00
9.308786e+04	3.864827e-14	0.000000e+00	0.000000e+00	0.000000e+00	0.000000e+00	0.000000e+00	0.000000e+00	0.000000e+00	0.000000e+00
9.308798e+04	3.751121e-14	0.000000e+00	0.000000e+00	0.000000e+00	0.000000e+00	0.000000e+00	0.000000e+00	0.000000e+00	0.000000e+00
9.308811e+04	3.639199e-14	0.000000e+00	0.000000e+00	0.000000e+00	0.000000e+00	0.000000e+00	0.000000e+00	0.000000e+00	0.000000e+00
9.308823e+04	3.529513e-14	0.000000e+00	0.000000e+00	0.000000e+00	0.000000e+00	0.000000e+00	0.000000e+00	0.000000e+00	0.000000e+00
9.308836e+04	3.422422e-14	0.000000e+00	0.000000e+00	0.000000e+00	0.000000e+00	0.000000e+00	0.000000e+00	0.000000e+00	0.000000e+00
9.308850e+04	3.318194e-14	0.000000e+00	0.000000e+00	0.000000e+00	0.000000e+00	0.000000e+00	0.000000e+00	0.000000e+00	0.000000e+00
9.308863e+04	3.217020e-14	0.000000e+00	0.000000e+00	0.000000e+00	0.000000e+00	0.000000e+00	0.000000e+00	0.000000e+00	0.000000e+00
9.308877e+04	3.999838e-14	0.000000e+00	0.000000e+00	0.000000e+00	0.000000e+00	0.000000e+00	0.000000e+00	0.000000e+00	0.000000e+00
9.308892e+04	3.897573e-14	0.000000e+00	0.000000e+00	0.000000e+00	0.000000e+00	0.000000e+00	0.000000e+00	0.000000e+00	0.000000e+00
9.308906e+04	3.795581e-14	0.000000e+00	0.000000e+00	0.000000e+00	0.000000e+00	0.000000e+00	0.000000e+00	0.000000e+00	0.000000e+00
9.308921e+04	3.694441e-14	0.000000e+00	0.000000e+00	0.000000e+00	0.000000e+00	0.000000e+00	0.000000e+00	0.000000e+00	0.000000e+00
9.308936e+04	3.594630e-14	0.000000e+00	0.000000e+00	0.000000e+00	0.000000e+00	0.000000e+00	0.000000e+00	0.000000e+00	0.000000e+00
9.308952e+04	3.496523e-14	0.000000e+00	0.000000e+00	0.000000e+00	0.000000e+00	0.000000e+00	0.000000e+00	0.000000e+00	0.000000e+00
9.308968e+04	4.118704e-14	0.000000e+00	0.000000e+00	0.000000e+00	0.000000e+00	0.000000e+00	0.000000e+00	0.000000e+00	0.000000e+00
9.308984e+04	4.028544e-14	0.000000e+00	0.000000e+00	0.000000e+00	0.000000e+00	0.000000e+00	0.000000e+00	0.000000e+00	0.000000e+00
9.309001e+04	3.937070e-14	0.000000e+00	0.000000e+00	0.000000e+00	0.000000e+00	0.000000e+00	0.000000e+00	0.000000e+00	0.000000e+00
9.309018e+04	3.844976e-14	0.000000e+00	0.000000e+00	0.000000e+00	0.000000e+00	0.000000e+00	0.000000e+00	0.000000e+00	0.000000e+00
9.309036e+04	3.752872e-14	0.000000e+00	0.000000e+00	0.000000e+00	0.000000e+00	0.000000e+00	0.000000e+00	0.000000e+00	0.000000e+00
9.309053e+04	3.661267e-14	0.000000e+00	0.000000e+00	0.000000e+00	0.000000e+00	0.000000e+00	0.000000e+00	0.000000e+00	0.000000e+00
9.309072e+04	4.149881e-14	0.000000e+00	0.000000e+00	0.000000e+00	0.000000e+00	0.000000e+00	0.000000e+00	0.000000e+00	0.000000e+00
9.309091e+04	4.070021e-14	0.000000e+00	0.000000e+00	0.000000e+00	0.000000e+00	0.000000e+00	0.000000e+00	0.000000e+00	0.000000e+00
9.309110e+04	3.987888e-14	0.000000e+00	0.000000e+00	0.000000e+00	0.000000e+00	0.000000e+00	0.000000e+00	0.000000e+00	0.000000e+00
9.309129e+04	3.904204e-14	0.000000e+00	0.000000e+00	0.000000e+00	0.000000e+00	0.000000e+00	0.000000e+00	0.000000e+00	0.000000e+00
9.309150e+04	3.819633e-14	0.000000e+00	0.000000e+00	0.000000e+00	0.000000e+00	0.000000e+00	0.000000e+00	0.000000e+00	0.000000e+00
9.309170e+04	3.734757e-14	0.000000e+00	0.000000e+00	0.000000e+00	0.000000e+00	0.000000e+00	0.000000e+00	0.000000e+00	0.000000e+00
9.309191e+04	3.650048e-14	0.000000e+00	0.000000e+00	0.000000e+00	0.000000e+00	0.000000e+00	0.000000e+00	0.000000e+00	0.000000e+00
9.309213e+04	3.565868e-14	0.000000e+00	0.000000e+00	0.000000e+00	0.000000e+00	0.000000e+00	0.000000e+00	0.000000e+00	0.000000e+00
9.309235e+04	3.482458e-14	0.000000e+00	0.000000e+00	0.000000e+00	0.000000e+00	0.000000e+00	0.000000e+00	0.000000e+00	0.000000e+00
9.309257e+04	3.399949e-14	0.000000e+00	0.000000e+00	0.000000e+00	0.000000e+00	0.000000e+00	0.000000e+00	0.000000e+00	0.000000e+00
9.309280e+04	3.318369e-14	0.000000e+00	0.000000e+00	0.000000e+00	0.000000e+00	0.000000e+00	0.000000e+00	0.000000e+00	0.000000e+00
9.309304e+04	3.237658e-14	0.000000e+00	0.000000e+00	0.000000e+00	0.000000e+00	0.000000e+00	0.000000e+00	0.000000e+00	0.000000e+00
9.309328e+04	3.660904e-14	0.000000e+00	0.000000e+00	0.000000e+00	0.000000e+00	0.000000e+00	0.000000e+00	0.000000e+00	0.000000e+00
9.309353e+04	3.581765e-14	0.000000e+00	0.000000e+00	0.000000e+00	0.000000e+00	0.000000e+00	0.000000e+00	0.000000e+00	0.000000e+00
9.309378e+04	3.503133e-14	0.000000e+00	0.000000e+00	0.000000e+00	0.000000e+00	0.000000e+00	0.000000e+00	0.000000e+00	0.000000e+00
9.309404e+04	3.425140e-14	0.000000e+00	0.000000e+00	0.000000e+00	0.000000e+00	0.000000e+00	0.000000e+00	0.000000e+00	0.000000e+00
9.309431e+04	3.347799e-14	0.000000e+00	0.000000e+00	0.000000e+00	0.000000e+00	0.000000e+00	0.000000e+00	0.000000e+00	0.000000e+00
9.309458e+04	3.697433e-14	0.000000e+00	0.000000e+00	0.000000e+00	0.000000e+00	0.000000e+00	0.000000e+00	0.000000e+00	0.000000e+00
9.309486e+04	3.622899e-14	0.000000e+00	0.000000e+00	0.000000e+00	0.000000e+00	0.000000e+00	0.000000e+00	0.000000e+00	0.000000e+00
9.309514e+04	3.548704e-14	0.000000e+00	0.000000e+00	0.000000e+00	0.000000e+00	0.000000e+00	0.000000e+00	0.000000e+00	0.000000e+00
9.309543e+04	3.475056e-14	0.000000e+00	0.000000e+00	0.000000e+00	0.000000e+00	0.000000e+00	0.000000e+00	0.000000e+00	0.000000e+00
9.309573e+04	3.402029e-14	0.000000e+00	0.000000e+00	0.000000e+00	0.000000e+00	0.000000e+00	0.000000e+00	0.000000e+00	0.000000e+00
9.309603e+04	3.693559e-14	0.000000e+00	0.000000e+00	0.000000e+00	0.000000e+00	0.000000e+00	0.000000e+00	0.000000e+00	0.000000e+00
9.309634e+04	3.623904e-14	0.000000e+00	0.000000e+00	0.000000e+00	0.000000e+00	0.000000e+00	0.000000e+00	0.000000e+00	0.000000e+00
9.309666e+04	3.554611e-14	0.000000e+00	0.000000e+00	0.000000e+00	0.000000e+00	0.000000e+00	0.000000e+00	0.000000e+00	0.000000e+00
9.309699e+04	3.485919e-14	0.000000e+00	0.000000e+00	0.000000e+00	0.000000e+00	0.000000e+00	0.000000e+00	0.000000e+00	0.000000e+00
9.309732e+04	3.729458e-14	0.000000e+00	0.000000e+00	0.000000e+00	0.000000e+00	0.000000e+00	0.000000e+00	0.000000e+00	0.000000e+00
9.309767e+04	3.664833e-14	0.000000e+00	0.000000e+00	0.000000e+00	0.000000e+00	0.000000e+00	0.000000e+00	0.000000e+00	0.000000e+00
9.309801e+04	3.600312e-14	0.000000e+00	0.000000e+00	0.000000e+00	0.000000e+00	0.000000e+00	0.000000e+00	0.000000e+00	0.000000e+00
9.309837e+04	3.536264e-14	0.000000e+00	0.000000e+00	0.000000e+00	0.000000e+00	0.000000e+00	0.000000e+00	0.000000e+00	0.000000e+00
9.309874e+04	3.472887e-14	0.000000e+00	0.000000e+00	0.000000e+00	0.000000e+00	0.000000e+00	0.000000e+00	0.000000e+00	0.000000e+00
9.309911e+04	3.410204e-14	0.000000e+00	0.000000e+00	0.000000e+00	0.000000e+00	0.000000e+00	0.000000e+00	0.000000e+00	0.000000e+00
9.309950e+04	3.348068e-14	0.000000e+00	0.000000e+00	0.000000e+00	0.000000e+00	0.000000e+00	0.000000e+00	0.000000e+00	0.000000e+00
9.309989e+04	3.286195e-14	0.000000e+00	0.000000e+00	0.000000e+00	0.000000e+00	0.000000e+00	0.000000e+00	0.000000e+00	0.000000e+00
9.310029e+04	3.224196e-14	0.000000e+00	0.000000e+00	0.000000e+00	0.000000e+00	0.000000e+00	0.000000e+00	0.000000e+00	0.000000e+00
9.310070e+04	3.446071e-14	0.000000e+00	0.000000e+00	0.000000e+00	0.000000e+00	0.000000e+00	0.000000e+00	0.000000e+00	0.000000e+00
9.310112e+04	3.388247e-14	0.000000e+00	0.000000e+00	0.000000e+00	0.000000e+00	0.000000e+00	0.000000e+00	0.000000e+00	0.000000e+00
9.310155e+04	3.330680e-14	0.000000e+00	0.000000e+00	0.000000e+00	0.000000e+00	0.000000e+00	0.000000e+00	0.000000e+00	0.000000e+00
9.310199e+04	3.272960e-14	0.000000e+00	0.000000e+00	0.000000e+00	0.000000e+00	0.000000e+00	0.000000e+00	0.000000e+00	0.000000e+00
9.310244e+04	3.463702e-14	0.000000e+00	0.000000e+00	0.000000e+00	0.000000e+00	0.000000e+00	0.000000e+00	0.000000e+00	0.000000e+00
9.310290e+04	3.409248e-14	0.000000e+00	0.000000e+00	0.000000e+00	0.000000e+00	0.000000e+00	0.000000e+00	0.000000e+00	0.000000e+00
9.310337e+04	3.354903e-14	0.000000e+00	0.000000e+00	0.000000e+00	0.000000e+00	0.000000e+00	0.000000e+00	0.000000e+00	0.000000e+00
9.310386e+04	3.517785e-14	0.000000e+00	0.000000e+00	0.000000e+00	0.000000e+00	0.000000e+00	0.000000e+00	0.000000e+00	0.000000e+00
9.310435e+04	3.465428e-14	0.000000e+00	0.000000e+00	0.000000e+00	0.000000e+00	0.000000e+00	0.000000e+00	0.000000e+00	0.000000e+00
9.310485e+04	3.413228e-14	0.000000e+00	0.000000e+00	0.000000e+00	0.000000e+00	0.000000e+00	0.000000e+00	0.000000e+00	0.000000e+00
9.310537e+04	3.360956e-14	0.000000e+00	0.000000e+00	0.000000e+00	0.000000e+00	0.000000e+00	0.000000e+00	0.000000e+00	0.000000e+00
9.310590e+04	3.502850e-14	0.000000e+00	0.000000e+00	0.000000e+00	0.000000e+00	0.000000e+00	0.000000e+00	0.000000e+00	0.000000e+00
9.310644e+04	3.452032e-14	0.000000e+00	0.000000e+00	0.000000e+00	0.000000e+00	0.000000e+00	0.000000e+00	0.000000e+00	0.000000e+00
9.310700e+04	3.401278e-14	0.000000e+00	0.000000e+00	0.000000e+00	0.000000e+00	0.000000e+00	0.000000e+00	0.000000e+00	0.000000e+00
9.310756e+04	3.350381e-14	0.000000e+00	0.000000e+00	0.000000e+00	0.000000e+00	0.000000e+00	0.000000e+00	0.000000e+00	0.000000e+00
9.310814e+04	3.298967e-14	0.000000e+00	0.000000e+00	0.000000e+00	0.000000e+00	0.000000e+00	0.000000e+00	0.000000e+00	0.000000e+00
9.310874e+04	3.246560e-14	0.000000e+00	0.000000e+00	0.000000e+00	0.000000e+00	0.000000e+00	0.000000e+00	0.000000e+00	0.000000e+00
9.310934e+04	3.192648e-14	0.000000e+00	0.000000e+00	0.000000e+00	0.000000e+00	0.000000e+00	0.000000e+00	0.000000e+00	0.000000e+00
9.310996e+04	3.326547e-14	0.000000e+00	0.000000e+00	0.000000e+00	0.000000e+00	0.000000e+00	0.000000e+00	0.000000e+00	0.000000e+00
9.311060e+04	3.276694e-14	0.000000e+00	0.000000e+00	0.000000e+00	0.000000e+00	0.000000e+00	0.000000e+00	0.000000e+00	0.000000e+00
9.311125e+04	3.225878e-14	0.000000e+00	0.000000e+00	0.000000e+00	0.000000e+00	0.000000e+00	0.000000e+00	0.000000e+00	0.000000e+00
9.311192e+04	3.342170e-14	0.000000e+00	0.000000e+00	0.000000e+00	0.000000e+00	0.000000e+00	0.000000e+00	0.000000e+00	0.000000e+00
9.311260e+04	3.294961e-14	0.000000e+00	0.000000e+00	0.000000e+00	0.000000e+00	0.000000e+00	0.000000e+00	0.000000e+00	0.000000e+00
9.311330e+04	3.247244e-14	0.000000e+00	0.000000e+00	0.000000e+00	0.000000e+00	0.000000e+00	0.000000e+00	0.000000e+00	0.000000e+00
9.311401e+04	3.349987e-14	0.000000e+00	0.000000e+00	0.000000e+00	0.000000e+00	0.000000e+00	0.000000e+00	0.000000e+00	0.000000e+00
9.311474e+04	3.305487e-14	0.000000e+00	0.000000e+00	0.000000e+00	0.000000e+00	0.000000e+00	0.000000e+00	0.000000e+00	0.000000e+00
9.311549e+04	3.260737e-14	0.000000e+00	0.000000e+00	0.000000e+00	0.000000e+00	0.000000e+00	0.000000e+00	0.000000e+00	0.000000e+00
9.311625e+04	3.352725e-14	0.000000e+00	0.000000e+00	0.000000e+00	0.000000e+00	0.000000e+00	0.000000e+00	0.000000e+00	0.000000e+00
9.311703e+04	3.310657e-14	0.000000e+00	0.000000e+00	0.000000e+00	0.000000e+00	0.000000e+00	0.000000e+00	0.000000e+00	0.000000e+00
9.311784e+04	3.268337e-14	0.000000e+00	0.000000e+00	0.000000e+00	0.000000e+00	0.000000e+00	0.000000e+00	0.000000e+00	0.000000e+00
9.311865e+04	3.225061e-14	0.000000e+00	0.000000e+00	0.000000e+00	0.000000e+00	0.000000e+00	0.000000e+00	0.000000e+00	0.000000e+00
9.311949e+04	3.180097e-14	0.000000e+00	0.000000e+00	0.000000e+00	0.000000e+00	0.000000e+00	0.000000e+00	0.000000e+00	0.000000e+00
9.312035e+04	3.132841e-14	0.000000e+00	0.000000e+00	0.000000e+00	0.000000e+00	0.000000e+00	0.000000e+00	0.000000e+00	0.000000e+00
9.312123e+04	3.228031e-14	0.000000e+00	0.000000e+00	0.000000e+00	0.000000e+00	0.000000e+00	0.000000e+00	0.000000e+00	0.000000e+00
9.312213e+04	3.184168e-14	0.000000e+00	0.000000e+00	0.000000e+00	0.000000e+00	0.000000e+00	0.000000e+00	0.000000e+00	0.000000e+00
9.312305e+04	3.137829e-14	0.000000e+00	0.000000e+00	0.000000e+00	0.000000e+00	0.000000e+00	0.000000e+00	0.000000e+00	0.000000e+00
9.312399e+04	3.223278e-14	0.000000e+00	0.000000e+00	0.000000e+00	0.000000e+00	0.000000e+00	0.000000e+00	0.000000e+00	0.000000e+00
9.312495e+04	3.179814e-14	0.000000e+00	0.000000e+00	0.000000e+00	0.000000e+00	0.000000e+00	0.000000e+00	0.000000e+00	0.000000e+00
9.312594e+04	3.252541e-14	0.000000e+00	0.000000e+00	0.000000e+00	0.000000e+00	0.000000e+00	0.000000e+00	0.000000e+00	0.000000e+00
9.312694e+04	3.211396e-14	0.000000e+00	0.000000e+00	0.000000e+00	0.000000e+00	0.000000e+00	0.000000e+00	0.000000e+00	0.000000e+00
9.312797e+04	3.168377e-14	0.000000e+00	0.000000e+00	0.000000e+00	0.000000e+00	0.000000e+00	0.000000e+00	0.000000e+00	0.000000e+00
9.312903e+04	3.235132e-14	0.000000e+00	0.000000e+00	0.000000e+00	0.000000e+00	0.000000e+00	0.000000e+00	0.000000e+00	0.000000e+00
9.313011e+04	3.194825e-14	0.000000e+00	0.000000e+00	0.000000e+00	0.000000e+00	0.000000e+00	0.000000e+00	0.000000e+00	0.000000e+00
9.313122e+04	3.152775e-14	0.000000e+00	0.000000e+00	0.000000e+00	0.000000e+00	0.000000e+00	0.000000e+00	0.000000e+00	0.000000e+00
9.313235e+04	3.108605e-14	0.000000e+00	0.000000e+00	0.000000e+00	0.000000e+00	0.000000e+00	0.000000e+00	0.000000e+00	0.000000e+00
9.313350e+04	3.062317e-14	0.000000e+00	0.000000e+00	0.000000e+00	0.000000e+00	0.000000e+00	0.000000e+00	0.000000e+00	0.000000e+00
9.313469e+04	3.135628e-14	0.000000e+00	0.000000e+00	0.000000e+00	0.000000e+00	0.000000e+00	0.000000e+00	0.000000e+00	0.000000e+00
9.313590e+04	3.092520e-14	0.000000e+00	0.000000e+00	0.000000e+00	0.000000e+00	0.000000e+00	0.000000e+00	0.000000e+00	0.000000e+00
9.313714e+04	3.157451e-14	0.000000e+00	0.000000e+00	0.000000e+00	0.000000e+00	0.000000e+00	0.000000e+00	0.000000e+00	0.000000e+00
9.313841e+04	3.116958e-14	0.000000e+00	0.000000e+00	0.000000e+00	0.000000e+00	0.000000e+00	0.000000e+00	0.000000e+00	0.000000e+00
9.313971e+04	3.174331e-14	0.000000e+00	0.000000e+00	0.000000e+00	0.000000e+00	0.000000e+00	0.000000e+00	0.000000e+00	0.000000e+00
9.314104e+04	3.135689e-14	0.000000e+00	0.000000e+00	0.000000e+00	0.000000e+00	0.000000e+00	0.000000e+00	0.000000e+00	0.000000e+00
9.314240e+04	3.094284e-14	0.000000e+00	0.000000e+00	0.000000e+00	0.000000e+00	0.000000e+00	0.000000e+00	0.000000e+00	0.000000e+00
9.314379e+04	3.148797e-14	0.000000e+00	0.000000e+00	0.000000e+00	0.000000e+00	0.000000e+00	0.000000e+00	0.000000e+00	0.000000e+00
9.314521e+04	3.108649e-14	0.000000e+00	0.000000e+00	0.000000e+00	0.000000e+00	0.000000e+00	0.000000e+00	0.000000e+00	0.000000e+00
9.314667e+04	3.065802e-14	0.000000e+00	0.000000e+00	0.000000e+00	0.000000e+00	0.000000e+00	0.000000e+00	0.000000e+00	0.000000e+00
9.314816e+04	3.020882e-14	0.000000e+00	0.000000e+00	0.000000e+00	0.000000e+00	0.000000e+00	0.000000e+00	0.000000e+00	0.000000e+00
9.314969e+04	3.076598e-14	0.000000e+00	0.000000e+00	0.000000e+00	0.000000e+00	0.000000e+00	0.000000e+00	0.000000e+00	0.000000e+00
9.315125e+04	3.033212e-14	0.000000e+00	0.000000e+00	0.000000e+00	0.000000e+00	0.000000e+00	0.000000e+00	0.000000e+00	0.000000e+00
9.315284e+04	3.084277e-14	0.000000e+00	0.000000e+00	0.000000e+00	0.000000e+00	0.000000e+00	0.000000e+00	0.000000e+00	0.000000e+00
9.315448e+04	3.042769e-14	0.000000e+00	0.000000e+00	0.000000e+00	0.000000e+00	0.000000e+00	0.000000e+00	0.000000e+00	0.000000e+00
9.315615e+04	3.090044e-14	0.000000e+00	0.000000e+00	0.000000e+00	0.000000e+00	0.000000e+00	0.000000e+00	0.000000e+00	0.000000e+00
9.315786e+04	3.050289e-14	0.000000e+00	0.000000e+00	0.000000e+00	0.000000e+00	0.000000e+00	0.000000e+00	0.000000e+00	0.000000e+00
9.315962e+04	3.094066e-14	0.000000e+00	0.000000e+00	0.000000e+00	0.000000e+00	0.000000e+00	0.000000e+00	0.000000e+00	0.000000e+00
9.316141e+04	3.055440e-14	0.000000e+00	0.000000e+00	0.000000e+00	0.000000e+00	0.000000e+00	0.000000e+00	0.000000e+00	0.000000e+00
9.316324e+04	3.014862e-14	0.000000e+00	0.000000e+00	0.000000e+00	0.000000e+00	0.000000e+00	0.000000e+00	0.000000e+00	0.000000e+00
9.316512e+04	2.973222e-14	0.000000e+00	0.000000e+00	0.000000e+00	0.000000e+00	0.000000e+00	0.000000e+00	0.000000e+00	0.000000e+00
9.316704e+04	3.016961e-14	0.000000e+00	0.000000e+00	0.000000e+00	0.000000e+00	0.000000e+00	0.000000e+00	0.000000e+00	0.000000e+00
9.316900e+04	2.975437e-14	0.000000e+00	0.000000e+00	0.000000e+00	0.000000e+00	0.000000e+00	0.000000e+00	0.000000e+00	0.000000e+00
9.317102e+04	3.015567e-14	0.000000e+00	0.000000e+00	0.000000e+00	0.000000e+00	0.000000e+00	0.000000e+00	0.000000e+00	0.000000e+00
9.317307e+04	3.051454e-14	0.000000e+00	0.000000e+00	0.000000e+00	0.000000e+00	0.000000e+00	0.000000e+00	0.000000e+00	0.000000e+00
9.317518e+04	3.012029e-14	0.000000e+00	0.000000e+00	0.000000e+00	0.000000e+00	0.000000e+00	0.000000e+00	0.000000e+00	0.000000e+00
9.317734e+04	3.045965e-14	0.000000e+00	0.000000e+00	0.000000e+00	0.000000e+00	0.000000e+00	0.000000e+00	0.000000e+00	0.000000e+00
9.317954e+04	3.007708e-14	0.000000e+00	0.000000e+00	0.000000e+00	0.000000e+00	0.000000e+00	0.000000e+00	0.000000e+00	0.000000e+00
9.318180e+04	2.969105e-14	0.000000e+00	0.000000e+00	0.000000e+00	0.000000e+00	0.000000e+00	0.000000e+00	0.000000e+00	0.000000e+00
9.318411e+04	2.930920e-14	0.000000e+00	0.000000e+00	0.000000e+00	0.000000e+00	0.000000e+00	0.000000e+00	0.000000e+00	0.000000e+00
9.318647e+04	2.964794e-14	0.000000e+00	0.000000e+00	0.000000e+00	0.000000e+00	0.000000e+00	0.000000e+00	0.000000e+00	0.000000e+00
9.318889e+04	2.995913e-14	0.000000e+00	0.000000e+00	0.000000e+00	0.000000e+00	0.000000e+00	0.000000e+00	0.000000e+00	0.000000e+00
9.319136e+04	2.957990e-14	0.000000e+00	0.000000e+00	0.000000e+00	0.000000e+00	0.000000e+00	0.000000e+00	0.000000e+00	0.000000e+00
9.319389e+04	2.986380e-14	0.000000e+00	0.000000e+00	0.000000e+00	0.000000e+00	0.000000e+00	0.000000e+00	0.000000e+00	0.000000e+00
9.319648e+04	2.948525e-14	0.000000e+00	0.000000e+00	0.000000e+00	0.000000e+00	0.000000e+00	0.000000e+00	0.000000e+00	0.000000e+00
9.319914e+04	2.974795e-14	0.000000e+00	0.000000e+00	0.000000e+00	0.000000e+00	0.000000e+00	0.000000e+00	0.000000e+00	0.000000e+00
9.320185e+04	2.937786e-14	0.000000e+00	0.000000e+00	0.000000e+00	0.000000e+00	0.000000e+00	0.000000e+00	0.000000e+00	0.000000e+00
9.320463e+04	2.901655e-14	0.000000e+00	0.000000e+00	0.000000e+00	0.000000e+00	0.000000e+00	0.000000e+00	0.000000e+00	0.000000e+00
9.320747e+04	2.927084e-14	0.000000e+00	0.000000e+00	0.000000e+00	0.000000e+00	0.000000e+00	0.000000e+00	0.000000e+00	0.000000e+00
9.321037e+04	2.950865e-14	0.000000e+00	0.000000e+00	0.000000e+00	0.000000e+00	0.000000e+00	0.000000e+00	0.000000e+00	0.000000e+00
9.321335e+04	2.915930e-14	0.000000e+00	0.000000e+00	0.000000e+00	0.000000e+00	0.000000e+00	0.000000e+00	0.000000e+00	0.000000e+00
9.321639e+04	2.937789e-14	0.000000e+00	0.000000e+00	0.000000e+00	0.000000e+00	0.000000e+00	0.000000e+00	0.000000e+00	0.000000e+00
9.321951e+04	2.957711e-14	0.000000e+00	0.000000e+00	0.000000e+00	0.000000e+00	0.000000e+00	0.000000e+00	0.000000e+00	0.000000e+00
9.322270e+04	2.922582e-14	0.000000e+00	0.000000e+00	0.000000e+00	0.000000e+00	0.000000e+00	0.000000e+00	0.000000e+00	0.000000e+00
9.322596e+04	2.887735e-14	0.000000e+00	0.000000e+00	0.000000e+00	0.000000e+00	0.000000e+00	0.000000e+00	0.000000e+00	0.000000e+00
9.322929e+04	2.906304e-14	0.000000e+00	0.000000e+00	0.000000e+00	0.000000e+00	0.000000e+00	0.000000e+00	0.000000e+00	0.000000e+00
9.323271e+04	2.923680e-14	0.000000e+00	0.000000e+00	0.000000e+00	0.000000e+00	0.000000e+00	0.000000e+00	0.000000e+00	0.000000e+00
9.323621e+04	2.890404e-14	0.000000e+00	0.000000e+00	0.000000e+00	0.000000e+00	0.000000e+00	0.000000e+00	0.000000e+00	0.000000e+00
9.323978e+04	2.907135e-14	0.000000e+00	0.000000e+00	0.000000e+00	0.000000e+00	0.000000e+00	0.000000e+00	0.000000e+00	0.000000e+00
9.324344e+04	2.922381e-14	0.000000e+00	0.000000e+00	0.000000e+00	0.000000e+00	0.000000e+00	0.000000e+00	0.000000e+00	0.000000e+00
9.324719e+04	2.889461e-14	0.000000e+00	0.000000e+00	0.000000e+00	0.000000e+00	0.000000e+00	0.000000e+00	0.000000e+00	0.000000e+00
9.325102e+04	2.855611e-14	0.000000e+00	0.000000e+00	0.000000e+00	0.000000e+00	0.000000e+00	0.000000e+00	0.000000e+00	0.000000e+00
9.325494e+04	2.869827e-14	0.000000e+00	0.000000e+00	0.000000e+00	0.000000e+00	0.000000e+00	0.000000e+00	0.000000e+00	0.000000e+00
9.325895e+04	2.882756e-14	0.000000e+00	0.000000e+00	0.000000e+00	0.000000e+00	0.000000e+00	0.000000e+00	0.000000e+00	0.000000e+00
9.326306e+04	2.894766e-14	0.000000e+00	0.000000e+00	0.000000e+00	0.000000e+00	0.000000e+00	0.000000e+00	0.000000e+00	0.000000e+00
9.326726e+04	2.862705e-14	0.000000e+00	0.000000e+00	0.000000e+00	0.000000e+00	0.000000e+00	0.000000e+00	0.000000e+00	0.000000e+00
9.327156e+04	2.874548e-14	0.000000e+00	0.000000e+00	0.000000e+00	0.000000e+00	0.000000e+00	0.000000e+00	0.000000e+00	0.000000e+00
9.327596e+04	2.841728e-14	0.000000e+00	0.000000e+00	0.000000e+00	0.000000e+00	0.000000e+00	0.000000e+00	0.000000e+00	0.000000e+00
9.328046e+04	2.852650e-14	0.000000e+00	0.000000e+00	0.000000e+00	0.000000e+00	0.000000e+00	0.000000e+00	0.000000e+00	0.000000e+00
9.328507e+04	2.862201e-14	0.000000e+00	0.000000e+00	0.000000e+00	0.000000e+00	0.000000e+00	0.000000e+00	0.000000e+00	0.000000e+00
9.328979e+04	2.870807e-14	0.000000e+00	0.000000e+00	0.000000e+00	0.000000e+00	0.000000e+00	0.000000e+00	0.000000e+00	0.000000e+00
9.329461e+04	2.838579e-14	0.000000e+00	0.000000e+00	0.000000e+00	0.000000e+00	0.000000e+00	0.000000e+00	0.000000e+00	0.000000e+00
9.329955e+04	2.847649e-14	0.000000e+00	0.000000e+00	0.000000e+00	0.000000e+00	0.000000e+00	0.000000e+00	0.000000e+00	0.000000e+00
9.330460e+04	2.814606e-14	0.000000e+00	0.000000e+00	0.000000e+00	0.000000e+00	0.000000e+00	0.000000e+00	0.000000e+00	0.000000e+00
9.330977e+04	2.823252e-14	0.000000e+00	0.000000e+00	0.000000e+00	0.000000e+00	0.000000e+00	0.000000e+00	0.000000e+00	0.000000e+00
9.331506e+04	2.830627e-14	0.000000e+00	0.000000e+00	0.000000e+00	0.000000e+00	0.000000e+00	0.000000e+00	0.000000e+00	0.000000e+00
9.332047e+04	2.837044e-14	0.000000e+00	0.000000e+00	0.000000e+00	0.000000e+00	0.000000e+00	0.000000e+00	0.000000e+00	0.000000e+00
9.332601e+04	2.842931e-14	0.000000e+00	0.000000e+00	0.000000e+00	0.000000e+00	0.000000e+00	0.000000e+00	0.000000e+00	0.000000e+00
9.333168e+04	2.810551e-14	0.000000e+00	0.000000e+00	0.000000e+00	0.000000e+00	0.000000e+00	0.000000e+00	0.000000e+00	0.000000e+00
9.333748e+04	2.816828e-14	0.000000e+00	0.000000e+00	0.000000e+00	0.000000e+00	0.000000e+00	0.000000e+00	0.000000e+00	0.000000e+00
9.334342e+04	2.783333e-14	0.000000e+00	0.000000e+00	0.000000e+00	0.000000e+00	0.000000e+00	0.000000e+00	0.000000e+00	0.000000e+00
9.334949e+04	2.788620e-14	0.000000e+00	0.000000e+00	0.000000e+00	0.000000e+00	0.000000e+00	0.000000e+00	0.000000e+00	0.000000e+00
9.335571e+04	2.793063e-14	0.000000e+00	0.000000e+00	0.000000e+00	0.000000e+00	0.000000e+00	0.000000e+00	0.000000e+00	0.000000e+00
9.336207e+04	2.797108e-14	0.000000e+00	0.000000e+00	0.000000e+00	0.000000e+00	0.000000e+00	0.000000e+00	0.000000e+00	0.000000e+00
9.336858e+04	2.764095e-14	0.000000e+00	0.000000e+00	0.000000e+00	0.000000e+00	0.000000e+00	0.000000e+00	0.000000e+00	0.000000e+00
9.337523e+04	2.768201e-14	0.000000e+00	0.000000e+00	0.000000e+00	0.000000e+00	0.000000e+00	0.000000e+00	0.000000e+00	0.000000e+00
9.338205e+04	2.771382e-14	0.000000e+00	0.000000e+00	0.000000e+00	0.000000e+00	0.000000e+00	0.000000e+00	0.000000e+00	0.000000e+00
9.338902e+04	2.773644e-14	0.000000e+00	0.000000e+00	0.000000e+00	0.000000e+00	0.000000e+00	0.000000e+00	0.000000e+00	0.000000e+00
9.339616e+04	2.775412e-14	0.000000e+00	0.000000e+00	0.000000e+00	0.000000e+00	0.000000e+00	0.000000e+00	0.000000e+00	0.000000e+00
9.340346e+04	2.743319e-14	0.000000e+00	0.000000e+00	0.000000e+00	0.000000e+00	0.000000e+00	0.000000e+00	0.000000e+00	0.000000e+00
9.341093e+04	2.778414e-14	0.000000e+00	0.000000e+00	0.000000e+00	0.000000e+00	0.000000e+00	0.000000e+00	0.000000e+00	0.000000e+00
9.341858e+04	2.779087e-14	0.000000e+00	0.000000e+00	0.000000e+00	0.000000e+00	0.000000e+00	0.000000e+00	0.000000e+00	0.000000e+00
9.342641e+04	2.778960e-14	0.000000e+00	0.000000e+00	0.000000e+00	0.000000e+00	0.000000e+00	0.000000e+00	0.000000e+00	0.000000e+00
9.343441e+04	2.747294e-14	0.000000e+00	0.000000e+00	0.000000e+00	0.000000e+00	0.000000e+00	0.000000e+00	0.000000e+00	0.000000e+00
9.344261e+04	2.747354e-14	0.000000e+00	0.000000e+00	0.000000e+00	0.000000e+00	0.000000e+00	0.000000e+00	0.000000e+00	0.000000e+00
9.345099e+04	2.747219e-14	0.000000e+00	0.000000e+00	0.000000e+00	0.000000e+00	0.000000e+00	0.000000e+00	0.000000e+00	0.000000e+00
9.345957e+04	2.746453e-14	0.000000e+00	0.000000e+00	0.000000e+00	0.000000e+00	0.000000e+00	0.000000e+00	0.000000e+00	0.000000e+00
9.346835e+04	2.745042e-14	0.000000e+00	0.000000e+00	0.000000e+00	0.000000e+00	0.000000e+00	0.000000e+00	0.000000e+00	0.000000e+00
9.347733e+04	2.714344e-14	0.000000e+00	0.000000e+00	0.000000e+00	0.000000e+00	0.000000e+00	0.000000e+00	0.000000e+00	0.000000e+00
9.348653e+04	2.741809e-14	0.000000e+00	0.000000e+00	0.000000e+00	0.000000e+00	0.000000e+00	0.000000e+00	0.000000e+00	0.000000e+00
9.349593e+04	2.739811e-14	0.000000e+00	0.000000e+00	0.000000e+00	0.000000e+00	0.000000e+00	0.000000e+00	0.000000e+00	0.000000e+00
9.350556e+04	2.737147e-14	0.000000e+00	0.000000e+00	0.000000e+00	0.000000e+00	0.000000e+00	0.000000e+00	0.000000e+00	0.000000e+00
9.351541e+04	2.706547e-14	0.000000e+00	0.000000e+00	0.000000e+00	0.000000e+00	0.000000e+00	0.000000e+00	0.000000e+00	0.000000e+00
9.352549e+04	2.703826e-14	0.000000e+00	0.000000e+00	0.000000e+00	0.000000e+00	0.000000e+00	0.000000e+00	0.000000e+00	0.000000e+00
9.353580e+04	2.727915e-14	0.000000e+00	0.000000e+00	0.000000e+00	0.000000e+00	0.000000e+00	0.000000e+00	0.000000e+00	0.000000e+00
9.354636e+04	2.724061e-14	0.000000e+00	0.000000e+00	0.000000e+00	0.000000e+00	0.000000e+00	0.000000e+00	0.000000e+00	0.000000e+00
9.355716e+04	2.693103e-14	0.000000e+00	0.000000e+00	0.000000e+00	0.000000e+00	0.000000e+00	0.000000e+00	0.000000e+00	0.000000e+00
9.356821e+04	2.715628e-14	0.000000e+00	0.000000e+00	0.000000e+00	0.000000e+00	0.000000e+00	0.000000e+00	0.000000e+00	0.000000e+00
9.357952e+04	2.711184e-14	0.000000e+00	0.000000e+00	0.000000e+00	0.000000e+00	0.000000e+00	0.000000e+00	0.000000e+00	0.000000e+00
9.359110e+04	2.706122e-14	0.000000e+00	0.000000e+00	0.000000e+00	0.000000e+00	0.000000e+00	0.000000e+00	0.000000e+00	0.000000e+00
9.360294e+04	2.700764e-14	0.000000e+00	0.000000e+00	0.000000e+00	0.000000e+00	0.000000e+00	0.000000e+00	0.000000e+00	0.000000e+00
9.361506e+04	2.695442e-14	0.000000e+00	0.000000e+00	0.000000e+00	0.000000e+00	0.000000e+00	0.000000e+00	0.000000e+00	0.000000e+00
9.362746e+04	2.689766e-14	0.000000e+00	0.000000e+00	0.000000e+00	0.000000e+00	0.000000e+00	0.000000e+00	0.000000e+00	0.000000e+00
9.363893e+04	2.686508e-14	0.000000e+00	0.000000e+00	0.000000e+00	0.000000e+00	0.000000e+00	0.000000e+00	0.000000e+00	0.000000e+00
9.364015e+04	2.683532e-14	5.716755e-20	0.000000e+00	1.251062e-22	6.355036e-14	0.000000e+00	0.000000e+00	0.000000e+00	0.000000e+00
9.365189e+04	2.680178e-14	8.265697e-20	0.000000e+00	1.881502e-21	3.997207e-14	0.000000e+00	0.000000e+00	0.000000e+00	0.000000e+00
9.365314e+04	2.677244e-14	7.405227e-20	0.000000e+00	1.844004e-21	3.944552e-14	0.000000e+00	0.000000e+00	0.000000e+00	0.000000e+00
9.366515e+04	2.673897e-14	1.855873e-20	0.000000e+00	8.352805e-22	3.688185e-14	0.000000e+00	0.000000e+00	0.000000e+00	0.000000e+00
9.366642e+04	2.670983e-14	1.629534e-20	0.000000e+00	7.674670e-22	3.667923e-14	0.000000e+00	0.000000e+00	0.000000e+00	0.000000e+00
9.367871e+04	2.690926e-14	1.259258e-20	0.000000e+00	8.405005e-22	3.539579e-14	0.000000e+00	0.000000e+00	0.000000e+00	0.000000e+00
9.368002e+04	2.687990e-14	1.366535e-20	0.000000e+00	9.400130e-22	3.529796e-14	0.000000e+00	0.000000e+00	0.000000e+00	0.000000e+00
9.369260e+04	2.660249e-14	2.991420e-20	0.000000e+00	2.632125e-21	3.443875e-14	0.000000e+00	0.000000e+00	0.000000e+00	0.000000e+00
9.369394e+04	2.657388e-14	3.195252e-20	0.000000e+00	2.875248e-21	3.437637e-14	0.000000e+00	0.000000e+00	0.000000e+00	0.000000e+00
9.370681e+04	2.676345e-14	4.702606e-20	0.000000e+00	5.114040e-21	3.381181e-14	0.000000e+00	0.000000e+00	0.000000e+00	0.000000e+00
9.370817e+04	2.673481e-14	4.789055e-20	0.000000e+00	5.301460e-21	3.375334e-14	0.000000e+00	0.000000e+00	0.000000e+00	0.000000e+00
9.372134e+04	2.668951e-14	4.684871e-20	0.000000e+00	6.045190e-21	3.333439e-14	0.000000e+00	0.000000e+00	0.000000e+00	0.000000e+00
9.372274e+04	2.666092e-14	4.585145e-20	0.000000e+00	6.003901e-21	3.329468e-14	0.000000e+00	0.000000e+00	0.000000e+00	0.000000e+00
9.373622e+04	2.661231e-14	3.418413e-20	0.000000e+00	5.088717e-21	3.291921e-14	0.000000e+00	0.000000e+00	0.000000e+00	0.000000e+00
9.373765e+04	2.658416e-14	3.308165e-20	0.000000e+00	4.986219e-21	3.288783e-14	0.000000e+00	0.000000e+00	0.000000e+00	0.000000e+00
9.375144e+04	2.653685e-14	2.553672e-20	0.000000e+00	4.296202e-21	3.261501e-14	0.000000e+00	0.000000e+00	0.000000e+00	0.000000e+00
9.375291e+04	2.650931e-14	2.499605e-20	0.000000e+00	4.250741e-21	3.258412e-14	0.000000e+00	0.000000e+00	0.000000e+00	0.000000e+00
9.376702e+04	2.667252e-14	2.009567e-20	0.000000e+00	3.761296e-21	3.233003e-14	0.000000e+00	0.000000e+00	0.000000e+00	0.000000e+00
9.376852e+04	2.664458e-14	1.946656e-20	0.000000e+00	3.678173e-21	3.230830e-14	0.000000e+00	0.000000e+00	0.000000e+00	0.000000e+00
9.378296e+04	2.658934e-14	1.296005e-20	0.000000e+00	2.665516e-21	3.208528e-14	0.000000e+00	0.000000e+00	0.000000e+00	0.000000e+00
9.378450e+04	2.656175e-14	1.240292e-20	0.000000e+00	2.572490e-21	3.206121e-14	0.000000e+00	0.000000e+00	0.000000e+00	0.000000e+00
9.379927e+04	2.650750e-14	1.066465e-20	0.000000e+00	2.386247e-21	3.187145e-14	0.000000e+00	0.000000e+00	0.000000e+00	0.000000e+00
9.380085e+04	2.648042e-14	1.090461e-20	0.000000e+00	2.458462e-21	3.185318e-14	0.000000e+00	0.000000e+00	0.000000e+00	0.000000e+00
9.381597e+04	2.642513e-14	1.646029e-20	0.000000e+00	3.973884e-21	3.166492e-14	0.000000e+00	0.000000e+00	0.000000e+00	0.000000e+00
9.381757e+04	2.639771e-14	1.728016e-20	0.000000e+00	4.200503e-21	3.164624e-14	0.000000e+00	0.000000e+00	0.000000e+00	0.000000e+00
9.383305e+04	2.653701e-14	2.516843e-20	0.000000e+00	6.510816e-21	3.149234e-14	0.000000e+00	0.000000e+00	0.000000e+00	0.000000e+00
9.383469e+04	2.650996e-14	2.589858e-20	0.000000e+00	6.741713e-21	3.147597e-14	0.000000e+00	0.000000e+00	0.000000e+00	0.000000e+00
9.385053e+04	2.644969e-14	3.094984e-20	0.000000e+00	8.528663e-21	3.131703e-14	0.000000e+00	0.000000e+00	0.000000e+00	0.000000e+00
9.385221e+04	2.642282e-14	3.126280e-20	0.000000e+00	8.664465e-21	3.130240e-14	0.000000e+00	0.000000e+00	0.000000e+00	0.000000e+00
9.386841e+04	2.636028e-14	3.248568e-20	0.000000e+00	9.487579e-21	3.117515e-14	0.000000e+00	0.000000e+00	0.000000e+00	0.000000e+00
9.387014e+04	2.633265e-14	3.247647e-20	0.000000e+00	9.535205e-21	3.116090e-14	0.000000e+00	0.000000e+00	0.000000e+00	0.000000e+00
9.388671e+04	2.645883e-14	3.183876e-20	0.000000e+00	9.811719e-21	3.103023e-14	0.000000e+00	0.000000e+00	0.000000e+00	0.000000e+00
9.388848e+04	2.643205e-14	3.174557e-20	0.000000e+00	9.831065e-21	3.101866e-14	0.000000e+00	0.000000e+00	0.000000e+00	0.000000e+00
9.390544e+04	2.636579e-14	3.071323e-20	0.000000e+00	9.948539e-21	3.091075e-14	0.000000e+00	0.000000e+00	0.000000e+00	0.000000e+00
9.390725e+04	2.633860e-14	3.057001e-20	0.000000e+00	9.947378e-21	3.089825e-14	0.000000e+00	0.000000e+00	0.000000e+00	0.000000e+00
9.392461e+04	2.626763e-14	2.847591e-20	0.000000e+00	9.662063e-21	3.078755e-14	0.000000e+00	0.000000e+00	0.000000e+00	0.000000e+00
9.392646e+04	2.623928e-14	2.816695e-20	0.000000e+00	9.597958e-21	3.077768e-14	0.000000e+00	0.000000e+00	0.000000e+00	0.000000e+00
9.394422e+04	2.635616e-14	2.429676e-20	0.000000e+00	8.609455e-21	3.067959e-14	0.000000e+00	0.000000e+00	0.000000e+00	0.000000e+00
9.394611e+04	2.632896e-14	2.379889e-20	0.000000e+00	8.466663e-21	3.066824e-14	0.000000e+00	0.000000e+00	0.000000e+00	0.000000e+00
9.396429e+04	2.625461e-14	1.887692e-20	0.000000e+00	6.966388e-21	3.057082e-14	0.000000e+00	0.000000e+00	0.000000e+00	0.000000e+00
9.396622e+04	2.622640e-14	1.839603e-20	0.000000e+00	6.814320e-21	3.056192e-14	0.000000e+00	0.000000e+00	0.000000e+00	0.000000e+00
9.398482e+04	2.614576e-14	1.490926e-20	0.000000e+00	5.716283e-21	3.047089e-14	0.000000e+00	0.000000e+00	0.000000e+00	0.000000e+00
9.398680e+04	2.630619e-14	1.468847e-20	0.000000e+00	5.651451e-21	3.046073e-14	0.000000e+00	0.000000e+00	0.000000e+00	0.000000e+00
9.400584e+04	2.622606e-14	1.415948e-20	0.000000e+00	5.627552e-21	3.037593e-14	0.000000e+00	0.000000e+00	0.000000e+00	0.000000e+00
9.400786e+04	2.619785e-14	1.424773e-20	0.000000e+00	5.681412e-21	3.036793e-14	0.000000e+00	0.000000e+00	0.000000e+00	0.000000e+00
9.402734e+04	2.611400e-14	1.601104e-20	0.000000e+00	6.583039e-21	3.028532e-14	0.000000e+00	0.000000e+00	0.000000e+00	0.000000e+00
9.402941e+04	2.608498e-14	1.625754e-20	0.000000e+00	6.705341e-21	3.027649e-14	0.000000e+00	0.000000e+00	0.000000e+00	0.000000e+00
9.404935e+04	2.618442e-14	1.892114e-20	0.000000e+00	8.033160e-21	3.020287e-14	0.000000e+00	0.000000e+00	0.000000e+00	0.000000e+00
9.405147e+04	2.615602e-14	1.920300e-20	0.000000e+00	8.177008e-21	3.019544e-14	0.000000e+00	0.000000e+00	0.000000e+00	0.000000e+00
9.407186e+04	2.606908e-14	2.126217e-20	0.000000e+00	9.305574e-21	3.011910e-14	0.000000e+00	0.000000e+00	0.000000e+00	0.000000e+00
9.407403e+04	2.604044e-14	2.139654e-20	0.000000e+00	9.390713e-21	3.011133e-14	0.000000e+00	0.000000e+00	0.000000e+00	0.000000e+00
9.409490e+04	2.613137e-14	2.189331e-20	0.000000e+00	9.862042e-21	3.004440e-14	0.000000e+00	0.000000e+00	0.000000e+00	0.000000e+00
9.409713e+04	2.610283e-14	2.187570e-20	0.000000e+00	9.880417e-21	3.003718e-14	0.000000e+00	0.000000e+00	0.000000e+00	0.000000e+00
9.411848e+04	2.601214e-14	2.102519e-20	0.000000e+00	9.733995e-21	2.996611e-14	0.000000e+00	0.000000e+00	0.000000e+00	0.000000e+00
9.412075e+04	2.616087e-14	2.096394e-20	0.000000e+00	9.730276e-21	2.995926e-14	0.000000e+00	0.000000e+00	0.000000e+00	0.000000e+00
9.414261e+04	2.589274e-14	2.077515e-20	0.000000e+00	9.872198e-21	2.989727e-14	0.000000e+00	0.000000e+00	0.000000e+00	0.000000e+00
9.414494e+04	2.586486e-14	2.083478e-20	0.000000e+00	9.924461e-21	2.989031e-14	0.000000e+00	0.000000e+00	0.000000e+00	0.000000e+00
9.416730e+04	2.594467e-14	2.183203e-20	0.000000e+00	1.063522e-20	2.982611e-14	0.000000e+00	0.000000e+00	0.000000e+00	0.000000e+00
9.416968e+04	2.591704e-14	2.193638e-20	0.000000e+00	1.071068e-20	2.982013e-14	0.000000e+00	0.000000e+00	0.000000e+00	0.000000e+00
9.419256e+04	2.599212e-14	2.246551e-20	0.000000e+00	1.120608e-20	2.976194e-14	0.000000e+00	0.000000e+00	0.000000e+00	0.000000e+00
9.419500e+04	2.596433e-14	2.251526e-20	0.000000e+00	1.125559e-20	2.975537e-14	0.000000e+00	0.000000e+00	0.000000e+00	0.000000e+00
9.421842e+04	2.586875e-14	2.374627e-20	0.000000e+00	1.211585e-20	2.969800e-14	0.000000e+00	0.000000e+00	0.000000e+00	0.000000e+00
9.422091e+04	2.584157e-14	2.397176e-20	0.000000e+00	1.225659e-20	2.969250e-14	0.000000e+00	0.000000e+00	0.000000e+00	0.000000e+00
9.424487e+04	2.590946e-14	2.654415e-20	0.000000e+00	1.383932e-20	2.963607e-14	0.000000e+00	0.000000e+00	0.000000e+00	0.000000e+00
9.424742e+04	2.588225e-14	2.688081e-20	0.000000e+00	1.404300e-20	2.963000e-14	0.000000e+00	0.000000e+00	0.000000e+00	0.000000e+00
9.427194e+04	2.578462e-14	3.009559e-20	0.000000e+00	1.601883e-20	2.957808e-14	0.000000e+00	0.000000e+00	0.000000e+00	0.000000e+00
9.427455e+04	2.575743e-14	3.042243e-20	0.000000e+00	1.622393e-20	2.957272e-14	0.000000e+00	0.000000e+00	0.000000e+00	0.000000e+00
9.429965e+04	2.581806e-14	3.411054e-20	0.000000e+00	1.851901e-20	2.951890e-14	0.000000e+00	0.000000e+00	0.000000e+00	0.000000e+00
9.430232e+04	2.579085e-14	3.462781e-20	0.000000e+00	1.883448e-20	2.951358e-14	0.000000e+00	0.000000e+00	0.000000e+00	0.000000e+00
9.432799e+04	2.584539e-14	4.166747e-20	0.000000e+00	2.305529e-20	2.946553e-14	0.000000e+00	0.000000e+00	0.000000e+00	0.000000e+00
9.433072e+04	2.581847e-14	4.264421e-20	0.000000e+00	2.363743e-20	2.946017e-14	0.000000e+00	0.000000e+00	0.000000e+00	0.000000e+00
9.435700e+04	2.571678e-14	5.363573e-20	0.000000e+00	3.022289e-20	2.941074e-14	0.000000e+00	0.000000e+00	0.000000e+00	0.000000e+00
9.435980e+04	2.584409e-14	5.495996e-20	0.000000e+00	3.102157e-20	2.940603e-14	0.000000e+00	0.000000e+00	0.000000e+00	0.000000e+00
9.438668e+04	2.573932e-14	7.047319e-20	0.000000e+00	4.041077e-20	2.935915e-14	0.000000e+00	0.000000e+00	0.000000e+00	0.000000e+00
9.438954e+04	2.586400e-14	7.256353e-20	0.000000e+00	4.167716e-20	2.935400e-14	0.000000e+00	0.000000e+00	0.000000e+00	0.000000e+00
9.441706e+04	2.575813e-14	9.969832e-20	0.000000e+00	5.813714e-20	2.930930e-14	0.000000e+00	0.000000e+00	0.000000e+00	0.000000e+00
9.441999e+04	2.573072e-14	1.034352e-19	0.000000e+00	6.041058e-20	2.930473e-14	0.000000e+00	0.000000e+00	0.000000e+00	0.000000e+00
9.444814e+04	2.577154e-14	1.473892e-19	0.000000e+00	8.734575e-20	2.925903e-14	0.000000e+00	0.000000e+00	0.000000e+00	0.000000e+00
9.445114e+04	2.574433e-14	1.529381e-19	0.000000e+00	9.077048e-20	2.925450e-14	0.000000e+00	0.000000e+00	0.000000e+00	0.000000e+00
9.447995e+04	2.563346e-14	2.202225e-19	0.000000e+00	1.325504e-19	2.921299e-14	0.000000e+00	0.000000e+00	0.000000e+00	0.000000e+00
9.448301e+04	2.560562e-14	2.294948e-19	0.000000e+00	1.383312e-19	2.920833e-14	0.000000e+00	0.000000e+00	0.000000e+00	0.000000e+00
9.451249e+04	2.564224e-14	3.503509e-19	0.000000e+00	2.140486e-19	2.916634e-14	0.000000e+00	0.000000e+00	0.000000e+00	0.000000e+00
9.451563e+04	2.561460e-14	3.668488e-19	0.000000e+00	2.244404e-19	2.916227e-14	0.000000e+00	0.000000e+00	0.000000e+00	0.000000e+00
9.454580e+04	2.564757e-14	5.614171e-19	0.000000e+00	3.479723e-19	2.912084e-14	0.000000e+00	0.000000e+00	0.000000e+00	0.000000e+00
9.454901e+04	2.561981e-14	5.864428e-19	0.000000e+00	3.639714e-19	2.911639e-14	0.000000e+00	0.000000e+00	0.000000e+00	0.000000e+00
9.457988e+04	2.564834e-14	8.911500e-19	0.000000e+00	5.600564e-19	2.907777e-14	0.000000e+00	0.000000e+00	0.000000e+00	0.000000e+00
9.458316e+04	2.562083e-14	9.316985e-19	0.000000e+00	5.862972e-19	2.907343e-14	0.000000e+00	0.000000e+00	0.000000e+00	0.000000e+00
9.461475e+04	2.564581e-14	1.411027e-18	0.000000e+00	8.987140e-19	2.903325e-14	0.000000e+00	0.000000e+00	0.000000e+00	0.000000e+00
9.461812e+04	2.561825e-14	1.471229e-18	0.000000e+00	9.382269e-19	2.902912e-14	0.000000e+00	0.000000e+00	0.000000e+00	0.000000e+00
9.465044e+04	2.550017e-14	2.139905e-18	0.000000e+00	1.380638e-18	2.898677e-14	0.000000e+00	0.000000e+00	0.000000e+00	0.000000e+00
9.465388e+04	2.547319e-14	2.221427e-18	0.000000e+00	1.434960e-18	2.898109e-14	0.000000e+00	0.000000e+00	0.000000e+00	0.000000e+00
9.468696e+04	2.563055e-14	3.121126e-18	0.000000e+00	2.038917e-18	2.894720e-14	0.000000e+00	0.000000e+00	0.000000e+00	0.000000e+00
9.469048e+04	2.560327e-14	3.229129e-18	0.000000e+00	2.111922e-18	2.894191e-14	0.000000e+00	0.000000e+00	0.000000e+00	0.000000e+00
9.472433e+04	2.548307e-14	4.369668e-18	0.000000e+00	2.889031e-18	2.888817e-14	0.000000e+00	0.000000e+00	0.000000e+00	0.000000e+00
9.472793e+04	2.545628e-14	4.499890e-18	0.000000e+00	2.978465e-18	2.887991e-14	0.000000e+00	0.000000e+00	0.000000e+00	0.000000e+00
9.476257e+04	2.546940e-14	5.824710e-18	0.000000e+00	3.895967e-18	2.883126e-14	0.000000e+00	0.000000e+00	0.000000e+00	0.000000e+00
9.476625e+04	2.557518e-14	5.973080e-18	0.000000e+00	3.999535e-18	2.884207e-14	0.000000e+00	0.000000e+00	0.000000e+00	0.000000e+00
9.480170e+04	2.545340e-14	7.458675e-18	0.000000e+00	5.045095e-18	2.876795e-14	0.000000e+00	0.000000e+00	0.000000e+00	0.000000e+00
9.480547e+04	2.542680e-14	7.621020e-18	0.000000e+00	5.160303e-18	2.875480e-14	0.000000e+00	0.000000e+00	0.000000e+00	0.000000e+00
9.484174e+04	2.543438e-14	9.189572e-18	0.000000e+00	6.283574e-18	2.869629e-14	0.000000e+00	0.000000e+00	0.000000e+00	0.000000e+00
9.484560e+04	2.540786e-14	9.355959e-18	0.000000e+00	6.403820e-18	2.868097e-14	0.000000e+00	0.000000e+00	0.000000e+00	0.000000e+00
9.488271e+04	2.541171e-14	1.094470e-17	0.000000e+00	7.562462e-18	2.861711e-14	0.000000e+00	0.000000e+00	0.000000e+00	0.000000e+00
9.488666e+04	2.538507e-14	1.111184e-17	0.000000e+00	7.685467e-18	2.860000e-14	0.000000e+00	0.000000e+00	0.000000e+00	0.000000e+00
9.492464e+04	2.538676e-14	1.268591e-17	0.000000e+00	8.854824e-18	2.853673e-14	0.000000e+00	0.000000e+00	0.000000e+00	0.000000e+00
9.492868e+04	2.535988e-14	1.284864e-17	0.000000e+00	8.976902e-18	2.851894e-14	0.000000e+00	0.000000e+00	0.000000e+00	0.000000e+00
9.496755e+04	2.535855e-14	1.435877e-17	0.000000e+00	1.012120e-17	2.845471e-14	0.000000e+00	0.000000e+00	0.000000e+00	0.000000e+00
9.497168e+04	2.533156e-14	1.451363e-17	0.000000e+00	1.023973e-17	2.843697e-14	0.000000e+00	0.000000e+00	0.000000e+00	0.000000e+00
9.501145e+04	2.532701e-14	1.595077e-17	0.000000e+00	1.135052e-17	2.837239e-14	0.000000e+00	0.000000e+00	0.000000e+00	0.000000e+00
9.501568e+04	2.542459e-14	1.609777e-17	0.000000e+00	1.146528e-17	2.840646e-14	0.000000e+00	0.000000e+00	0.000000e+00	0.000000e+00
9.505638e+04	2.529280e-14	1.745077e-17	0.000000e+00	1.253247e-17	2.829277e-14	0.000000e+00	0.000000e+00	0.000000e+00	0.000000e+00
9.506071e+04	2.526520e-14	1.758836e-17	0.000000e+00	1.264214e-17	2.827521e-14	0.000000e+00	0.000000e+00	0.000000e+00	0.000000e+00
9.510235e+04	2.537930e-14	1.886105e-17	0.000000e+00	1.366628e-17	2.826526e-14	0.000000e+00	0.000000e+00	0.000000e+00	0.000000e+00
9.510678e+04	2.535245e-14	1.899186e-17	0.000000e+00	1.377252e-17	2.824788e-14	0.000000e+00	0.000000e+00	0.000000e+00	0.000000e+00
9.514940e+04	2.521555e-14	2.022332e-17	0.000000e+00	1.478015e-17	2.812861e-14	0.000000e+00	0.000000e+00	0.000000e+00	0.000000e+00
9.515337e+04	2.519139e-14	2.033688e-17	0.000000e+00	1.487364e-17	2.811125e-14	0.000000e+00	0.000000e+00	0.000000e+00	0.000000e+00
9.515393e+04	2.518797e-14	2.035295e-17	3.999055e-19	1.488687e-17	2.810876e-14	2.306717e-17	7.405790e-26	4.420971e-25	3.615612e-14
9.519754e+04	2.529566e-14	2.162145e-17	1.367963e-21	1.593443e-17	2.810091e-14	7.320731e-22	2.857010e-23	2.074627e-23	3.299679e-14
9.520160e+04	2.527164e-14	2.174383e-17	1.413225e-21	1.603559e-17	2.808375e-14	6.290204e-22	3.216892e-23	1.941517e-23	3.280121e-14
9.520218e+04	2.526824e-14	2.176123e-17	1.404469e-21	1.604997e-17	2.808129e-14	6.467274e-22	3.234189e-23	2.019221e-23	3.277256e-14
9.524680e+04	2.524970e-14	2.320489e-17	6.730501e-22	1.724032e-17	2.801064e-14	8.370611e-22	2.905726e-23	4.864059e-23	3.162492e-14
9.525096e+04	2.522581e-14	2.335159e-17	6.781109e-22	1.736082e-17	2.799165e-14	1.154296e-21	3.052002e-23	6.987916e-23	3.154261e-14
9.525155e+04	2.522243e-14	2.337256e-17	6.791687e-22	1.737803e-17	2.798894e-14	1.195049e-21	3.074356e-23	7.275583e-23	3.153205e-14
9.529721e+04	2.520142e-14	2.518710e-17	5.047089e-22	1.886039e-17	2.791353e-14	8.514584e-22	3.278214e-23	7.385626e-23	3.094996e-14
9.530147e+04	2.517769e-14	2.537800e-17	5.231898e-22	1.901556e-17	2.789331e-14	1.020552e-21	3.492067e-23	9.090895e-23	3.089881e-14
9.530207e+04	2.517435e-14	2.540534e-17	5.257711e-22	1.903778e-17	2.789044e-14	1.044035e-21	3.522605e-23	9.334507e-23	3.089175e-14
9.534879e+04	2.515120e-14	2.781566e-17	5.187410e-22	2.098773e-17	2.781323e-14	8.565041e-22	4.473459e-23	9.789179e-23	3.049422e-14
9.535315e+04	2.512759e-14	2.807221e-17	5.246012e-22	2.119451e-17	2.779307e-14	8.425501e-22	4.615921e-23	9.819244e-23	3.046357e-14
9.535376e+04	2.512426e-14	2.810898e-17	5.251192e-22	2.122414e-17	2.779022e-14	8.399086e-22	4.633470e-23	9.815115e-23	3.045899e-14
9.540158e+04	2.509882e-14	3.135080e-17	4.881408e-22	2.383027e-17	2.771385e-14	9.953254e-22	5.224895e-23	1.401578e-22	3.014430e-14
9.540603e+04	2.507525e-14	3.169385e-17	4.926075e-22	2.410560e-17	2.769453e-14	9.150582e-22	5.357061e-23	1.308372e-22	3.012027e-14
9.540667e+04	2.507191e-14	3.174297e-17	4.936164e-22	2.414503e-17	2.769181e-14	9.069236e-22	5.379965e-23	1.299512e-22	3.011711e-14
9.545559e+04	2.515599e-14	3.602112e-17	5.246143e-22	2.757694e-17	2.768213e-14	1.101650e-21	6.681643e-23	1.832727e-22	2.988515e-14
9.546015e+04	2.513255e-14	3.646816e-17	5.380931e-22	2.793558e-17	2.766307e-14	1.133201e-21	6.943360e-23	1.908866e-22	2.986464e-14
9.546080e+04	2.512923e-14	3.653209e-17	5.400975e-22	2.798687e-17	2.766039e-14	1.138601e-21	6.981984e-23	1.921313e-22	2.986162e-14
9.551087e+04	2.509634e-14	4.202344e-17	5.694732e-22	3.239643e-17	2.758470e-14	1.012904e-21	8.384160e-23	1.934412e-22	2.965966e-14
9.551553e+04	2.507269e-14	4.258957e-17	5.696348e-22	3.285158e-17	2.756603e-14	1.088326e-21	8.479695e-23	2.100340e-22	2.964291e-14
9.551619e+04	2.506934e-14	4.267043e-17	5.695072e-22	3.291659e-17	2.756339e-14	1.100692e-21	8.490944e-23	2.127329e-22	2.964068e-14
9.556743e+04	2.514289e-14	4.951736e-17	5.644328e-22	3.843180e-17	2.755030e-14	1.261369e-21	9.405601e-23	2.708214e-22	2.947678e-14
9.557220e+04	2.511932e-14	5.021359e-17	5.614336e-22	3.899373e-17	2.753159e-14	1.210846e-21	9.445347e-23	2.623222e-22	2.946339e-14
9.557288e+04	2.511599e-14	5.031291e-17	5.609860e-22	3.907390e-17	2.752893e-14	1.204743e-21	9.450474e-23	2.613297e-22	2.946143e-14
9.562530e+04	2.507595e-14	5.863006e-17	5.471665e-22	4.580320e-17	2.744982e-14	1.326866e-21	1.015583e-22	3.152445e-22	2.931530e-14
9.563019e+04	2.505194e-14	5.946605e-17	5.473516e-22	4.648125e-17	2.742986e-14	1.396595e-21	1.024475e-22	3.344237e-22	2.930166e-14
9.563088e+04	2.504853e-14	5.958517e-17	5.474648e-22	4.657788e-17	2.742701e-14	1.407735e-21	1.025894e-22	3.374625e-22	2.929977e-14
9.568453e+04	2.500411e-14	6.944067e-17	5.185445e-22	5.459451e-17	2.734059e-14	1.702842e-21	1.058586e-22	4.421597e-22	2.917318e-14
9.568953e+04	2.497952e-14	7.041900e-17	5.134748e-22	5.539256e-17	2.731835e-14	1.662193e-21	1.056073e-22	4.346047e-22	2.916307e-14
9.569024e+04	2.497603e-14	7.055824e-17	5.127799e-22	5.550617e-17	2.731516e-14	1.656431e-21	1.055748e-22	4.335202e-22	2.916167e-14
9.574514e+04	2.503651e-14	8.196380e-17	5.184094e-22	6.483914e-17	2.729745e-14	2.051086e-21	1.152224e-22	5.762790e-22	2.905078e-14
9.575025e+04	2.501205e-14	8.308362e-17	5.204457e-22	6.575828e-17	2.727487e-14	2.087875e-21	1.164512e-22	5.902529e-22	2.904098e-14
9.575097e+04	2.500858e-14	8.324280e-17	5.205417e-22	6.588898e-17	2.727164e-14	2.091652e-21	1.165823e-22	5.918349e-22	2.903955e-14
9.580715e+04	2.495592e-14	9.613430e-17	5.663956e-22	7.650619e-17	2.717312e-14	1.918237e-21	1.359151e-22	5.784046e-22	2.893704e-14
9.581239e+04	2.493090e-14	9.738579e-17	5.849323e-22	7.754030e-17	2.714913e-14	1.902559e-21	1.412158e-22	5.768778e-22	2.892754e-14
9.581313e+04	2.492736e-14	9.756350e-17	5.877397e-22	7.768719e-17	2.714572e-14	1.900458e-21	1.420145e-22	5.766918e-22	2.892623e-14
9.587061e+04	2.497867e-14	1.118153e-16	8.654480e-22	8.950524e-17	2.712386e-14	1.737538e-21	2.226499e-22	5.584299e-22	2.883489e-14
9.587597e+04	2.495364e-14	1.131850e-16	8.849193e-22	9.064490e-17	2.709989e-14	1.756376e-21	2.289196e-22	5.673383e-22	2.882736e-14
9.587673e+04	2.495009e-14	1.133792e-16	8.877933e-22	9.080662e-17	2.709650e-14	1.760304e-21	2.298415e-22	5.690105e-22	2.882632e-14
9.593555e+04	2.489044e-14	1.288102e-16	1.648405e-21	1.036942e-16	2.699445e-14	2.757535e-21	4.519467e-22	9.391612e-22	2.874379e-14
9.594104e+04	2.486533e-14	1.302790e-16	1.791184e-21	1.049253e-16	2.697112e-14	2.869519e-21	4.935858e-22	9.818062e-22	2.873650e-14
9.594181e+04	2.486179e-14	1.304872e-16	1.812221e-21	1.050999e-16	2.696785e-14	2.884761e-21	4.997390e-22	9.876602e-22	2.873545e-14
9.600201e+04	2.480035e-14	1.468983e-16	3.649232e-21	1.189074e-16	2.686863e-14	4.087391e-21	1.060810e-21	1.467879e-21	2.865830e-14
9.600762e+04	2.477571e-14	1.484489e-16	3.864973e-21	1.202168e-16	2.684610e-14	4.279660e-21	1.128782e-21	1.543422e-21	2.865108e-14
9.600841e+04	2.477224e-14	1.486685e-16	3.896482e-21	1.204023e-16	2.684292e-14	4.308234e-21	1.138732e-21	1.554649e-21	2.865007e-14
9.607001e+04	2.481043e-14	1.658749e-16	6.871979e-21	1.349875e-16	2.681636e-14	7.188317e-21	2.108596e-21	2.710353e-21	2.857946e-14
9.607575e+04	2.478578e-14	1.674912e-16	7.150947e-21	1.363627e-16	2.679385e-14	7.438904e-21	2.203700e-21	2.815752e-21	2.857345e-14
9.607656e+04	2.488396e-14	1.677200e-16	7.189447e-21	1.365574e-16	2.686267e-14	7.474125e-21	2.216914e-21	2.830631e-21	2.857262e-14
9.613959e+04	2.471657e-14	1.855754e-16	9.710323e-21	1.518062e-16	2.668968e-14	1.062437e-20	3.132725e-21	4.190083e-21	2.850796e-14
9.614546e+04	2.479110e-14	1.872461e-16	9.896784e-21	1.532382e-16	2.673937e-14	1.094798e-20	3.205737e-21	4.333248e-21	2.850245e-14
9.614630e+04	2.478763e-14	1.874825e-16	9.922331e-21	1.534410e-16	2.673617e-14	1.099412e-20	3.215832e-21	4.353712e-21	2.850165e-14
9.621080e+04	2.471885e-14	2.058771e-16	1.111659e-20	1.692664e-16	2.663321e-14	1.393765e-20	3.757821e-21	5.730481e-21	2.844089e-14
9.621681e+04	2.469456e-14	2.075934e-16	1.115838e-20	1.707483e-16	2.660992e-14	1.412689e-20	3.786111e-21	5.827686e-21	2.843511e-14
9.621766e+04	2.469113e-14	2.078363e-16	1.116390e-20	1.709581e-16	2.660662e-14	1.415244e-20	3.789985e-21	5.840966e-21	2.843429e-14
9.628366e+04	2.471685e-14	2.266883e-16	1.139710e-20	1.872944e-16	2.657440e-14	1.498561e-20	4.024377e-21	6.404466e-21	2.837655e-14
9.628981e+04	2.469257e-14	2.284430e-16	1.141156e-20	1.888203e-16	2.655101e-14	1.494270e-20	4.043640e-21	6.405980e-21	2.837150e-14
9.629068e+04	2.468914e-14	2.286913e-16	1.141361e-20	1.890362e-16	2.654770e-14	1.493481e-20	4.046365e-21	6.405398e-21	2.837081e-14
9.635822e+04	2.461562e-14	2.479249e-16	1.170923e-20	2.058212e-16	2.644097e-14	1.369930e-20	4.307011e-21	6.069822e-21	2.831852e-14
9.636451e+04	2.468649e-14	2.497126e-16	1.175980e-20	2.073866e-16	2.649037e-14	1.357201e-20	4.339866e-21	6.030876e-21	2.831387e-14
9.636540e+04	2.468305e-14	2.499654e-16	1.176727e-20	2.076081e-16	2.648708e-14	1.355443e-20	4.344637e-21	6.025522e-21	2.831320e-14
9.643452e+04	2.460691e-14	2.695228e-16	1.256902e-20	2.247931e-16	2.638009e-14	1.288557e-20	4.804133e-21	5.905133e-21	2.826309e-14
9.644096e+04	2.458211e-14	2.713367e-16	1.266431e-20	2.263923e-16	2.635722e-14	1.290962e-20	4.855559e-21	5.932228e-21	2.825861e-14
9.644187e+04	2.457860e-14	2.715932e-16	1.267812e-20	2.266186e-16	2.635399e-14	1.291444e-20	4.862976e-21	5.936716e-21	2.825798e-14
9.651259e+04	2.459441e-14	2.914046e-16	1.400892e-20	2.441443e-16	2.631818e-14	1.409003e-20	5.551493e-21	6.664490e-21	2.821056e-14
9.651918e+04	2.456956e-14	2.932397e-16	1.415584e-20	2.457730e-16	2.629555e-14	1.426477e-20	5.626105e-21	6.764339e-21	2.820628e-14
9.652012e+04	2.456603e-14	2.934992e-16	1.417696e-20	2.460034e-16	2.629234e-14	1.429021e-20	5.636813e-21	6.778834e-21	2.820569e-14
9.659249e+04	2.457825e-14	3.135174e-16	1.604911e-20	2.638283e-16	2.625514e-14	1.663793e-20	6.580537e-21	8.106811e-21	2.816238e-14
9.659923e+04	2.455333e-14	3.153699e-16	1.624223e-20	2.654830e-16	2.623252e-14	1.688567e-20	6.678097e-21	8.247243e-21	2.815862e-14
9.660018e+04	2.454980e-14	3.156318e-16	1.626960e-20	2.657170e-16	2.622931e-14	1.692083e-20	6.691948e-21	8.267206e-21	2.815809e-14
9.667424e+04	2.446519e-14	3.358412e-16	1.825242e-20	2.838256e-16	2.611915e-14	1.977742e-20	7.729070e-21	9.909659e-21	2.811587e-14
9.668114e+04	2.443994e-14	3.377127e-16	1.841215e-20	2.855075e-16	2.609498e-14	2.005721e-20	7.817065e-21	1.007255e-20	2.811200e-14
9.668212e+04	2.443637e-14	3.379773e-16	1.843430e-20	2.857454e-16	2.609154e-14	2.009712e-20	7.829344e-21	1.009581e-20	2.811145e-14
9.675790e+04	2.453510e-14	3.584051e-16	1.971664e-20	3.041583e-16	2.612358e-14	2.328631e-20	8.607855e-21	1.197946e-20	2.807187e-14
9.676496e+04	2.451008e-14	3.602977e-16	1.978102e-20	3.058690e-16	2.610009e-14	2.358172e-20	8.657335e-21	1.215730e-20	2.806827e-14
9.676596e+04	2.450654e-14	3.605653e-16	1.978934e-20	3.061110e-16	2.609674e-14	2.362356e-20	8.663994e-21	1.218252e-20	2.806777e-14
9.684351e+04	2.441740e-14	3.812487e-16	1.992733e-20	3.248579e-16	2.597955e-14	2.680164e-20	8.955406e-21	1.413554e-20	2.803005e-14
9.685073e+04	2.448310e-14	3.831670e-16	1.989855e-20	3.266011e-16	2.602961e-14	2.708520e-20	8.963482e-21	1.431390e-20	2.802680e-14
9.685176e+04	2.447956e-14	3.834383e-16	1.989397e-20	3.268477e-16	2.602616e-14	2.712484e-20	8.964385e-21	1.433891e-20	2.802634e-14
9.693111e+04	2.438825e-14	4.044070e-16	1.928536e-20	3.459524e-16	2.590630e-14	2.994547e-20	8.908607e-21	1.617021e-20	2.799064e-14
9.693850e+04	2.436327e-14	4.063519e-16	1.921551e-20	3.477289e-16	2.588134e-14	3.018561e-20	8.896168e-21	1.633100e-20	2.798729e-14
9.693955e+04	2.435974e-14	4.066270e-16	1.920557e-20	3.479801e-16	2.587782e-14	3.021929e-20	8.894367e-21	1.635361e-20	2.798682e-14
9.702075e+04	2.435569e-14	4.278860e-16	1.847228e-20	3.674455e-16	2.583199e-14	3.263704e-20	8.759265e-21	1.802159e-20	2.795281e-14
9.702832e+04	2.433074e-14	4.298567e-16	1.840959e-20	3.692543e-16	2.580744e-14	3.283601e-20	8.748101e-21	1.816428e-20	2.794982e-14
9.702939e+04	2.432720e-14	4.301354e-16	1.840093e-20	3.695101e-16	2.580398e-14	3.286413e-20	8.746603e-21	1.818447e-20	2.794940e-14
9.711248e+04	2.431974e-14	4.516361e-16	1.791028e-20	3.892930e-16	2.575733e-14	3.497633e-20	8.707141e-21	1.972693e-20	2.791750e-14
9.712022e+04	2.438152e-14	4.536259e-16	1.788693e-20	3.911281e-16	2.580494e-14	3.517640e-20	8.713414e-21	1.987388e-20	2.791469e-14
9.712132e+04	2.437802e-14	4.539072e-16	1.788396e-20	3.913877e-16	2.580149e-14	3.520473e-20	8.714454e-21	1.989471e-20	2.791429e-14
9.720635e+04	2.428057e-14	4.755817e-16	1.787328e-20	4.114275e-16	2.568221e-14	3.734278e-20	8.898211e-21	2.149002e-20	2.788377e-14
9.721427e+04	2.425538e-14	4.775841e-16	1.789615e-20	4.132834e-16	2.565819e-14	3.754807e-20	8.926828e-21	2.164348e-20	2.788092e-14
9.721539e+04	2.425181e-14	4.778672e-16	1.789955e-20	4.135458e-16	2.565479e-14	3.757696e-20	8.930958e-21	2.166513e-20	2.788052e-14
9.730240e+04	2.423820e-14	4.996420e-16	1.823325e-20	4.337764e-16	2.560548e-14	3.984244e-20	9.285832e-21	2.337199e-20	2.785126e-14
9.731051e+04	2.421277e-14	5.016515e-16	1.826142e-20	4.356478e-16	2.558110e-14	4.004167e-20	9.317362e-21	2.352542e-20	2.784869e-14
9.731165e+04	2.420915e-14	5.019355e-16	1.826526e-20	4.359123e-16	2.557763e-14	4.006968e-20	9.321751e-21	2.354703e-20	2.784833e-14
9.740069e+04	2.419282e-14	5.237637e-16	1.842845e-20	4.562899e-16	2.552609e-14	4.211144e-20	9.591092e-21	2.515787e-20	2.782103e-14
9.740899e+04	2.416716e-14	5.257753e-16	1.842249e-20	4.581722e-16	2.550115e-14	4.228059e-20	9.604932e-21	2.529638e-20	2.781860e-14
9.741016e+04	2.416353e-14	5.260595e-16	1.842146e-20	4.584382e-16	2.549761e-14	4.230453e-20	9.606787e-21	2.531600e-20	2.781825e-14
9.750127e+04	2.423014e-14	5.478782e-16	1.818818e-20	4.789044e-16	2.551588e-14	4.391247e-20	9.664583e-21	2.669420e-20	2.779186e-14
9.750976e+04	2.420485e-14	5.498854e-16	1.815947e-20	4.807917e-16	2.549107e-14	4.404561e-20	9.665647e-21	2.681302e-20	2.778942e-14
9.751096e+04	2.420126e-14	5.501690e-16	1.815541e-20	4.810584e-16	2.548755e-14	4.406430e-20	9.665790e-21	2.682974e-20	2.778908e-14
9.760419e+04	2.409438e-14	5.718675e-16	1.796150e-20	5.015125e-16	2.536024e-14	4.562150e-20	9.735736e-21	2.819743e-20	2.776403e-14
9.761288e+04	2.415385e-14	5.738541e-16	1.796381e-20	5.033900e-16	2.540671e-14	4.579084e-20	9.752764e-21	2.834032e-20	2.776183e-14
9.761411e+04	2.415024e-14	5.741346e-16	1.796445e-20	5.036552e-16	2.540317e-14	4.581514e-20	9.755340e-21	2.836076e-20	2.776152e-14
9.770951e+04	2.404248e-14	5.954949e-16	1.833782e-20	5.239007e-16	2.527708e-14	4.819030e-20	1.013088e-20	3.026134e-20	2.773780e-14
9.771840e+04	2.410068e-14	5.974410e-16	1.841049e-20	5.257506e-16	2.532180e-14	4.847187e-20	1.018683e-20	3.047745e-20	2.773567e-14
9.771966e+04	2.409708e-14	5.977158e-16	1.842147e-20	5.260118e-16	2.531835e-14	4.851299e-20	1.019513e-20	3.050885e-20	2.773536e-14
9.781729e+04	2.398925e-14	6.185361e-16	1.970677e-20	5.458644e-16	2.519463e-14	5.247352e-20	1.108793e-20	3.345456e-20	2.771252e-14
9.782638e+04	2.404586e-14	6.204206e-16	1.986533e-20	5.476674e-16	2.523804e-14	5.291105e-20	1.119380e-20	3.377517e-20	2.771043e-14
9.792757e+04	2.401494e-14	6.405949e-16	2.213193e-20	5.670448e-16	2.517840e-14	5.876225e-20	1.267276e-20	3.801163e-20	2.768884e-14
9.793688e+04	2.399016e-14	6.423719e-16	2.238348e-20	5.687592e-16	2.515482e-14	5.938122e-20	1.283515e-20	3.845745e-20	2.768698e-14
9.804042e+04	2.403681e-14	6.612887e-16	2.556399e-20	5.870909e-16	2.516089e-14	6.657446e-20	1.488667e-20	4.366790e-20	2.766645e-14
9.804995e+04	2.401208e-14	6.629583e-16	2.590571e-20	5.887158e-16	2.513754e-14	6.726735e-20	1.510641e-20	4.417237e-20	2.766459e-14
9.815590e+04	2.397744e-14	6.807032e-16	3.039162e-20	6.060656e-16	2.507639e-14	7.524123e-20	1.798689e-20	5.001453e-20	2.764500e-14
9.816565e+04	2.395297e-14	6.822500e-16	3.086579e-20	6.075863e-16	2.505227e-14	7.599041e-20	1.829167e-20	5.056739e-20	2.764328e-14
9.827407e+04	2.391759e-14	6.983280e-16	3.685648e-20	6.235008e-16	2.498959e-14	8.486604e-20	2.215546e-20	5.713777e-20	2.762490e-14
9.828405e+04	2.389312e-14	6.997013e-16	3.745119e-20	6.248708e-16	2.496497e-14	8.572359e-20	2.254160e-20	5.777528e-20	2.762329e-14
9.839500e+04	2.385638e-14	7.137922e-16	4.409053e-20	6.390490e-16	2.490356e-14	9.565258e-20	2.690437e-20	6.519462e-20	2.760555e-14
9.840520e+04	2.390925e-14	7.149792e-16	4.470170e-20	6.402552e-16	2.494802e-14	9.662947e-20	2.731072e-20	6.592634e-20	2.760392e-14
9.851874e+04	2.387131e-14	7.268782e-16	5.134586e-20	6.524972e-16	2.488631e-14	1.077658e-19	3.178720e-20	7.432085e-20	2.758721e-14
9.852918e+04	2.384697e-14	7.278494e-16	5.193990e-20	6.535119e-16	2.486231e-14	1.087835e-19	3.219290e-20	7.509482e-20	2.758578e-14
9.864536e+04	2.381061e-14	7.372304e-16	5.855844e-20	6.635073e-16	2.480356e-14	1.205311e-19	3.676011e-20	8.407055e-20	2.756988e-14
9.865605e+04	2.378661e-14	7.379638e-16	5.920484e-20	6.643089e-16	2.477999e-14	1.217186e-19	3.720815e-20	8.497728e-20	2.756838e-14
9.878587e+04	2.379960e-14	7.452210e-16	7.196610e-20	6.725349e-16	2.476636e-14	1.389031e-19	4.583679e-20	9.803212e-20	2.755142e-14
9.891871e+04	2.381160e-14	7.497111e-16	9.261624e-20	6.782516e-16	2.475095e-14	1.580503e-19	5.975476e-20	1.127156e-19	2.753448e-14
9.905465e+04	2.382496e-14	7.514579e-16	1.070283e-19	6.814623e-16	2.473535e-14	1.830648e-19	6.991761e-20	1.318730e-19	2.751534e-14
9.919376e+04	2.376606e-14	7.504128e-16	1.250552e-19	6.821056e-16	2.465625e-14	2.056759e-19	8.268101e-20	1.496015e-19	2.748231e-14
9.933610e+04	2.377613e-14	7.466708e-16	1.443306e-19	6.802513e-16	2.464404e-14	2.255606e-19	9.653824e-20	1.656014e-19	2.744676e-14
9.948177e+04	2.378554e-14	7.405636e-16	1.653250e-19	6.761869e-16	2.463102e-14	2.490307e-19	1.118269e-19	1.844829e-19	2.740506e-14
9.963082e+04	2.372459e-14	7.324987e-16	1.885687e-19	6.702725e-16	2.455714e-14	2.637488e-19	1.289381e-19	1.970868e-19	2.734084e-14
9.978335e+04	2.373273e-14	7.228219e-16	2.067771e-19	6.628154e-16	2.454488e-14	2.718769e-19	1.428769e-19	2.048663e-19	2.729874e-14
9.993943e+04	2.373908e-14	7.118324e-16	2.185001e-19	6.540834e-16	2.453080e-14	2.750370e-19	1.525141e-19	2.089268e-19	2.725600e-14
1.000991e+05	2.374327e-14	6.998931e-16	2.282178e-19	6.444052e-16	2.451448e-14	2.717572e-19	1.608660e-19	2.080503e-19	2.720678e-14
1.002626e+05	2.374474e-14	6.873995e-16	2.368298e-19	6.341426e-16	2.449715e-14	2.663954e-19	1.685274e-19	2.054864e-19	2.714550e-14
1.004298e+05	2.374343e-14	6.747246e-16	2.416406e-19	6.236397e-16	2.447948e-14	2.638242e-19	1.735370e-19	2.049886e-19	2.707621e-14
1.006010e+05	2.373971e-14	6.622234e-16	2.413577e-19	6.132263e-16	2.445959e-14	2.703986e-19	1.748823e-19	2.115791e-19	2.700602e-14
1.007761e+05	2.373326e-14	6.501733e-16	2.396933e-19	6.031627e-16	2.443545e-14	2.968953e-19	1.751790e-19	2.338967e-19	2.694114e-14
1.009553e+05	2.372352e-14	6.388605e-16	2.380083e-19	5.937194e-16	2.440699e-14	3.500911e-19	1.754057e-19	2.776244e-19	2.687716e-14
1.011387e+05	2.371012e-14	6.285279e-16	2.377586e-19	5.851278e-16	2.437622e-14	4.329734e-19	1.766452e-19	3.455419e-19	2.680873e-14
