E, cm-1	Sigma_00, cm2	Sigma_01, cm2	Sigma_02, cm2	Sigma_10, cm2	Sigma_11, cm2	Sigma_12, cm2	Sigma_20, cm2	Sigma_21, cm2	Sigma_22, cm2	
9.308730e+04	2.288541e-14	0.000000e+00	0.000000e+00	0.000000e+00	0.000000e+00	0.000000e+00	0.000000e+00	0.000000e+00	0.000000e+00
9.309193e+04	2.260917e-14	0.000000e+00	0.000000e+00	0.000000e+00	0.000000e+00	0.000000e+00	0.000000e+00	0.000000e+00	0.000000e+00
9.309657e+04	2.212536e-14	0.000000e+00	0.000000e+00	0.000000e+00	0.000000e+00	0.000000e+00	0.000000e+00	0.000000e+00	0.000000e+00
9.310121e+04	2.164700e-14	0.000000e+00	0.000000e+00	0.000000e+00	0.000000e+00	0.000000e+00	0.000000e+00	0.000000e+00	0.000000e+00
9.310585e+04	2.151599e-14	0.000000e+00	0.000000e+00	0.000000e+00	0.000000e+00	0.000000e+00	0.000000e+00	0.000000e+00	0.000000e+00
9.311048e+04	2.122228e-14	0.000000e+00	0.000000e+00	0.000000e+00	0.000000e+00	0.000000e+00	0.000000e+00	0.000000e+00	0.000000e+00
9.311512e+04	2.108091e-14	0.000000e+00	0.000000e+00	0.000000e+00	0.000000e+00	0.000000e+00	0.000000e+00	0.000000e+00	0.000000e+00
9.311976e+04	2.088500e-14	0.000000e+00	0.000000e+00	0.000000e+00	0.000000e+00	0.000000e+00	0.000000e+00	0.000000e+00	0.000000e+00
9.312439e+04	2.079932e-14	0.000000e+00	0.000000e+00	0.000000e+00	0.000000e+00	0.000000e+00	0.000000e+00	0.000000e+00	0.000000e+00
9.312903e+04	2.071782e-14	0.000000e+00	0.000000e+00	0.000000e+00	0.000000e+00	0.000000e+00	0.000000e+00	0.000000e+00	0.000000e+00
9.313367e+04	2.056053e-14	0.000000e+00	0.000000e+00	0.000000e+00	0.000000e+00	0.000000e+00	0.000000e+00	0.000000e+00	0.000000e+00
9.313830e+04	2.050246e-14	0.000000e+00	0.000000e+00	0.000000e+00	0.000000e+00	0.000000e+00	0.000000e+00	0.000000e+00	0.000000e+00
9.314294e+04	2.044318e-14	0.000000e+00	0.000000e+00	0.000000e+00	0.000000e+00	0.000000e+00	0.000000e+00	0.000000e+00	0.000000e+00
9.314758e+04	2.033723e-14	0.000000e+00	0.000000e+00	0.000000e+00	0.000000e+00	0.000000e+00	0.000000e+00	0.000000e+00	0.000000e+00
9.315221e+04	2.029092e-14	0.000000e+00	0.000000e+00	0.000000e+00	0.000000e+00	0.000000e+00	0.000000e+00	0.000000e+00	0.000000e+00
9.315685e+04	2.022348e-14	0.000000e+00	0.000000e+00	0.000000e+00	0.000000e+00	0.000000e+00	0.000000e+00	0.000000e+00	0.000000e+00
9.316149e+04	2.016114e-14	0.000000e+00	0.000000e+00	0.000000e+00	0.000000e+00	0.000000e+00	0.000000e+00	0.000000e+00	0.000000e+00
9.316613e+04	2.010355e-14	0.000000e+00	0.000000e+00	0.000000e+00	0.000000e+00	0.000000e+00	0.000000e+00	0.000000e+00	0.000000e+00
9.317076e+04	2.005011e-14	0.000000e+00	0.000000e+00	0.000000e+00	0.000000e+00	0.000000e+00	0.000000e+00	0.000000e+00	0.000000e+00
9.317540e+04	2.000045e-14	0.000000e+00	0.000000e+00	0.000000e+00	0.000000e+00	0.000000e+00	0.000000e+00	0.000000e+00	0.000000e+00
9.318004e+04	1.995428e-14	0.000000e+00	0.000000e+00	0.000000e+00	0.000000e+00	0.000000e+00	0.000000e+00	0.000000e+00	0.000000e+00
9.318467e+04	1.991066e-14	0.000000e+00	0.000000e+00	0.000000e+00	0.000000e+00	0.000000e+00	0.000000e+00	0.000000e+00	0.000000e+00
9.318931e+04	1.986964e-14	0.000000e+00	0.000000e+00	0.000000e+00	0.000000e+00	0.000000e+00	0.000000e+00	0.000000e+00	0.000000e+00
9.319395e+04	1.983081e-14	0.000000e+00	0.000000e+00	0.000000e+00	0.000000e+00	0.000000e+00	0.000000e+00	0.000000e+00	0.000000e+00
9.319859e+04	1.979366e-14	0.000000e+00	0.000000e+00	0.000000e+00	0.000000e+00	0.000000e+00	0.000000e+00	0.000000e+00	0.000000e+00
9.320322e+04	1.974845e-14	0.000000e+00	0.000000e+00	0.000000e+00	0.000000e+00	0.000000e+00	0.000000e+00	0.000000e+00	0.000000e+00
9.320786e+04	1.971476e-14	0.000000e+00	0.000000e+00	0.000000e+00	0.000000e+00	0.000000e+00	0.000000e+00	0.000000e+00	0.000000e+00
9.321250e+04	1.968236e-14	0.000000e+00	0.000000e+00	0.000000e+00	0.000000e+00	0.000000e+00	0.000000e+00	0.000000e+00	0.000000e+00
9.321713e+04	1.965174e-14	0.000000e+00	0.000000e+00	0.000000e+00	0.000000e+00	0.000000e+00	0.000000e+00	0.000000e+00	0.000000e+00
9.322177e+04	1.962179e-14	0.000000e+00	0.000000e+00	0.000000e+00	0.000000e+00	0.000000e+00	0.000000e+00	0.000000e+00	0.000000e+00
9.322641e+04	1.958410e-14	0.000000e+00	0.000000e+00	0.000000e+00	0.000000e+00	0.000000e+00	0.000000e+00	0.000000e+00	0.000000e+00
9.323104e+04	1.955605e-14	0.000000e+00	0.000000e+00	0.000000e+00	0.000000e+00	0.000000e+00	0.000000e+00	0.000000e+00	0.000000e+00
9.323568e+04	1.952796e-14	0.000000e+00	0.000000e+00	0.000000e+00	0.000000e+00	0.000000e+00	0.000000e+00	0.000000e+00	0.000000e+00
9.324032e+04	1.949997e-14	0.000000e+00	0.000000e+00	0.000000e+00	0.000000e+00	0.000000e+00	0.000000e+00	0.000000e+00	0.000000e+00
9.324496e+04	1.947243e-14	0.000000e+00	0.000000e+00	0.000000e+00	0.000000e+00	0.000000e+00	0.000000e+00	0.000000e+00	0.000000e+00
9.324959e+04	1.944055e-14	0.000000e+00	0.000000e+00	0.000000e+00	0.000000e+00	0.000000e+00	0.000000e+00	0.000000e+00	0.000000e+00
9.325423e+04	1.941465e-14	0.000000e+00	0.000000e+00	0.000000e+00	0.000000e+00	0.000000e+00	0.000000e+00	0.000000e+00	0.000000e+00
9.325887e+04	1.938948e-14	0.000000e+00	0.000000e+00	0.000000e+00	0.000000e+00	0.000000e+00	0.000000e+00	0.000000e+00	0.000000e+00
9.326350e+04	1.936419e-14	0.000000e+00	0.000000e+00	0.000000e+00	0.000000e+00	0.000000e+00	0.000000e+00	0.000000e+00	0.000000e+00
9.326814e+04	1.933850e-14	0.000000e+00	0.000000e+00	0.000000e+00	0.000000e+00	0.000000e+00	0.000000e+00	0.000000e+00	0.000000e+00
9.327278e+04	1.930944e-14	0.000000e+00	0.000000e+00	0.000000e+00	0.000000e+00	0.000000e+00	0.000000e+00	0.000000e+00	0.000000e+00
9.327741e+04	1.927975e-14	0.000000e+00	0.000000e+00	0.000000e+00	0.000000e+00	0.000000e+00	0.000000e+00	0.000000e+00	0.000000e+00
9.328205e+04	1.925652e-14	0.000000e+00	0.000000e+00	0.000000e+00	0.000000e+00	0.000000e+00	0.000000e+00	0.000000e+00	0.000000e+00
9.328669e+04	1.923306e-14	0.000000e+00	0.000000e+00	0.000000e+00	0.000000e+00	0.000000e+00	0.000000e+00	0.000000e+00	0.000000e+00
9.329132e+04	1.920940e-14	0.000000e+00	0.000000e+00	0.000000e+00	0.000000e+00	0.000000e+00	0.000000e+00	0.000000e+00	0.000000e+00
9.329596e+04	1.918644e-14	0.000000e+00	0.000000e+00	0.000000e+00	0.000000e+00	0.000000e+00	0.000000e+00	0.000000e+00	0.000000e+00
9.330060e+04	1.916036e-14	0.000000e+00	0.000000e+00	0.000000e+00	0.000000e+00	0.000000e+00	0.000000e+00	0.000000e+00	0.000000e+00
9.330524e+04	1.913494e-14	0.000000e+00	0.000000e+00	0.000000e+00	0.000000e+00	0.000000e+00	0.000000e+00	0.000000e+00	0.000000e+00
9.330987e+04	1.911327e-14	0.000000e+00	0.000000e+00	0.000000e+00	0.000000e+00	0.000000e+00	0.000000e+00	0.000000e+00	0.000000e+00
9.331451e+04	1.909202e-14	0.000000e+00	0.000000e+00	0.000000e+00	0.000000e+00	0.000000e+00	0.000000e+00	0.000000e+00	0.000000e+00
9.331915e+04	1.907192e-14	0.000000e+00	0.000000e+00	0.000000e+00	0.000000e+00	0.000000e+00	0.000000e+00	0.000000e+00	0.000000e+00
9.332378e+04	1.904829e-14	0.000000e+00	0.000000e+00	0.000000e+00	0.000000e+00	0.000000e+00	0.000000e+00	0.000000e+00	0.000000e+00
9.333306e+04	1.900654e-14	0.000000e+00	0.000000e+00	0.000000e+00	0.000000e+00	0.000000e+00	0.000000e+00	0.000000e+00	0.000000e+00
9.333770e+04	1.898818e-14	0.000000e+00	0.000000e+00	0.000000e+00	0.000000e+00	0.000000e+00	0.000000e+00	0.000000e+00	0.000000e+00
9.334233e+04	1.896683e-14	0.000000e+00	0.000000e+00	0.000000e+00	0.000000e+00	0.000000e+00	0.000000e+00	0.000000e+00	0.000000e+00
9.335161e+04	1.893178e-14	0.000000e+00	0.000000e+00	0.000000e+00	0.000000e+00	0.000000e+00	0.000000e+00	0.000000e+00	0.000000e+00
9.335624e+04	1.891157e-14	0.000000e+00	0.000000e+00	0.000000e+00	0.000000e+00	0.000000e+00	0.000000e+00	0.000000e+00	0.000000e+00
9.336088e+04	1.889485e-14	0.000000e+00	0.000000e+00	0.000000e+00	0.000000e+00	0.000000e+00	0.000000e+00	0.000000e+00	0.000000e+00
9.337015e+04	1.885889e-14	0.000000e+00	0.000000e+00	0.000000e+00	0.000000e+00	0.000000e+00	0.000000e+00	0.000000e+00	0.000000e+00
9.337479e+04	1.883944e-14	0.000000e+00	0.000000e+00	0.000000e+00	0.000000e+00	0.000000e+00	0.000000e+00	0.000000e+00	0.000000e+00
9.338407e+04	1.880747e-14	0.000000e+00	0.000000e+00	0.000000e+00	0.000000e+00	0.000000e+00	0.000000e+00	0.000000e+00	0.000000e+00
9.338870e+04	1.878984e-14	0.000000e+00	0.000000e+00	0.000000e+00	0.000000e+00	0.000000e+00	0.000000e+00	0.000000e+00	0.000000e+00
9.339798e+04	1.875655e-14	0.000000e+00	0.000000e+00	0.000000e+00	0.000000e+00	0.000000e+00	0.000000e+00	0.000000e+00	0.000000e+00
9.340261e+04	1.873831e-14	0.000000e+00	0.000000e+00	0.000000e+00	0.000000e+00	0.000000e+00	0.000000e+00	0.000000e+00	0.000000e+00
9.341189e+04	1.870802e-14	0.000000e+00	0.000000e+00	0.000000e+00	0.000000e+00	0.000000e+00	0.000000e+00	0.000000e+00	0.000000e+00
9.341652e+04	1.869136e-14	0.000000e+00	0.000000e+00	0.000000e+00	0.000000e+00	0.000000e+00	0.000000e+00	0.000000e+00	0.000000e+00
9.342580e+04	1.866106e-14	0.000000e+00	0.000000e+00	0.000000e+00	0.000000e+00	0.000000e+00	0.000000e+00	0.000000e+00	0.000000e+00
9.343507e+04	1.862868e-14	0.000000e+00	0.000000e+00	0.000000e+00	0.000000e+00	0.000000e+00	0.000000e+00	0.000000e+00	0.000000e+00
9.344435e+04	1.859829e-14	0.000000e+00	0.000000e+00	0.000000e+00	0.000000e+00	0.000000e+00	0.000000e+00	0.000000e+00	0.000000e+00
9.344898e+04	1.858382e-14	0.000000e+00	0.000000e+00	0.000000e+00	0.000000e+00	0.000000e+00	0.000000e+00	0.000000e+00	0.000000e+00
9.345826e+04	1.855452e-14	0.000000e+00	0.000000e+00	0.000000e+00	0.000000e+00	0.000000e+00	0.000000e+00	0.000000e+00	0.000000e+00
9.346753e+04	1.852606e-14	0.000000e+00	0.000000e+00	0.000000e+00	0.000000e+00	0.000000e+00	0.000000e+00	0.000000e+00	0.000000e+00
9.347681e+04	1.849765e-14	0.000000e+00	0.000000e+00	0.000000e+00	0.000000e+00	0.000000e+00	0.000000e+00	0.000000e+00	0.000000e+00
9.348608e+04	1.847144e-14	0.000000e+00	0.000000e+00	0.000000e+00	0.000000e+00	0.000000e+00	0.000000e+00	0.000000e+00	0.000000e+00
9.349535e+04	1.844541e-14	0.000000e+00	0.000000e+00	0.000000e+00	0.000000e+00	0.000000e+00	0.000000e+00	0.000000e+00	0.000000e+00
9.350463e+04	1.841981e-14	0.000000e+00	0.000000e+00	0.000000e+00	0.000000e+00	0.000000e+00	0.000000e+00	0.000000e+00	0.000000e+00
9.351390e+04	1.839317e-14	0.000000e+00	0.000000e+00	0.000000e+00	0.000000e+00	0.000000e+00	0.000000e+00	0.000000e+00	0.000000e+00
9.352318e+04	1.836810e-14	0.000000e+00	0.000000e+00	0.000000e+00	0.000000e+00	0.000000e+00	0.000000e+00	0.000000e+00	0.000000e+00
9.353709e+04	1.833208e-14	0.000000e+00	0.000000e+00	0.000000e+00	0.000000e+00	0.000000e+00	0.000000e+00	0.000000e+00	0.000000e+00
9.354636e+04	1.830819e-14	0.000000e+00	0.000000e+00	0.000000e+00	0.000000e+00	0.000000e+00	0.000000e+00	0.000000e+00	0.000000e+00
9.355563e+04	1.828323e-14	0.000000e+00	0.000000e+00	0.000000e+00	0.000000e+00	0.000000e+00	0.000000e+00	0.000000e+00	0.000000e+00
9.356954e+04	1.824886e-14	0.000000e+00	0.000000e+00	0.000000e+00	0.000000e+00	0.000000e+00	0.000000e+00	0.000000e+00	0.000000e+00
9.357882e+04	1.822617e-14	0.000000e+00	0.000000e+00	0.000000e+00	0.000000e+00	0.000000e+00	0.000000e+00	0.000000e+00	0.000000e+00
9.359273e+04	1.819187e-14	0.000000e+00	0.000000e+00	0.000000e+00	0.000000e+00	0.000000e+00	0.000000e+00	0.000000e+00	0.000000e+00
9.360200e+04	1.816947e-14	0.000000e+00	0.000000e+00	0.000000e+00	0.000000e+00	0.000000e+00	0.000000e+00	0.000000e+00	0.000000e+00
9.361592e+04	1.813730e-14	0.000000e+00	0.000000e+00	0.000000e+00	0.000000e+00	0.000000e+00	0.000000e+00	0.000000e+00	0.000000e+00
9.362519e+04	1.811689e-14	0.000000e+00	0.000000e+00	0.000000e+00	0.000000e+00	0.000000e+00	0.000000e+00	0.000000e+00	0.000000e+00
9.363910e+04	1.808523e-14	3.985241e-19	0.000000e+00	1.217546e-22	5.940587e-14	0.000000e+00	0.000000e+00	0.000000e+00	0.000000e+00
9.365301e+04	1.805488e-14	7.857973e-20	0.000000e+00	1.940000e-21	2.219652e-14	0.000000e+00	0.000000e+00	0.000000e+00	0.000000e+00
9.366692e+04	1.802519e-14	6.665643e-20	0.000000e+00	3.193510e-21	2.154268e-14	0.000000e+00	0.000000e+00	0.000000e+00	0.000000e+00
9.368083e+04	1.799707e-14	3.984736e-20	0.000000e+00	2.791373e-21	2.115466e-14	0.000000e+00	0.000000e+00	0.000000e+00	0.000000e+00
9.369474e+04	1.796755e-14	2.033408e-20	0.000000e+00	1.854201e-21	2.088148e-14	0.000000e+00	0.000000e+00	0.000000e+00	0.000000e+00
9.370865e+04	1.793990e-14	1.339155e-20	0.000000e+00	1.491587e-21	2.067281e-14	0.000000e+00	0.000000e+00	0.000000e+00	0.000000e+00
9.372257e+04	1.791179e-14	1.416549e-20	0.000000e+00	1.851436e-21	2.049208e-14	0.000000e+00	0.000000e+00	0.000000e+00	0.000000e+00
9.373648e+04	1.788454e-14	1.543505e-20	0.000000e+00	2.302850e-21	2.034052e-14	0.000000e+00	0.000000e+00	0.000000e+00	0.000000e+00
9.375039e+04	1.785797e-14	1.764529e-20	0.000000e+00	2.945375e-21	2.020998e-14	0.000000e+00	0.000000e+00	0.000000e+00	0.000000e+00
9.375503e+04	1.784946e-14	1.852038e-20	0.000000e+00	3.197852e-21	2.017075e-14	0.000000e+00	0.000000e+00	0.000000e+00	0.000000e+00
9.376894e+04	1.782418e-14	2.230089e-20	0.000000e+00	4.224612e-21	2.005986e-14	0.000000e+00	0.000000e+00	0.000000e+00	0.000000e+00
9.378285e+04	1.779858e-14	2.441870e-20	0.000000e+00	5.019039e-21	1.996018e-14	0.000000e+00	0.000000e+00	0.000000e+00	0.000000e+00
9.380140e+04	1.776436e-14	2.476858e-20	0.000000e+00	5.598764e-21	1.983568e-14	0.000000e+00	0.000000e+00	0.000000e+00	0.000000e+00
9.381531e+04	1.773993e-14	2.331626e-20	0.000000e+00	5.613119e-21	1.975031e-14	0.000000e+00	0.000000e+00	0.000000e+00	0.000000e+00
9.383385e+04	1.770868e-14	1.999610e-20	0.000000e+00	5.188700e-21	1.964130e-14	0.000000e+00	0.000000e+00	0.000000e+00	0.000000e+00
9.385240e+04	1.767654e-14	1.644524e-20	0.000000e+00	4.560747e-21	1.953884e-14	0.000000e+00	0.000000e+00	0.000000e+00	0.000000e+00
9.386631e+04	1.765339e-14	1.382245e-20	0.000000e+00	4.010692e-21	1.946598e-14	0.000000e+00	0.000000e+00	0.000000e+00	0.000000e+00
9.387095e+04	1.764583e-14	1.305352e-20	0.000000e+00	3.842087e-21	1.944283e-14	0.000000e+00	0.000000e+00	0.000000e+00	0.000000e+00
9.388486e+04	1.762374e-14	1.103981e-20	0.000000e+00	3.384479e-21	1.937562e-14	0.000000e+00	0.000000e+00	0.000000e+00	0.000000e+00
9.388950e+04	1.761582e-14	1.077395e-20	0.000000e+00	3.345910e-21	1.935410e-14	0.000000e+00	0.000000e+00	0.000000e+00	0.000000e+00
9.390341e+04	1.759360e-14	9.779894e-21	0.000000e+00	3.151483e-21	1.929243e-14	0.000000e+00	0.000000e+00	0.000000e+00	0.000000e+00
9.390805e+04	1.758572e-14	9.175272e-21	0.000000e+00	2.991585e-21	1.927279e-14	0.000000e+00	0.000000e+00	0.000000e+00	0.000000e+00
9.392659e+04	1.755726e-14	1.186768e-20	0.000000e+00	4.045226e-21	1.919640e-14	0.000000e+00	0.000000e+00	0.000000e+00	0.000000e+00
9.394514e+04	1.752875e-14	1.171604e-20	0.000000e+00	4.159614e-21	1.912455e-14	0.000000e+00	0.000000e+00	0.000000e+00	0.000000e+00
9.396369e+04	1.750037e-14	2.019927e-20	0.000000e+00	7.445732e-21	1.905505e-14	0.000000e+00	0.000000e+00	0.000000e+00	0.000000e+00
9.396833e+04	1.749371e-14	1.433558e-20	0.000000e+00	5.331684e-21	1.903757e-14	0.000000e+00	0.000000e+00	0.000000e+00	0.000000e+00
9.398688e+04	1.746684e-14	1.663136e-20	0.000000e+00	6.399802e-21	1.897227e-14	0.000000e+00	0.000000e+00	0.000000e+00	0.000000e+00
9.400542e+04	1.743961e-14	1.428340e-20	0.000000e+00	5.672925e-21	1.890868e-14	0.000000e+00	0.000000e+00	0.000000e+00	0.000000e+00
9.401006e+04	1.743290e-14	1.429191e-20	0.000000e+00	5.719383e-21	1.889356e-14	0.000000e+00	0.000000e+00	0.000000e+00	0.000000e+00
9.402861e+04	1.740672e-14	1.272047e-20	0.000000e+00	5.240126e-21	1.883444e-14	0.000000e+00	0.000000e+00	0.000000e+00	0.000000e+00
9.404716e+04	1.738069e-14	2.323632e-19	0.000000e+00	9.834846e-20	1.877735e-14	0.000000e+00	0.000000e+00	0.000000e+00	0.000000e+00
9.405179e+04	1.737460e-14	1.095196e-20	0.000000e+00	4.665674e-21	1.876396e-14	0.000000e+00	0.000000e+00	0.000000e+00	0.000000e+00
9.407034e+04	1.734946e-14	9.414335e-21	0.000000e+00	4.112105e-21	1.870982e-14	0.000000e+00	0.000000e+00	0.000000e+00	0.000000e+00
9.407498e+04	1.734318e-14	8.901859e-21	0.000000e+00	3.911687e-21	1.869611e-14	0.000000e+00	0.000000e+00	0.000000e+00	0.000000e+00
9.409353e+04	1.731844e-14	2.531992e-20	0.000000e+00	1.138661e-20	1.864515e-14	0.000000e+00	0.000000e+00	0.000000e+00	0.000000e+00
9.409816e+04	1.731228e-14	9.335819e-21	0.000000e+00	4.221865e-21	1.863185e-14	0.000000e+00	0.000000e+00	0.000000e+00	0.000000e+00
9.411671e+04	1.728804e-14	8.530227e-21	0.000000e+00	3.941373e-21	1.858269e-14	0.000000e+00	0.000000e+00	0.000000e+00	0.000000e+00
9.412135e+04	1.728159e-14	8.711834e-21	0.000000e+00	4.046206e-21	1.857003e-14	0.000000e+00	0.000000e+00	0.000000e+00	0.000000e+00
9.414453e+04	1.725206e-14	9.133452e-21	0.000000e+00	4.348826e-21	1.851090e-14	0.000000e+00	0.000000e+00	0.000000e+00	0.000000e+00
9.416772e+04	1.722335e-14	1.099694e-20	0.000000e+00	5.359206e-21	1.845382e-14	0.000000e+00	0.000000e+00	0.000000e+00	0.000000e+00
9.419090e+04	1.719444e-14	1.387685e-20	0.000000e+00	6.911524e-21	1.839905e-14	0.000000e+00	0.000000e+00	0.000000e+00	0.000000e+00
9.419554e+04	1.718918e-14	1.569365e-20	0.000000e+00	7.849225e-21	1.838761e-14	0.000000e+00	0.000000e+00	0.000000e+00	0.000000e+00
9.421873e+04	1.716120e-14	2.023196e-20	0.000000e+00	1.032546e-20	1.833596e-14	0.000000e+00	0.000000e+00	0.000000e+00	0.000000e+00
9.424655e+04	1.712848e-14	3.123815e-20	0.000000e+00	1.630814e-20	1.827549e-14	0.000000e+00	0.000000e+00	0.000000e+00	0.000000e+00
9.426973e+04	1.710119e-14	4.481580e-20	0.000000e+00	2.381481e-20	1.822587e-14	0.000000e+00	0.000000e+00	0.000000e+00	0.000000e+00
9.427437e+04	1.709512e-14	5.090069e-20	0.000000e+00	2.714109e-20	1.821636e-14	0.000000e+00	0.000000e+00	0.000000e+00	0.000000e+00
9.429755e+04	1.706998e-14	6.890810e-20	0.000000e+00	3.735678e-20	1.816885e-14	0.000000e+00	0.000000e+00	0.000000e+00	0.000000e+00
9.430219e+04	1.706441e-14	7.334813e-20	0.000000e+00	3.989153e-20	1.816003e-14	0.000000e+00	0.000000e+00	0.000000e+00	0.000000e+00
9.433001e+04	1.703389e-14	1.084545e-19	0.000000e+00	6.008809e-20	1.810585e-14	0.000000e+00	0.000000e+00	0.000000e+00	0.000000e+00
9.435784e+04	1.700247e-14	1.559215e-19	0.000000e+00	8.790380e-20	1.805402e-14	0.000000e+00	0.000000e+00	0.000000e+00	0.000000e+00
9.438566e+04	1.697353e-14	2.191095e-19	0.000000e+00	1.255682e-19	1.800307e-14	0.000000e+00	0.000000e+00	0.000000e+00	0.000000e+00
9.439029e+04	1.696845e-14	2.315251e-19	0.000000e+00	1.330339e-19	1.799472e-14	0.000000e+00	0.000000e+00	0.000000e+00	0.000000e+00
9.441812e+04	1.693969e-14	3.183258e-19	0.000000e+00	1.857306e-19	1.794493e-14	0.000000e+00	0.000000e+00	0.000000e+00	0.000000e+00
9.444594e+04	1.691106e-14	4.322338e-19	0.000000e+00	2.558658e-19	1.789734e-14	0.000000e+00	0.000000e+00	0.000000e+00	0.000000e+00
9.445057e+04	1.690647e-14	4.560023e-19	0.000000e+00	2.705665e-19	1.788994e-14	0.000000e+00	0.000000e+00	0.000000e+00	0.000000e+00
9.447840e+04	1.687740e-14	6.086794e-19	0.000000e+00	3.660906e-19	1.784491e-14	0.000000e+00	0.000000e+00	0.000000e+00	0.000000e+00
9.448303e+04	1.687325e-14	6.386775e-19	0.000000e+00	3.849759e-19	1.783708e-14	0.000000e+00	0.000000e+00	0.000000e+00	0.000000e+00
9.451086e+04	1.684532e-14	8.446666e-19	0.000000e+00	5.156762e-19	1.779267e-14	0.000000e+00	0.000000e+00	0.000000e+00	0.000000e+00
9.451549e+04	1.684093e-14	8.841258e-19	0.000000e+00	5.408809e-19	1.778451e-14	0.000000e+00	0.000000e+00	0.000000e+00	0.000000e+00
9.454795e+04	1.680933e-14	1.206922e-18	0.000000e+00	7.487373e-19	1.773454e-14	0.000000e+00	0.000000e+00	0.000000e+00	0.000000e+00
9.458041e+04	1.677890e-14	1.623316e-18	0.000000e+00	1.020411e-18	1.768592e-14	0.000000e+00	0.000000e+00	0.000000e+00	0.000000e+00
9.458505e+04	1.677401e-14	1.691592e-18	0.000000e+00	1.065268e-18	1.767953e-14	0.000000e+00	0.000000e+00	0.000000e+00	0.000000e+00
9.461287e+04	1.674896e-14	2.156233e-18	0.000000e+00	1.372388e-18	1.763881e-14	0.000000e+00	0.000000e+00	0.000000e+00	0.000000e+00
9.461751e+04	1.674403e-14	2.243215e-18	0.000000e+00	1.430213e-18	1.763242e-14	0.000000e+00	0.000000e+00	0.000000e+00	0.000000e+00
9.464997e+04	1.671468e-14	2.943922e-18	0.000000e+00	1.899062e-18	1.758584e-14	0.000000e+00	0.000000e+00	0.000000e+00	0.000000e+00
9.465460e+04	1.670984e-14	3.058317e-18	0.000000e+00	1.976058e-18	1.758009e-14	0.000000e+00	0.000000e+00	0.000000e+00	0.000000e+00
9.468706e+04	1.668090e-14	3.965297e-18	0.000000e+00	2.590470e-18	1.753530e-14	0.000000e+00	0.000000e+00	0.000000e+00	0.000000e+00
9.469170e+04	1.667623e-14	4.112030e-18	0.000000e+00	2.690437e-18	1.752849e-14	0.000000e+00	0.000000e+00	0.000000e+00	0.000000e+00
9.472416e+04	1.664752e-14	5.268832e-18	0.000000e+00	3.483333e-18	1.748546e-14	0.000000e+00	0.000000e+00	0.000000e+00	0.000000e+00
9.472879e+04	1.664349e-14	5.454057e-18	0.000000e+00	3.610996e-18	1.747949e-14	0.000000e+00	0.000000e+00	0.000000e+00	0.000000e+00
9.476125e+04	1.661459e-14	6.903632e-18	0.000000e+00	4.615835e-18	1.743663e-14	0.000000e+00	0.000000e+00	0.000000e+00	0.000000e+00
9.476589e+04	1.661029e-14	7.131526e-18	0.000000e+00	4.774717e-18	1.742986e-14	0.000000e+00	0.000000e+00	0.000000e+00	0.000000e+00
9.480299e+04	1.657828e-14	9.207223e-18	0.000000e+00	6.230056e-18	1.738168e-14	0.000000e+00	0.000000e+00	0.000000e+00	0.000000e+00
9.480762e+04	1.657433e-14	9.496723e-18	0.000000e+00	6.434200e-18	1.737616e-14	0.000000e+00	0.000000e+00	0.000000e+00	0.000000e+00
9.484008e+04	1.654607e-14	1.174176e-17	0.000000e+00	8.025186e-18	1.733482e-14	0.000000e+00	0.000000e+00	0.000000e+00	0.000000e+00
9.484472e+04	1.654224e-14	1.209423e-17	0.000000e+00	8.276163e-18	1.732927e-14	0.000000e+00	0.000000e+00	0.000000e+00	0.000000e+00
9.488182e+04	1.651024e-14	1.521556e-17	0.000000e+00	1.051116e-17	1.728321e-14	0.000000e+00	0.000000e+00	0.000000e+00	0.000000e+00
9.488645e+04	1.650630e-14	1.565467e-17	0.000000e+00	1.082694e-17	1.727783e-14	0.000000e+00	0.000000e+00	0.000000e+00	0.000000e+00
9.492355e+04	1.647440e-14	1.945701e-17	0.000000e+00	1.357760e-17	1.723219e-14	0.000000e+00	0.000000e+00	0.000000e+00	0.000000e+00
9.492819e+04	1.647025e-14	1.996481e-17	0.000000e+00	1.394711e-17	1.722638e-14	0.000000e+00	0.000000e+00	0.000000e+00	0.000000e+00
9.496528e+04	1.643844e-14	2.451619e-17	0.000000e+00	1.727224e-17	1.718079e-14	0.000000e+00	0.000000e+00	0.000000e+00	0.000000e+00
9.496992e+04	1.643409e-14	2.513384e-17	0.000000e+00	1.772564e-17	1.717463e-14	0.000000e+00	0.000000e+00	0.000000e+00	0.000000e+00
9.501165e+04	1.639769e-14	3.123027e-17	0.000000e+00	2.222429e-17	1.712460e-14	0.000000e+00	0.000000e+00	0.000000e+00	0.000000e+00
9.501629e+04	1.639380e-14	3.197556e-17	0.000000e+00	2.277677e-17	1.711916e-14	0.000000e+00	0.000000e+00	0.000000e+00	0.000000e+00
9.505802e+04	1.635711e-14	3.920338e-17	0.000000e+00	2.816355e-17	1.706945e-14	0.000000e+00	0.000000e+00	0.000000e+00	0.000000e+00
9.506266e+04	1.635334e-14	4.006634e-17	0.000000e+00	2.880992e-17	1.706396e-14	0.000000e+00	0.000000e+00	0.000000e+00	0.000000e+00
9.510439e+04	1.631713e-14	4.852099e-17	0.000000e+00	3.517067e-17	1.701289e-14	0.000000e+00	0.000000e+00	0.000000e+00	0.000000e+00
9.510903e+04	1.631300e-14	4.953032e-17	0.000000e+00	3.593348e-17	1.700771e-14	0.000000e+00	0.000000e+00	0.000000e+00	0.000000e+00
9.515076e+04	1.627576e-14	5.926486e-17	0.000000e+00	4.332403e-17	1.695703e-14	0.000000e+00	0.000000e+00	0.000000e+00	0.000000e+00
9.515540e+04	1.627089e-14	6.042733e-17	1.344426e-22	4.421018e-17	1.695161e-14	2.399985e-19	1.316056e-25	3.211123e-22	2.036405e-14
9.519713e+04	1.623319e-14	7.149200e-17	1.260786e-22	5.268407e-17	1.690001e-14	5.216902e-21	2.609376e-24	1.465163e-22	2.199022e-14
9.520177e+04	1.622906e-14	7.280780e-17	8.699145e-23	5.369562e-17	1.689470e-14	3.588273e-20	1.986825e-24	1.111239e-21	2.192436e-14
9.524814e+04	1.618667e-14	8.670567e-17	2.008382e-22	6.443265e-17	1.683848e-14	1.044603e-21	8.789386e-24	6.151843e-23	2.132127e-14
9.525278e+04	1.618263e-14	8.818995e-17	2.095849e-22	6.558405e-17	1.683315e-14	1.456468e-21	9.600407e-24	8.971219e-23	2.127264e-14
9.529915e+04	1.613966e-14	1.037692e-16	1.286441e-22	7.772631e-17	1.677571e-14	1.289245e-21	8.460788e-24	1.132027e-22	2.086943e-14
9.530378e+04	1.613565e-14	1.054113e-16	1.103869e-22	7.901153e-17	1.676926e-14	2.344634e-21	7.475329e-24	2.118286e-22	2.083486e-14
9.535015e+04	1.609166e-14	1.227711e-16	1.642240e-22	9.265241e-17	1.671173e-14	1.445494e-21	1.425208e-23	1.662254e-22	2.052802e-14
9.535479e+04	1.608711e-14	1.245303e-16	1.782791e-22	9.404240e-17	1.670620e-14	5.321981e-22	1.580411e-23	6.247324e-23	2.050070e-14
9.540116e+04	1.604186e-14	1.434695e-16	1.717042e-22	1.090474e-16	1.664840e-14	1.496250e-21	1.835091e-23	2.103901e-22	2.024862e-14
9.540580e+04	1.603703e-14	1.454280e-16	1.561061e-22	1.106056e-16	1.664261e-14	9.054180e-22	1.696215e-23	1.293544e-22	2.022515e-14
9.545680e+04	1.598742e-14	1.680601e-16	1.213635e-22	1.286830e-16	1.657742e-14	9.434028e-22	1.551119e-23	1.574699e-22	1.998935e-14
9.546144e+04	1.598296e-14	1.702017e-16	1.310504e-22	1.304006e-16	1.657167e-14	6.471630e-22	1.697207e-23	1.093942e-22	1.996976e-14
9.551245e+04	1.593141e-14	1.946238e-16	1.618585e-22	1.500671e-16	1.650507e-14	3.839442e-22	2.391971e-23	7.358664e-23	1.976661e-14
9.551709e+04	1.592656e-14	1.969959e-16	1.571885e-22	1.519820e-16	1.649925e-14	3.863714e-22	2.348473e-23	7.482294e-23	1.974913e-14
9.556809e+04	1.587503e-14	2.229383e-16	1.217510e-22	1.730420e-16	1.643339e-14	4.790112e-22	2.031550e-23	1.029755e-22	1.956891e-14
9.557273e+04	1.587033e-14	2.254252e-16	1.228765e-22	1.750663e-16	1.642679e-14	4.695073e-22	2.069396e-23	1.018162e-22	1.955331e-14
9.562374e+04	1.581752e-14	2.529671e-16	1.375106e-22	1.975898e-16	1.636065e-14	4.306969e-22	2.545391e-23	1.020680e-22	1.939029e-14
9.562837e+04	1.581211e-14	2.555232e-16	1.446489e-22	1.996882e-16	1.635488e-14	4.593860e-22	2.698994e-23	1.096838e-22	1.937611e-14
9.563301e+04	1.580765e-14	2.581294e-16	1.497900e-22	2.018274e-16	1.634918e-14	2.729587e-21	2.817074e-23	6.565530e-22	1.936219e-14
9.568402e+04	1.575455e-14	2.869687e-16	2.238572e-22	2.256038e-16	1.628200e-14	5.422093e-22	4.566430e-23	1.406893e-22	1.921782e-14
9.568865e+04	1.574986e-14	2.895653e-16	2.225665e-22	2.277553e-16	1.627517e-14	1.252950e-21	4.571625e-23	3.272070e-22	1.920517e-14
9.574430e+04	1.569010e-14	3.222191e-16	1.205882e-22	2.548768e-16	1.620282e-14	6.710710e-22	2.677260e-23	1.883541e-22	1.906026e-14
9.574893e+04	1.568559e-14	3.248835e-16	1.289577e-22	2.571024e-16	1.619619e-14	5.198077e-22	2.880524e-23	1.467197e-22	1.904864e-14
9.580922e+04	1.562218e-14	3.613782e-16	2.126382e-22	2.876500e-16	1.611738e-14	4.993060e-22	5.114801e-23	1.508869e-22	1.890574e-14
9.581385e+04	1.561752e-14	3.641178e-16	2.254561e-22	2.899569e-16	1.611163e-14	4.910143e-22	5.452192e-23	1.491118e-22	1.889507e-14
9.586950e+04	1.555725e-14	3.984059e-16	3.124780e-22	3.188816e-16	1.603817e-14	4.516825e-22	8.029673e-23	1.450134e-22	1.877562e-14
9.587413e+04	1.555291e-14	4.012153e-16	3.612655e-22	3.212633e-16	1.603276e-14	1.152343e-21	9.327945e-23	3.715845e-22	1.876566e-14
9.587877e+04	1.554790e-14	4.041831e-16	3.043645e-22	3.237732e-16	1.602652e-14	4.663815e-22	7.896193e-23	1.510436e-22	1.875568e-14
9.593442e+04	1.548904e-14	4.387068e-16	2.345084e-22	3.531316e-16	1.595414e-14	6.117830e-22	6.422767e-23	2.081608e-22	1.864336e-14
9.593905e+04	1.548449e-14	4.414193e-16	2.312165e-22	3.554548e-16	1.594780e-14	6.516510e-22	6.359863e-23	2.225927e-22	1.863431e-14
9.594369e+04	1.547917e-14	4.443426e-16	2.308009e-22	3.579491e-16	1.594215e-14	4.850572e-22	6.375551e-23	1.663297e-22	1.862545e-14
9.600397e+04	1.541518e-14	4.817247e-16	2.837776e-22	3.899956e-16	1.586610e-14	6.384534e-22	8.262775e-23	2.296234e-22	1.851436e-14
9.600861e+04	1.541077e-14	4.846193e-16	2.939756e-22	3.924853e-16	1.586030e-14	8.022681e-22	8.592732e-23	2.895455e-22	1.850610e-14
9.606889e+04	1.534765e-14	5.215827e-16	4.041395e-22	4.244230e-16	1.578442e-14	1.006603e-21	1.239011e-22	3.792506e-22	1.840204e-14
9.607353e+04	1.534220e-14	5.244137e-16	4.091472e-22	4.268782e-16	1.577899e-14	1.653906e-21	1.258762e-22	6.250938e-22	1.839445e-14
9.607816e+04	1.533822e-14	5.275208e-16	4.128476e-22	4.295593e-16	1.577190e-14	9.907995e-22	1.274572e-22	3.756442e-22	1.838624e-14
9.613844e+04	1.527611e-14	5.638699e-16	3.865548e-22	4.612239e-16	1.569809e-14	8.659982e-22	1.246112e-22	3.412951e-22	1.829003e-14
9.614772e+04	1.526606e-14	5.692324e-16	6.049385e-22	4.659237e-16	1.568782e-14	1.033475e-20	1.962504e-22	4.096134e-21	1.827555e-14
9.621264e+04	1.520142e-14	6.072090e-16	3.123839e-22	4.992937e-16	1.560965e-14	6.670193e-22	1.057188e-22	2.745265e-22	1.817665e-14
9.621727e+04	1.519711e-14	6.098209e-16	2.837549e-22	5.016017e-16	1.560486e-14	6.085531e-22	9.630774e-23	2.511074e-22	1.816984e-14
9.628219e+04	1.513215e-14	6.463226e-16	2.917794e-22	5.339530e-16	1.552910e-14	6.020227e-22	1.029421e-22	2.570974e-22	1.807779e-14
9.629146e+04	1.512375e-14	6.516183e-16	2.954468e-22	5.386554e-16	1.551911e-14	6.002153e-22	1.047886e-22	2.575279e-22	1.806566e-14
9.635638e+04	1.506311e-14	6.862427e-16	3.146980e-22	5.696366e-16	1.544634e-14	6.603154e-22	1.156438e-22	2.923207e-22	1.797912e-14
9.636566e+04	1.505280e-14	6.911969e-16	3.160254e-22	5.740807e-16	1.543638e-14	7.028915e-22	1.166962e-22	3.125013e-22	1.796703e-14
9.643521e+04	1.499031e-14	7.259711e-16	2.851121e-22	6.055148e-16	1.536160e-14	9.231579e-22	1.090120e-22	4.231841e-22	1.787793e-14
9.643985e+04	1.498584e-14	7.285730e-16	2.824678e-22	6.078519e-16	1.535714e-14	7.359827e-22	1.082420e-22	3.380411e-22	1.787251e-14
9.651404e+04	1.491990e-14	7.633187e-16	2.750817e-22	6.395751e-16	1.528081e-14	8.047554e-22	1.090802e-22	3.808573e-22	1.778453e-14
9.651868e+04	1.491663e-14	7.651706e-16	2.769394e-22	6.412942e-16	1.527704e-14	7.939921e-22	1.100423e-22	3.764369e-22	1.777921e-14
9.659287e+04	1.485369e-14	7.969946e-16	3.732718e-22	6.706932e-16	1.520517e-14	8.102402e-22	1.530747e-22	3.948423e-22	1.769416e-14
9.659751e+04	1.484983e-14	7.987692e-16	3.828468e-22	6.723536e-16	1.520116e-14	8.328708e-22	1.572993e-22	4.065398e-22	1.768885e-14
9.660214e+04	1.484616e-14	8.009346e-16	3.936276e-22	6.743433e-16	1.519679e-14	8.476481e-22	1.620343e-22	4.144318e-22	1.768401e-14
9.667634e+04	1.478663e-14	8.297120e-16	6.154147e-22	7.012797e-16	1.512863e-14	2.393440e-21	2.608069e-22	1.200079e-21	1.760531e-14
9.668097e+04	1.478311e-14	8.312760e-16	6.132232e-22	7.027674e-16	1.512493e-14	8.797963e-22	2.603335e-22	4.418014e-22	1.759994e-14
9.675980e+04	1.472355e-14	8.584387e-16	8.388999e-22	7.285759e-16	1.505744e-14	1.030833e-21	3.664898e-22	5.306087e-22	1.751932e-14
9.676444e+04	1.472048e-14	8.601474e-16	8.509569e-22	7.301900e-16	1.505326e-14	1.141654e-21	3.723607e-22	5.884747e-22	1.751399e-14
9.684327e+04	1.466351e-14	8.839299e-16	1.025178e-21	7.531788e-16	1.499016e-14	1.105908e-21	4.606821e-22	5.832315e-22	1.743812e-14
9.685254e+04	1.465741e-14	8.866385e-16	1.044635e-21	7.558094e-16	1.498233e-14	1.144964e-21	4.708408e-22	6.053904e-22	1.742900e-14
9.693137e+04	1.460486e-14	9.074133e-16	1.272267e-21	7.762611e-16	1.492375e-14	1.171851e-21	5.877530e-22	6.328289e-22	1.735476e-14
9.694064e+04	1.459887e-14	9.093596e-16	1.310797e-21	7.782420e-16	1.491683e-14	1.173679e-21	6.072483e-22	6.353322e-22	1.734670e-14
9.701947e+04	1.454969e-14	9.263269e-16	1.779990e-21	7.954373e-16	1.486152e-14	1.332578e-21	8.437397e-22	7.356003e-22	1.727660e-14
9.702875e+04	1.454350e-14	9.286319e-16	1.853706e-21	7.977249e-16	1.485537e-14	1.325233e-21	8.809735e-22	7.331699e-22	1.726756e-14
9.711221e+04	1.449534e-14	9.431243e-16	2.652904e-21	8.129283e-16	1.480262e-14	1.584884e-21	1.289628e-21	8.938339e-22	1.719645e-14
9.712149e+04	1.449023e-14	9.447317e-16	2.752602e-21	8.146133e-16	1.479672e-14	1.544594e-21	1.341341e-21	8.729049e-22	1.718795e-14
9.720495e+04	1.444519e-14	9.562861e-16	3.760510e-21	8.272430e-16	1.474728e-14	3.265249e-21	1.871531e-21	1.878544e-21	1.712051e-14
9.721423e+04	1.444076e-14	9.576281e-16	3.866708e-21	8.286940e-16	1.474262e-14	1.851334e-21	1.928743e-21	1.067138e-21	1.711243e-14
9.730233e+04	1.439724e-14	9.668749e-16	5.088339e-21	8.394139e-16	1.469279e-14	2.001346e-21	2.591349e-21	1.173995e-21	1.704419e-14
9.731160e+04	1.439261e-14	9.674049e-16	5.229477e-21	8.401536e-16	1.468852e-14	2.027611e-21	2.668854e-21	1.191519e-21	1.703727e-14
9.739971e+04	1.435156e-14	9.739291e-16	6.813558e-21	8.484342e-16	1.464388e-14	1.045673e-18	3.545374e-21	6.245877e-19	1.696951e-14
9.740898e+04	1.434759e-14	9.743048e-16	6.999276e-21	8.490305e-16	1.463972e-14	2.449826e-21	3.649207e-21	1.465724e-21	1.696336e-14
9.750172e+04	1.430752e-14	9.774107e-16	9.379201e-21	8.543745e-16	1.459677e-14	2.520417e-21	4.984239e-21	1.532266e-21	1.689600e-14
9.751100e+04	1.430448e-14	9.780847e-16	9.664574e-21	8.552216e-16	1.459147e-14	2.579314e-21	5.145374e-21	1.570494e-21	1.688989e-14
9.760374e+04	1.426799e-14	9.782950e-16	1.308872e-20	8.579262e-16	1.455489e-14	2.983353e-21	7.093920e-21	1.843799e-21	1.682537e-14
9.761301e+04	1.426439e-14	9.787378e-16	1.354178e-20	8.585611e-16	1.455008e-14	1.052827e-19	7.352169e-21	6.516161e-20	1.681807e-14
9.771039e+04	1.422931e-14	9.766109e-16	1.834710e-20	8.592186e-16	1.451339e-14	6.100526e-21	1.013756e-20	3.831342e-21	1.675378e-14
9.771966e+04	1.422708e-14	9.757714e-16	1.886449e-20	8.587146e-16	1.451060e-14	3.599906e-21	1.044032e-20	2.263909e-21	1.674724e-14
9.781704e+04	1.419634e-14	9.713251e-16	2.489416e-20	8.571983e-16	1.447640e-14	4.063825e-21	1.400602e-20	2.590809e-21	1.668460e-14
9.782631e+04	1.419180e-14	9.714629e-16	2.552319e-20	8.575431e-16	1.447116e-14	4.114193e-21	1.438175e-20	2.626223e-21	1.667883e-14
9.792832e+04	1.416185e-14	9.644893e-16	3.295966e-20	8.537684e-16	1.443941e-14	4.808923e-21	1.887493e-20	3.111055e-21	1.661442e-14
9.793760e+04	1.415946e-14	9.637894e-16	3.367271e-20	8.533601e-16	1.443701e-14	4.723221e-21	1.931075e-20	3.059209e-21	1.660897e-14
9.803961e+04	1.412986e-14	9.560979e-16	4.198712e-20	8.488044e-16	1.440513e-14	5.123069e-21	2.444748e-20	3.360029e-21	1.654785e-14
9.804889e+04	1.412700e-14	9.555743e-16	4.278378e-20	8.485399e-16	1.440261e-14	5.135197e-21	2.494473e-20	3.371700e-21	1.654276e-14
9.815554e+04	1.409965e-14	9.461432e-16	5.251843e-20	8.423932e-16	1.437318e-14	5.371763e-21	3.108081e-20	3.570585e-21	1.648036e-14
9.816481e+04	1.409761e-14	9.451904e-16	5.340621e-20	8.417340e-16	1.437121e-14	5.354702e-21	3.164599e-20	3.562924e-21	1.647532e-14
9.827610e+04	1.406693e-14	9.360361e-16	6.489206e-20	8.357772e-16	1.434032e-14	5.514012e-21	3.901853e-20	3.713206e-21	1.641271e-14
9.828537e+04	1.406456e-14	9.357674e-16	6.599847e-20	8.357159e-16	1.433774e-14	5.659058e-21	3.973070e-20	3.814571e-21	1.640775e-14
9.839666e+04	1.403708e-14	9.265982e-16	7.949936e-20	8.296019e-16	1.430776e-14	6.667122e-21	4.852080e-20	4.544902e-21	1.634920e-14
9.840594e+04	1.403446e-14	9.255114e-16	8.136115e-20	8.287976e-16	1.430418e-14	5.840412e-20	4.971234e-20	3.984960e-20	1.634372e-14
9.851722e+04	1.400652e-14	9.170346e-16	9.671228e-20	8.231690e-16	1.427522e-14	7.186425e-21	5.986239e-20	4.955438e-21	1.628513e-14
9.853114e+04	1.400375e-14	9.157362e-16	9.874146e-20	8.222427e-16	1.427229e-14	5.959417e-21	6.121446e-20	4.114609e-21	1.627822e-14
9.864706e+04	1.397547e-14	9.070009e-16	1.183536e-19	8.163285e-16	1.424276e-14	6.299475e-21	7.431007e-20	4.394537e-21	1.621960e-14
9.865633e+04	1.397326e-14	9.066707e-16	1.199300e-19	8.161821e-16	1.424000e-14	6.327708e-21	7.537406e-20	4.417770e-21	1.621504e-14
9.878617e+04	1.394252e-14	8.967369e-16	1.452694e-19	8.092771e-16	1.420736e-14	6.978669e-21	9.252807e-20	4.925379e-21	1.615272e-14
9.892064e+04	1.390876e-14	8.890830e-16	1.744331e-19	8.043671e-16	1.417127e-14	7.857587e-21	1.125624e-19	5.604560e-21	1.608911e-14
9.905512e+04	1.387608e-14	8.806362e-16	2.062764e-19	7.986144e-16	1.413939e-14	9.418054e-21	1.347583e-19	6.784636e-21	1.602804e-14
9.919423e+04	1.384338e-14	8.734670e-16	2.412974e-19	7.939647e-16	1.410223e-14	1.184458e-20	1.595415e-19	8.615603e-21	1.596725e-14
9.933797e+04	1.380871e-14	8.665714e-16	2.781565e-19	7.895093e-16	1.406651e-14	1.527066e-20	1.860777e-19	1.121270e-20	1.590668e-14
9.948172e+04	1.377497e-14	8.609566e-16	3.129427e-19	7.861137e-16	1.403012e-14	1.900475e-20	2.116757e-19	1.407876e-20	1.584562e-14
9.963010e+04	1.374133e-14	8.553922e-16	3.445842e-19	7.827182e-16	1.399273e-14	2.413978e-20	2.356052e-19	1.803776e-20	1.578612e-14
9.978312e+04	1.370533e-14	8.503292e-16	3.672497e-19	7.797352e-16	1.395430e-14	3.078936e-20	2.537549e-19	2.320030e-20	1.572828e-14
9.994078e+04	1.366921e-14	8.475034e-16	3.752690e-19	7.787615e-16	1.391540e-14	4.325219e-20	2.619620e-19	3.285797e-20	1.566685e-14
1.000984e+05	1.363160e-14	8.454976e-16	3.635850e-19	7.784595e-16	1.387543e-14	3.949800e-20	2.562728e-19	3.023765e-20	1.561028e-14
1.002607e+05	1.359002e-14	8.458881e-16	3.323708e-19	7.803354e-16	1.383300e-14	4.170839e-20	2.364895e-19	3.216947e-20	1.555244e-14
1.004277e+05	1.354894e-14	8.458524e-16	2.878937e-19	7.817922e-16	1.378905e-14	4.204402e-20	2.067305e-19	3.266479e-20	1.549502e-14
1.005992e+05	1.350705e-14	8.477951e-16	2.474042e-19	7.850534e-16	1.374576e-14	4.288236e-20	1.792478e-19	3.355192e-20	1.543640e-14
1.007754e+05	1.346333e-14	8.510208e-16	2.366978e-19	7.894829e-16	1.369995e-14	4.862762e-20	1.729845e-19	3.830835e-20	1.538062e-14
1.009563e+05	1.341932e-14	8.552272e-16	2.857315e-19	7.948056e-16	1.365224e-14	6.736858e-20	2.105861e-19	5.342561e-20	1.532189e-14
1.011371e+05	1.337268e-14	8.612474e-16	4.188421e-19	8.017666e-16	1.360280e-14	1.073926e-19	3.111627e-19	8.570210e-20	1.526593e-14
