E, cm-1	Sigma_00, cm2	
1.052473e+05	4.381188e-14
1.052474e+05	4.350902e-14
1.052475e+05	4.317502e-14
1.052476e+05	4.280732e-14
1.052477e+05	4.466165e-14
1.052478e+05	4.451075e-14
1.052479e+05	4.434360e-14
1.052481e+05	4.415809e-14
1.052482e+05	4.395196e-14
1.052483e+05	4.372273e-14
1.052485e+05	4.346776e-14
1.052486e+05	4.318429e-14
1.052487e+05	4.435990e-14
1.052489e+05	4.423632e-14
1.052490e+05	4.409893e-14
1.052492e+05	4.394588e-14
1.052493e+05	4.377520e-14
1.052495e+05	4.358471e-14
1.052496e+05	4.418120e-14
1.052498e+05	4.408866e-14
1.052500e+05	4.398711e-14
1.052501e+05	4.387543e-14
1.052503e+05	4.375190e-14
1.052505e+05	4.361433e-14
1.052507e+05	4.396244e-14
1.052509e+05	4.388856e-14
1.052511e+05	4.380732e-14
1.052513e+05	4.371717e-14
1.052515e+05	4.361639e-14
1.052517e+05	4.350338e-14
1.052519e+05	4.337733e-14
1.052521e+05	4.323775e-14
1.052523e+05	4.308269e-14
1.052525e+05	4.290792e-14
1.052528e+05	4.270899e-14
1.052530e+05	4.248275e-14
1.052532e+05	4.318160e-14
1.052535e+05	4.306562e-14
1.052537e+05	4.293276e-14
1.052540e+05	4.278127e-14
1.052543e+05	4.261008e-14
1.052545e+05	4.300014e-14
1.052548e+05	4.290569e-14
1.052551e+05	4.280046e-14
1.052554e+05	4.268211e-14
1.052557e+05	4.254729e-14
1.052560e+05	4.277363e-14
1.052563e+05	4.269066e-14
1.052566e+05	4.259911e-14
1.052569e+05	4.249697e-14
1.052573e+05	4.259069e-14
1.052576e+05	4.251846e-14
1.052580e+05	4.244483e-14
1.052583e+05	4.235938e-14
1.052587e+05	4.226486e-14
1.052591e+05	4.215929e-14
1.052595e+05	4.204051e-14
1.052598e+05	4.190618e-14
1.052602e+05	4.175365e-14
1.052607e+05	4.199662e-14
1.052611e+05	4.189454e-14
1.052615e+05	4.178080e-14
1.052620e+05	4.165458e-14
1.052624e+05	4.180417e-14
1.052629e+05	4.171275e-14
1.052633e+05	4.161226e-14
1.052638e+05	4.166756e-14
1.052643e+05	4.158934e-14
1.052648e+05	4.150520e-14
1.052653e+05	4.141363e-14
1.052659e+05	4.143952e-14
1.052664e+05	4.136426e-14
1.052670e+05	4.128512e-14
1.052675e+05	4.119932e-14
1.052681e+05	4.110547e-14
1.052687e+05	4.100192e-14
1.052693e+05	4.088680e-14
1.052699e+05	4.096959e-14
1.052706e+05	4.088145e-14
1.052712e+05	4.078487e-14
1.052719e+05	4.081716e-14
1.052726e+05	4.073728e-14
1.052733e+05	4.065084e-14
1.052740e+05	4.065408e-14
1.052747e+05	4.057979e-14
1.052754e+05	4.050043e-14
1.052762e+05	4.048287e-14
1.052770e+05	4.041169e-14
1.052778e+05	4.033626e-14
1.052786e+05	4.025544e-14
1.052795e+05	4.016790e-14
1.052803e+05	4.007270e-14
1.052812e+05	4.008810e-14
1.052821e+05	4.000442e-14
1.052830e+05	3.991386e-14
1.052839e+05	3.991351e-14
1.052849e+05	3.983231e-14
1.052859e+05	3.980238e-14
1.052869e+05	3.972753e-14
1.052879e+05	3.964828e-14
1.052890e+05	3.961041e-14
1.052901e+05	3.953592e-14
1.052912e+05	3.945758e-14
1.052923e+05	3.937461e-14
1.052935e+05	3.928588e-14
1.052946e+05	3.926562e-14
1.052959e+05	3.918200e-14
1.052971e+05	3.915091e-14
1.052984e+05	3.907224e-14
1.052997e+05	3.902301e-14
1.053010e+05	3.894669e-14
1.053024e+05	3.886652e-14
1.053037e+05	3.881551e-14
1.053052e+05	3.873590e-14
1.053066e+05	3.865388e-14
1.053081e+05	3.856622e-14
1.053096e+05	3.852158e-14
1.053112e+05	3.843340e-14
1.053128e+05	3.837912e-14
1.053144e+05	3.829407e-14
1.053161e+05	3.823357e-14
1.053178e+05	3.814704e-14
1.053196e+05	3.808162e-14
1.053214e+05	3.799754e-14
1.053232e+05	3.791185e-14
1.053251e+05	3.781894e-14
1.053270e+05	3.775698e-14
1.053290e+05	3.766650e-14
1.053310e+05	3.759921e-14
1.053330e+05	3.752609e-14
1.053351e+05	3.743740e-14
1.053373e+05	3.736001e-14
1.053395e+05	3.727063e-14
1.053418e+05	3.717875e-14
1.053441e+05	3.708310e-14
1.053464e+05	3.700866e-14
1.053488e+05	3.692974e-14
1.053513e+05	3.683812e-14
1.053539e+05	3.675946e-14
1.053564e+05	3.666739e-14
1.053591e+05	3.658837e-14
1.053618e+05	3.649781e-14
1.053646e+05	3.640553e-14
1.053674e+05	3.632971e-14
1.053703e+05	3.625119e-14
1.053733e+05	3.616423e-14
1.053764e+05	3.608748e-14
1.053795e+05	3.601153e-14
1.053827e+05	3.592825e-14
1.053859e+05	3.584605e-14
1.053893e+05	3.577456e-14
1.053927e+05	3.570282e-14
1.053962e+05	3.562472e-14
1.053997e+05	3.555423e-14
1.054034e+05	3.548311e-14
1.054071e+05	3.540776e-14
1.054110e+05	3.533123e-14
1.054149e+05	3.526163e-14
1.054189e+05	3.519067e-14
1.054230e+05	3.511986e-14
1.054272e+05	3.504146e-14
1.054315e+05	3.496873e-14
1.054359e+05	3.488763e-14
1.054404e+05	3.481255e-14
1.054450e+05	3.473466e-14
1.054497e+05	3.465533e-14
1.054546e+05	3.457239e-14
1.054595e+05	3.449190e-14
1.054646e+05	3.440785e-14
1.054697e+05	3.432777e-14
1.054750e+05	3.424796e-14
1.054804e+05	3.416929e-14
1.054860e+05	3.409246e-14
1.054916e+05	3.401274e-14
1.054974e+05	3.393815e-14
1.055034e+05	3.386071e-14
1.055095e+05	3.378674e-14
1.055157e+05	3.371320e-14
1.055220e+05	3.363945e-14
1.055285e+05	3.356033e-14
1.055352e+05	3.348405e-14
1.055420e+05	3.340778e-14
1.055490e+05	3.332965e-14
1.055561e+05	3.325059e-14
1.055634e+05	3.316816e-14
1.055709e+05	3.309222e-14
1.055785e+05	3.301383e-14
1.055864e+05	3.293655e-14
1.055944e+05	3.285976e-14
1.056026e+05	3.278436e-14
1.056110e+05	3.270959e-14
1.056195e+05	3.263458e-14
1.056283e+05	3.255890e-14
1.056373e+05	3.248133e-14
1.056465e+05	3.240472e-14
1.056559e+05	3.232701e-14
1.056655e+05	3.224956e-14
1.056754e+05	3.217155e-14
1.056855e+05	3.209461e-14
1.056958e+05	3.201947e-14
1.057063e+05	3.194354e-14
1.057171e+05	3.186657e-14
1.057282e+05	3.179151e-14
1.057395e+05	3.171490e-14
1.057511e+05	3.163786e-14
1.057629e+05	3.156056e-14
1.057750e+05	3.148332e-14
1.057874e+05	3.140684e-14
1.058001e+05	3.133080e-14
1.058131e+05	3.125503e-14
1.058264e+05	3.117913e-14
1.058400e+05	3.110410e-14
1.058539e+05	3.102675e-14
1.058681e+05	3.095042e-14
1.058827e+05	3.087396e-14
1.058976e+05	3.079813e-14
1.059129e+05	3.072233e-14
1.059285e+05	3.064682e-14
1.059445e+05	3.057000e-14
1.059608e+05	3.049398e-14
1.059775e+05	3.041802e-14
1.059947e+05	3.034148e-14
1.060122e+05	3.026606e-14
1.060301e+05	3.019033e-14
1.060484e+05	3.011355e-14
1.060672e+05	3.003818e-14
1.060864e+05	2.996232e-14
1.061061e+05	2.988583e-14
1.061262e+05	2.981035e-14
1.061468e+05	2.973368e-14
1.061678e+05	2.965831e-14
1.061894e+05	2.958252e-14
1.062114e+05	2.950670e-14
1.062340e+05	2.943153e-14
1.062571e+05	2.935414e-14
1.062807e+05	2.927801e-14
1.063049e+05	2.920420e-14
1.063296e+05	2.912893e-14
1.063550e+05	2.904966e-14
1.063809e+05	2.897111e-14
1.064074e+05	2.890042e-14
1.064345e+05	2.882948e-14
1.064623e+05	2.875283e-14
1.064907e+05	2.867084e-14
1.065198e+05	2.858861e-14
1.065495e+05	2.851259e-14
1.065799e+05	2.844345e-14
1.066111e+05	2.837776e-14
1.066430e+05	2.830920e-14
1.066756e+05	2.823053e-14
1.067090e+05	2.814428e-14
1.067431e+05	2.805574e-14
1.067781e+05	2.797228e-14
1.068138e+05	2.789713e-14
1.068504e+05	2.783331e-14
1.068879e+05	2.777262e-14
1.069262e+05	2.771190e-14
1.069654e+05	2.764272e-14
1.070056e+05	2.756386e-14
1.070466e+05	2.747550e-14
1.070886e+05	2.738154e-14
1.071316e+05	2.728737e-14
1.071756e+05	2.719649e-14
1.072207e+05	2.711846e-14
1.072667e+05	2.704943e-14
1.073139e+05	2.699028e-14
1.073621e+05	2.693853e-14
1.074115e+05	2.688588e-14
1.074620e+05	2.683073e-14
1.075137e+05	2.676723e-14
1.075666e+05	2.669267e-14
1.076208e+05	2.660617e-14
1.076762e+05	2.651039e-14
1.077328e+05	2.640748e-14
1.077908e+05	2.630317e-14
1.078502e+05	2.619980e-14
1.079109e+05	2.610520e-14
1.079731e+05	2.601886e-14
1.080367e+05	2.594411e-14
1.081018e+05	2.588252e-14
1.081684e+05	2.583091e-14
1.082365e+05	2.578516e-14
1.083063e+05	2.574572e-14
1.083776e+05	2.570447e-14
1.084506e+05	2.566114e-14
1.085254e+05	2.560988e-14
1.086018e+05	2.554772e-14
1.086801e+05	2.547372e-14
1.087601e+05	2.538851e-14
1.088421e+05	2.529292e-14
1.089259e+05	2.518462e-14
1.090117e+05	2.507011e-14
1.090995e+05	2.495293e-14
