E, cm-1	Sigma_00, cm2	
9.308089e+04	2.488884e-14
9.308552e+04	2.354760e-14
9.309016e+04	2.253801e-14
9.309480e+04	2.168553e-14
9.309943e+04	2.141635e-14
9.310407e+04	2.094955e-14
9.310871e+04	2.072319e-14
9.311335e+04	2.044851e-14
9.311798e+04	2.032800e-14
9.312262e+04	2.021971e-14
9.312726e+04	2.001251e-14
9.313189e+04	1.994143e-14
9.313653e+04	1.987177e-14
9.314117e+04	1.973884e-14
9.314580e+04	1.968471e-14
9.315044e+04	1.960492e-14
9.315508e+04	1.953625e-14
9.315972e+04	1.947545e-14
9.316435e+04	1.941993e-14
9.316899e+04	1.936827e-14
9.317363e+04	1.932105e-14
9.317826e+04	1.927676e-14
9.318290e+04	1.923625e-14
9.318754e+04	1.919813e-14
9.319218e+04	1.916152e-14
9.319681e+04	1.911357e-14
9.320145e+04	1.908112e-14
9.320609e+04	1.905012e-14
9.321072e+04	1.902034e-14
9.321536e+04	1.899128e-14
9.322000e+04	1.895132e-14
9.322463e+04	1.892286e-14
9.322927e+04	1.889457e-14
9.323391e+04	1.886594e-14
9.323854e+04	1.883746e-14
9.324318e+04	1.880184e-14
9.324782e+04	1.877432e-14
9.325246e+04	1.874700e-14
9.325709e+04	1.872020e-14
9.326173e+04	1.869331e-14
9.326637e+04	1.866156e-14
9.327100e+04	1.862957e-14
9.327564e+04	1.860540e-14
9.328028e+04	1.858135e-14
9.328491e+04	1.855734e-14
9.328955e+04	1.853389e-14
9.329419e+04	1.850714e-14
9.329883e+04	1.848107e-14
9.330346e+04	1.846078e-14
9.330810e+04	1.844090e-14
9.331274e+04	1.842221e-14
9.331737e+04	1.839933e-14
9.332665e+04	1.836024e-14
9.333129e+04	1.834363e-14
9.333592e+04	1.832318e-14
9.334520e+04	1.829114e-14
9.334983e+04	1.827119e-14
9.335447e+04	1.825552e-14
9.336374e+04	1.822024e-14
9.336838e+04	1.820065e-14
9.337765e+04	1.816935e-14
9.338229e+04	1.815099e-14
9.339157e+04	1.811698e-14
9.339620e+04	1.809826e-14
9.340548e+04	1.806827e-14
9.341011e+04	1.805109e-14
9.341939e+04	1.802172e-14
9.342866e+04	1.798916e-14
9.343794e+04	1.796003e-14
9.344257e+04	1.794656e-14
9.345185e+04	1.791902e-14
9.346112e+04	1.789223e-14
9.347040e+04	1.786474e-14
9.347967e+04	1.784089e-14
9.348894e+04	1.781585e-14
9.349822e+04	1.779099e-14
9.350749e+04	1.776440e-14
9.351676e+04	1.773990e-14
9.353068e+04	1.770495e-14
9.353995e+04	1.768140e-14
9.354922e+04	1.765650e-14
9.356313e+04	1.762385e-14
9.357241e+04	1.760202e-14
9.358632e+04	1.756947e-14
9.359559e+04	1.754719e-14
9.360951e+04	1.751766e-14
9.361878e+04	1.749777e-14
9.363269e+04	1.746764e-14
9.364660e+04	1.743761e-14
9.366051e+04	1.740844e-14
9.367442e+04	1.738126e-14
9.368833e+04	1.735226e-14
9.370224e+04	1.732602e-14
9.371616e+04	1.729933e-14
9.373007e+04	1.727303e-14
9.374862e+04	1.723821e-14
9.376253e+04	1.721467e-14
9.377644e+04	1.719010e-14
9.379499e+04	1.715732e-14
9.380890e+04	1.713344e-14
9.382744e+04	1.710328e-14
9.384599e+04	1.707289e-14
9.386454e+04	1.704277e-14
9.388309e+04	1.701457e-14
9.390164e+04	1.698574e-14
9.392018e+04	1.695738e-14
9.393873e+04	1.693127e-14
9.396192e+04	1.689644e-14
9.398046e+04	1.687143e-14
9.400365e+04	1.683839e-14
9.402220e+04	1.681324e-14
9.404538e+04	1.678241e-14
9.406857e+04	1.675223e-14
9.409175e+04	1.672228e-14
9.411494e+04	1.669397e-14
9.413812e+04	1.666520e-14
9.416131e+04	1.663713e-14
9.418913e+04	1.660398e-14
9.421232e+04	1.657747e-14
9.424014e+04	1.654567e-14
9.426796e+04	1.651479e-14
9.429578e+04	1.648477e-14
9.432360e+04	1.645454e-14
9.435143e+04	1.642531e-14
9.438388e+04	1.639150e-14
9.441171e+04	1.636389e-14
9.444416e+04	1.633147e-14
9.447662e+04	1.629960e-14
9.450908e+04	1.626855e-14
9.454154e+04	1.623868e-14
9.457864e+04	1.620457e-14
9.461110e+04	1.617567e-14
9.464819e+04	1.614305e-14
9.468529e+04	1.611107e-14
9.472238e+04	1.607969e-14
9.475948e+04	1.604915e-14
9.480121e+04	1.601540e-14
9.483831e+04	1.598594e-14
9.488004e+04	1.595358e-14
9.492178e+04	1.592194e-14
9.496351e+04	1.589086e-14
9.500988e+04	1.585572e-14
9.505625e+04	1.582261e-14
9.510262e+04	1.579035e-14
9.514899e+04	1.575863e-14
9.519536e+04	1.572755e-14
9.524637e+04	1.569315e-14
9.529737e+04	1.566039e-14
9.534838e+04	1.562842e-14
9.539939e+04	1.559718e-14
9.545503e+04	1.556305e-14
9.551068e+04	1.553013e-14
9.556632e+04	1.549707e-14
9.562660e+04	1.546342e-14
9.568224e+04	1.543200e-14
9.574252e+04	1.539885e-14
9.580744e+04	1.536309e-14
9.587236e+04	1.532939e-14
9.593728e+04	1.529578e-14
9.600220e+04	1.526322e-14
9.607175e+04	1.522752e-14
9.614131e+04	1.519459e-14
9.621086e+04	1.516082e-14
9.628505e+04	1.512633e-14
9.635925e+04	1.509245e-14
9.643344e+04	1.505888e-14
9.651227e+04	1.502411e-14
9.659573e+04	1.498808e-14
9.667456e+04	1.495377e-14
9.675803e+04	1.491939e-14
9.684613e+04	1.488374e-14
9.693423e+04	1.484881e-14
9.702234e+04	1.481445e-14
9.711508e+04	1.477881e-14
9.720782e+04	1.474454e-14
9.730519e+04	1.470869e-14
9.740257e+04	1.467255e-14
9.750459e+04	1.463694e-14
9.760660e+04	1.460167e-14
9.771325e+04	1.456466e-14
9.781990e+04	1.452990e-14
9.793119e+04	1.449416e-14
9.804711e+04	1.445644e-14
9.815840e+04	1.442209e-14
9.827896e+04	1.438417e-14
9.839953e+04	1.434851e-14
9.852473e+04	1.431125e-14
9.864992e+04	1.427615e-14
9.877976e+04	1.423888e-14
9.891423e+04	1.420110e-14
9.904871e+04	1.416381e-14
9.918782e+04	1.412798e-14
9.933156e+04	1.409019e-14
9.947531e+04	1.405255e-14
