E, cm-1	Sigma_00, cm2	
9.308089e+04	1.159752e-14
9.308100e+04	1.155977e-14
9.308111e+04	1.152360e-14
9.308122e+04	1.148810e-14
9.308133e+04	1.155287e-14
9.308145e+04	1.148091e-14
9.308157e+04	1.141678e-14
9.308170e+04	1.135959e-14
9.308182e+04	1.130832e-14
9.308195e+04	1.126197e-14
9.308209e+04	1.121968e-14
9.308222e+04	1.118070e-14
9.308236e+04	1.129738e-14
9.308251e+04	1.122653e-14
9.308265e+04	1.116172e-14
9.308280e+04	1.110249e-14
9.308295e+04	1.104823e-14
9.308311e+04	1.099823e-14
9.308327e+04	1.114888e-14
9.308343e+04	1.107715e-14
9.308360e+04	1.100906e-14
9.308377e+04	1.094466e-14
9.308395e+04	1.088388e-14
9.308412e+04	1.082654e-14
9.308431e+04	1.094595e-14
9.308450e+04	1.087829e-14
9.308469e+04	1.081262e-14
9.308488e+04	1.074921e-14
9.308509e+04	1.068817e-14
9.308529e+04	1.062945e-14
9.308550e+04	1.057328e-14
9.308572e+04	1.051947e-14
9.308594e+04	1.046772e-14
9.308616e+04	1.041791e-14
9.308639e+04	1.036991e-14
9.308663e+04	1.032354e-14
9.308687e+04	1.035297e-14
9.308712e+04	1.030019e-14
9.308737e+04	1.024911e-14
9.308763e+04	1.019965e-14
9.308790e+04	1.015166e-14
9.308817e+04	1.016871e-14
9.308845e+04	1.011842e-14
9.308873e+04	1.006956e-14
9.308902e+04	1.002193e-14
9.308932e+04	9.975421e-15
9.308962e+04	9.973215e-15
9.308993e+04	9.926780e-15
9.309025e+04	9.881248e-15
9.309058e+04	9.836542e-15
9.309091e+04	9.819501e-15
9.309126e+04	9.774411e-15
9.309160e+04	9.730058e-15
9.309196e+04	9.686729e-15
9.309233e+04	9.644151e-15
9.309270e+04	9.602169e-15
9.309309e+04	9.560620e-15
9.309348e+04	9.519406e-15
9.309388e+04	9.478490e-15
9.309429e+04	9.454651e-15
9.309471e+04	9.413390e-15
9.309514e+04	9.372550e-15
9.309558e+04	9.332110e-15
9.309603e+04	9.310449e-15
9.309649e+04	9.269864e-15
9.309696e+04	9.229752e-15
9.309745e+04	9.205782e-15
9.309794e+04	9.166250e-15
9.309844e+04	9.126939e-15
9.309896e+04	9.087987e-15
9.309949e+04	9.058539e-15
9.310003e+04	9.020473e-15
9.310059e+04	8.982616e-15
9.310115e+04	8.944848e-15
9.310173e+04	8.907082e-15
9.310233e+04	8.869259e-15
9.310293e+04	8.831257e-15
9.310355e+04	8.799687e-15
9.310419e+04	8.762296e-15
9.310484e+04	8.724899e-15
9.310551e+04	8.693014e-15
9.310619e+04	8.655410e-15
9.310689e+04	8.617740e-15
9.310760e+04	8.585792e-15
9.310833e+04	8.548487e-15
9.310908e+04	8.511220e-15
9.310984e+04	8.478030e-15
9.311062e+04	8.440765e-15
9.311143e+04	8.403742e-15
9.311224e+04	8.366730e-15
9.311308e+04	8.329569e-15
9.311394e+04	8.292273e-15
9.311482e+04	8.258321e-15
9.311572e+04	8.220825e-15
9.311664e+04	8.183361e-15
9.311758e+04	8.148483e-15
9.311854e+04	8.110934e-15
9.311953e+04	8.075010e-15
9.312053e+04	8.037419e-15
9.312156e+04	7.999712e-15
9.312262e+04	7.963342e-15
9.312370e+04	7.925498e-15
9.312481e+04	7.887473e-15
9.312594e+04	7.849512e-15
9.312709e+04	7.811438e-15
9.312828e+04	7.774860e-15
9.312949e+04	7.736538e-15
9.313073e+04	7.699672e-15
9.313200e+04	7.661526e-15
9.313330e+04	7.624291e-15
9.313463e+04	7.586094e-15
9.313599e+04	7.548078e-15
9.313738e+04	7.510929e-15
9.313880e+04	7.472940e-15
9.314026e+04	7.434986e-15
9.314175e+04	7.397191e-15
9.314328e+04	7.360271e-15
9.314484e+04	7.322479e-15
9.314643e+04	7.285444e-15
9.314807e+04	7.247853e-15
9.314974e+04	7.210635e-15
9.315145e+04	7.173092e-15
9.315321e+04	7.136167e-15
9.315500e+04	7.098570e-15
9.315683e+04	7.061062e-15
9.315871e+04	7.023682e-15
9.316063e+04	6.986675e-15
9.316259e+04	6.949084e-15
9.316461e+04	6.911971e-15
9.316666e+04	6.874669e-15
9.316877e+04	6.837069e-15
9.317093e+04	6.799731e-15
9.317313e+04	6.761905e-15
9.317539e+04	6.724251e-15
9.317770e+04	6.686496e-15
9.318006e+04	6.648894e-15
9.318248e+04	6.611461e-15
9.318495e+04	6.573591e-15
9.318748e+04	6.536093e-15
9.319007e+04	6.498415e-15
9.319273e+04	6.460900e-15
9.319544e+04	6.423339e-15
9.319822e+04	6.385774e-15
9.320106e+04	6.348418e-15
9.320396e+04	6.311010e-15
9.320694e+04	6.273645e-15
9.320998e+04	6.236343e-15
9.321310e+04	6.199075e-15
9.321629e+04	6.161677e-15
9.321955e+04	6.124208e-15
9.322288e+04	6.086937e-15
9.322630e+04	6.049537e-15
9.322980e+04	6.012110e-15
9.323337e+04	5.974666e-15
9.323703e+04	5.937222e-15
9.324078e+04	5.899763e-15
9.324461e+04	5.862335e-15
9.324853e+04	5.824924e-15
9.325254e+04	5.787579e-15
9.325665e+04	5.750350e-15
9.326085e+04	5.713004e-15
9.326515e+04	5.675850e-15
9.326955e+04	5.638534e-15
9.327405e+04	5.601384e-15
9.327866e+04	5.564143e-15
9.328338e+04	5.526886e-15
9.328820e+04	5.489655e-15
9.329314e+04	5.452389e-15
9.329819e+04	5.415137e-15
9.330336e+04	5.377896e-15
9.330865e+04	5.340665e-15
9.331406e+04	5.303512e-15
9.331960e+04	5.266401e-15
9.332527e+04	5.229209e-15
9.333107e+04	5.192142e-15
9.333701e+04	5.155043e-15
9.334308e+04	5.117945e-15
9.334930e+04	5.080876e-15
9.335566e+04	5.043823e-15
9.336217e+04	5.006695e-15
9.336882e+04	4.969618e-15
9.337564e+04	4.932620e-15
9.338261e+04	4.895608e-15
9.338975e+04	4.858618e-15
9.339705e+04	4.821600e-15
9.340452e+04	4.784674e-15
9.341217e+04	4.747703e-15
9.342000e+04	4.710781e-15
9.342800e+04	4.673863e-15
9.343620e+04	4.636932e-15
9.344458e+04	4.600038e-15
9.345316e+04	4.563156e-15
9.346194e+04	4.526308e-15
9.347092e+04	4.489518e-15
9.348012e+04	4.452702e-15
9.348952e+04	4.415930e-15
9.349915e+04	4.379167e-15
9.350900e+04	4.342404e-15
9.351908e+04	4.305670e-15
9.352939e+04	4.268990e-15
9.353995e+04	4.232315e-15
9.355075e+04	4.195648e-15
9.356180e+04	4.159041e-15
9.357311e+04	4.122426e-15
9.358469e+04	4.085838e-15
9.359653e+04	4.049269e-15
9.360865e+04	4.012724e-15
9.362105e+04	3.976207e-15
9.363374e+04	3.939713e-15
9.364673e+04	3.903237e-15
9.366001e+04	3.866802e-15
9.367361e+04	3.830439e-15
9.368753e+04	3.794066e-15
9.370176e+04	3.757771e-15
9.371633e+04	3.721505e-15
9.373124e+04	3.685274e-15
9.374650e+04	3.649095e-15
9.376211e+04	3.613042e-15
9.377809e+04	3.577002e-15
9.379444e+04	3.541013e-15
9.381116e+04	3.505101e-15
9.382828e+04	3.469295e-15
9.384580e+04	3.433565e-15
9.386373e+04	3.397919e-15
9.388207e+04	3.362401e-15
9.390084e+04	3.326962e-15
9.392005e+04	3.291642e-15
9.393970e+04	3.256514e-15
9.395981e+04	3.221434e-15
9.398039e+04	3.186573e-15
9.400145e+04	3.151830e-15
9.402300e+04	3.117268e-15
9.404506e+04	3.082888e-15
9.406762e+04	3.048707e-15
9.409072e+04	3.014717e-15
9.411434e+04	2.980978e-15
9.413853e+04	2.947437e-15
9.416327e+04	2.914136e-15
9.418859e+04	2.881094e-15
9.421450e+04	2.848309e-15
9.424101e+04	2.815805e-15
9.426814e+04	2.783569e-15
9.429591e+04	2.751656e-15
9.432431e+04	2.720018e-15
9.435339e+04	2.688711e-15
9.438313e+04	2.657730e-15
9.441358e+04	2.627083e-15
9.444473e+04	2.596779e-15
9.447660e+04	2.566803e-15
9.450922e+04	2.537212e-15
9.454260e+04	2.507988e-15
9.457675e+04	2.479127e-15
9.461171e+04	2.450649e-15
9.464747e+04	2.422547e-15
9.468407e+04	2.394848e-15
9.472152e+04	2.367509e-15
9.475984e+04	2.340592e-15
9.479906e+04	2.314045e-15
9.483919e+04	2.287910e-15
9.488025e+04	2.262172e-15
9.492227e+04	2.236834e-15
9.496527e+04	2.211895e-15
9.500927e+04	2.187342e-15
9.505430e+04	2.163191e-15
9.510037e+04	2.139441e-15
9.514752e+04	2.116067e-15
9.519577e+04	2.093102e-15
9.524514e+04	2.070508e-15
9.529566e+04	2.048296e-15
9.534735e+04	2.026469e-15
9.540026e+04	2.005020e-15
9.545439e+04	1.983939e-15
9.550978e+04	1.963217e-15
9.556647e+04	1.942862e-15
9.562447e+04	1.922864e-15
9.568383e+04	1.903204e-15
9.574456e+04	1.883901e-15
9.580672e+04	1.864919e-15
9.587032e+04	1.846288e-15
9.593540e+04	1.827969e-15
9.600200e+04	1.809977e-15
9.607015e+04	1.792305e-15
9.613989e+04	1.774934e-15
9.621125e+04	1.757855e-15
9.628427e+04	1.741090e-15
9.635899e+04	1.724606e-15
9.643546e+04	1.708399e-15
9.651371e+04	1.692474e-15
9.659377e+04	1.676820e-15
9.667571e+04	1.661416e-15
9.675955e+04	1.646292e-15
9.684535e+04	1.631408e-15
9.693314e+04	1.616760e-15
9.702298e+04	1.602359e-15
9.711491e+04	1.588194e-15
9.720898e+04	1.574239e-15
9.730524e+04	1.560507e-15
9.740375e+04	1.546982e-15
9.750455e+04	1.533673e-15
9.760770e+04	1.520550e-15
9.771325e+04	1.507610e-15
9.782126e+04	1.494856e-15
9.793179e+04	1.482271e-15
9.804489e+04	1.469850e-15
9.816062e+04	1.457580e-15
9.827905e+04	1.445451e-15
9.840024e+04	1.433469e-15
9.852425e+04	1.421613e-15
9.865115e+04	1.409889e-15
9.878101e+04	1.398300e-15
9.891389e+04	1.386850e-15
9.904986e+04	1.375552e-15
9.918901e+04	1.364428e-15
9.933139e+04	1.353502e-15
9.947709e+04	1.342800e-15
