E, cm-1	Sigma_00, cm2	
9.308089e+04	3.718949e-14
9.308100e+04	3.587914e-14
9.308111e+04	3.461293e-14
9.308122e+04	3.339133e-14
9.308133e+04	4.451343e-14
9.308145e+04	4.316464e-14
9.308157e+04	4.183481e-14
9.308170e+04	4.052891e-14
9.308182e+04	3.925085e-14
9.308195e+04	3.800354e-14
9.308209e+04	3.678899e-14
9.308222e+04	3.560841e-14
9.308236e+04	4.452728e-14
9.308251e+04	4.332286e-14
9.308265e+04	4.212544e-14
9.308280e+04	4.094069e-14
9.308295e+04	3.977308e-14
9.308311e+04	3.862594e-14
9.308327e+04	4.566654e-14
9.308343e+04	4.459553e-14
9.308360e+04	4.351363e-14
9.308377e+04	4.242822e-14
9.308395e+04	4.134559e-14
9.308412e+04	4.027080e-14
9.308431e+04	4.575369e-14
9.308450e+04	4.480022e-14
9.308469e+04	4.382482e-14
9.308488e+04	4.283546e-14
9.308509e+04	4.183933e-14
9.308529e+04	4.084251e-14
9.308550e+04	3.984987e-14
9.308572e+04	3.886494e-14
9.308594e+04	3.788997e-14
9.308616e+04	3.692601e-14
9.308639e+04	3.597302e-14
9.308663e+04	3.503005e-14
9.308687e+04	3.971681e-14
9.308712e+04	3.879675e-14
9.308737e+04	3.788453e-14
9.308763e+04	3.698126e-14
9.308790e+04	3.608680e-14
9.308817e+04	3.993051e-14
9.308845e+04	3.907174e-14
9.308873e+04	3.821956e-14
9.308902e+04	3.737591e-14
9.308932e+04	3.654118e-14
9.308962e+04	3.972944e-14
9.308993e+04	3.893571e-14
9.309025e+04	3.814852e-14
9.309058e+04	3.737004e-14
9.309091e+04	4.002104e-14
9.309126e+04	3.928903e-14
9.309160e+04	3.856004e-14
9.309196e+04	3.783764e-14
9.309233e+04	3.712349e-14
9.309270e+04	3.641734e-14
9.309309e+04	3.571715e-14
9.309348e+04	3.501938e-14
9.309388e+04	3.431947e-14
9.309429e+04	3.672365e-14
9.309471e+04	3.606931e-14
9.309514e+04	3.541676e-14
9.309558e+04	3.476145e-14
9.309603e+04	3.681087e-14
9.309649e+04	3.619002e-14
9.309696e+04	3.556957e-14
9.309745e+04	3.730496e-14
9.309794e+04	3.670558e-14
9.309844e+04	3.610803e-14
9.309896e+04	3.551013e-14
9.309949e+04	3.701270e-14
9.310003e+04	3.643293e-14
9.310059e+04	3.585556e-14
9.310115e+04	3.527865e-14
9.310173e+04	3.469847e-14
9.310233e+04	3.411011e-14
9.310293e+04	3.350829e-14
9.310355e+04	3.493480e-14
9.310419e+04	3.438204e-14
9.310484e+04	3.382128e-14
9.310551e+04	3.506006e-14
9.310619e+04	3.454169e-14
9.310689e+04	3.401900e-14
9.310760e+04	3.511140e-14
9.310833e+04	3.462378e-14
9.310908e+04	3.413296e-14
9.310984e+04	3.510519e-14
9.311062e+04	3.464078e-14
9.311143e+04	3.417209e-14
9.311224e+04	3.369173e-14
9.311308e+04	3.319222e-14
9.311394e+04	3.266765e-14
9.311482e+04	3.366231e-14
9.311572e+04	3.317300e-14
9.311664e+04	3.265848e-14
9.311758e+04	3.354859e-14
9.311854e+04	3.306758e-14
9.311953e+04	3.382491e-14
9.312053e+04	3.337330e-14
9.312156e+04	3.290478e-14
9.312262e+04	3.360422e-14
9.312370e+04	3.316860e-14
9.312481e+04	3.271617e-14
9.312594e+04	3.224233e-14
9.312709e+04	3.174640e-14
9.312828e+04	3.251330e-14
9.312949e+04	3.204767e-14
9.313073e+04	3.272109e-14
9.313200e+04	3.227871e-14
9.313330e+04	3.286778e-14
9.313463e+04	3.244225e-14
9.313599e+04	3.198833e-14
9.313738e+04	3.254578e-14
9.313880e+04	3.210803e-14
9.314026e+04	3.164537e-14
9.314175e+04	3.116470e-14
9.314328e+04	3.174299e-14
9.314484e+04	3.128353e-14
9.314643e+04	3.181568e-14
9.314807e+04	3.137712e-14
9.314974e+04	3.186761e-14
9.315145e+04	3.144421e-14
9.315321e+04	3.189296e-14
9.315500e+04	3.147690e-14
9.315683e+04	3.103982e-14
9.315871e+04	3.059208e-14
9.316063e+04	3.103670e-14
9.316259e+04	3.059408e-14
9.316461e+04	3.100577e-14
9.316666e+04	3.137563e-14
9.316877e+04	3.096191e-14
9.317093e+04	3.131260e-14
9.317313e+04	3.090982e-14
9.317539e+04	3.050124e-14
9.317770e+04	3.009417e-14
9.318006e+04	3.043399e-14
9.318248e+04	3.074393e-14
9.318495e+04	3.033763e-14
9.318748e+04	3.062253e-14
9.319007e+04	3.022304e-14
9.319273e+04	3.049169e-14
9.319544e+04	3.010511e-14
9.319822e+04	2.972671e-14
9.320106e+04	2.998395e-14
9.320396e+04	3.022023e-14
9.320694e+04	2.984544e-14
9.320998e+04	3.005810e-14
9.321310e+04	3.025197e-14
9.321629e+04	2.987949e-14
9.321955e+04	2.951317e-14
9.322288e+04	2.970117e-14
9.322630e+04	2.987563e-14
9.322980e+04	2.952331e-14
9.323337e+04	2.968427e-14
9.323703e+04	2.982776e-14
9.324078e+04	2.947478e-14
9.324461e+04	2.911584e-14
9.324853e+04	2.925742e-14
9.325254e+04	2.938790e-14
9.325665e+04	2.950791e-14
9.326085e+04	2.917008e-14
9.326515e+04	2.928173e-14
9.326955e+04	2.893242e-14
9.327405e+04	2.903679e-14
9.327866e+04	2.913158e-14
9.328338e+04	2.921969e-14
9.328820e+04	2.888687e-14
9.329314e+04	2.897545e-14
9.329819e+04	2.862743e-14
9.330336e+04	2.870820e-14
9.330865e+04	2.877967e-14
9.331406e+04	2.884551e-14
9.331960e+04	2.890641e-14
9.332527e+04	2.857036e-14
9.333107e+04	2.862606e-14
9.333701e+04	2.827225e-14
9.334308e+04	2.831985e-14
9.334930e+04	2.836332e-14
9.335566e+04	2.840303e-14
9.336217e+04	2.805837e-14
9.336882e+04	2.808960e-14
9.337564e+04	2.811221e-14
9.338261e+04	2.813087e-14
9.338975e+04	2.814811e-14
9.339705e+04	2.781621e-14
9.340452e+04	2.816721e-14
9.341217e+04	2.816566e-14
9.342000e+04	2.816138e-14
9.342800e+04	2.783856e-14
9.343620e+04	2.783747e-14
9.344458e+04	2.782918e-14
9.345316e+04	2.781473e-14
9.346194e+04	2.779864e-14
9.347092e+04	2.748434e-14
9.348012e+04	2.775949e-14
9.348952e+04	2.773054e-14
9.349915e+04	2.769876e-14
9.350900e+04	2.738528e-14
9.351908e+04	2.735317e-14
9.352939e+04	2.759107e-14
9.353995e+04	2.754740e-14
9.355075e+04	2.723161e-14
9.356180e+04	2.745815e-14
9.357311e+04	2.740607e-14
9.358469e+04	2.735168e-14
9.359653e+04	2.729709e-14
9.360865e+04	2.723787e-14
9.362105e+04	2.717307e-14
9.363374e+04	2.710783e-14
9.364673e+04	2.704193e-14
9.366001e+04	2.697132e-14
9.367361e+04	2.714040e-14
9.368753e+04	2.682906e-14
9.370176e+04	2.698825e-14
9.371633e+04	2.690808e-14
9.373124e+04	2.682990e-14
9.374650e+04	2.675047e-14
9.376211e+04	2.688231e-14
9.377809e+04	2.679722e-14
9.379444e+04	2.671136e-14
9.381116e+04	2.662202e-14
9.382828e+04	2.673558e-14
9.384580e+04	2.664374e-14
9.386373e+04	2.654789e-14
9.388207e+04	2.664853e-14
9.390084e+04	2.654898e-14
9.392005e+04	2.644501e-14
9.393970e+04	2.653484e-14
9.395981e+04	2.642546e-14
9.398039e+04	2.650563e-14
9.400145e+04	2.639286e-14
9.402300e+04	2.627496e-14
9.404506e+04	2.634641e-14
9.406762e+04	2.622427e-14
9.409072e+04	2.628639e-14
9.411434e+04	2.634140e-14
9.413853e+04	2.603923e-14
9.416327e+04	2.609040e-14
9.418859e+04	2.613505e-14
9.421450e+04	2.600937e-14
9.424101e+04	2.604630e-14
9.426814e+04	2.591797e-14
9.429591e+04	2.594861e-14
9.432431e+04	2.597662e-14
9.435339e+04	2.599793e-14
9.438313e+04	2.601586e-14
9.441358e+04	2.587779e-14
9.444473e+04	2.589111e-14
9.447660e+04	2.574734e-14
9.450922e+04	2.575443e-14
9.454260e+04	2.575676e-14
9.457675e+04	2.575671e-14
9.461171e+04	2.575251e-14
9.464747e+04	2.560385e-14
9.468407e+04	2.573432e-14
9.472152e+04	2.558421e-14
9.475984e+04	2.570428e-14
9.479906e+04	2.555305e-14
9.483919e+04	2.553303e-14
9.488025e+04	2.550996e-14
9.492227e+04	2.548372e-14
9.496527e+04	2.545482e-14
9.500927e+04	2.554822e-14
9.505430e+04	2.538663e-14
9.510037e+04	2.547456e-14
9.514752e+04	2.530788e-14
9.519577e+04	2.538841e-14
9.524514e+04	2.534226e-14
9.529566e+04	2.529380e-14
9.534735e+04	2.524379e-14
9.540026e+04	2.519241e-14
9.545439e+04	2.525235e-14
9.550978e+04	2.519514e-14
9.556647e+04	2.524691e-14
9.562447e+04	2.518488e-14
9.568383e+04	2.511908e-14
9.574456e+04	2.516084e-14
9.580672e+04	2.508961e-14
9.587032e+04	2.512435e-14
9.593540e+04	2.504814e-14
9.600200e+04	2.497167e-14
9.607015e+04	2.509899e-14
9.613989e+04	2.501756e-14
9.621125e+04	2.493671e-14
9.628427e+04	2.495158e-14
9.635899e+04	2.496280e-14
9.643546e+04	2.487526e-14
9.651371e+04	2.488062e-14
9.659377e+04	2.488266e-14
9.667571e+04	2.478706e-14
9.675955e+04	2.487677e-14
9.684535e+04	2.486914e-14
9.693314e+04	2.476863e-14
9.702298e+04	2.475671e-14
9.711491e+04	2.482929e-14
9.720898e+04	2.472399e-14
9.730524e+04	2.470298e-14
9.740375e+04	2.467879e-14
9.750455e+04	2.473819e-14
9.760770e+04	2.470781e-14
9.771325e+04	2.467484e-14
9.782126e+04	2.463998e-14
9.793179e+04	2.460345e-14
9.804489e+04	2.464481e-14
9.816062e+04	2.460303e-14
9.827905e+04	2.455912e-14
9.840024e+04	2.459029e-14
9.852425e+04	2.453970e-14
9.865115e+04	2.448729e-14
9.878101e+04	2.450919e-14
9.891389e+04	2.452701e-14
9.904986e+04	2.454067e-14
9.918901e+04	2.448038e-14
9.933139e+04	2.448947e-14
9.947709e+04	2.449517e-14
