E, cm-1	Sigma_00, cm2	
9.308089e+04	2.488884e-14
9.308100e+04	2.434014e-14
9.308111e+04	2.379580e-14
9.308122e+04	2.325910e-14
9.308133e+04	2.656734e-14
9.308145e+04	2.617141e-14
9.308157e+04	2.576218e-14
9.308170e+04	2.534090e-14
9.308182e+04	2.490946e-14
9.308195e+04	2.447050e-14
9.308209e+04	2.402694e-14
9.308222e+04	2.358197e-14
9.308236e+04	2.569299e-14
9.308251e+04	2.538331e-14
9.308265e+04	2.506203e-14
9.308280e+04	2.473067e-14
9.308295e+04	2.439076e-14
9.308311e+04	2.404414e-14
9.308327e+04	2.524732e-14
9.308343e+04	2.501616e-14
9.308360e+04	2.477735e-14
9.308377e+04	2.453086e-14
9.308395e+04	2.427685e-14
9.308412e+04	2.401575e-14
9.308431e+04	2.471922e-14
9.308450e+04	2.454443e-14
9.308469e+04	2.436410e-14
9.308488e+04	2.417748e-14
9.308509e+04	2.398362e-14
9.308529e+04	2.378132e-14
9.308550e+04	2.356992e-14
9.308572e+04	2.334949e-14
9.308594e+04	2.312127e-14
9.308616e+04	2.288649e-14
9.308639e+04	2.264647e-14
9.308663e+04	2.240244e-14
9.308687e+04	2.326175e-14
9.308712e+04	2.307525e-14
9.308737e+04	2.288202e-14
9.308763e+04	2.268272e-14
9.308790e+04	2.247856e-14
9.308817e+04	2.304370e-14
9.308845e+04	2.289010e-14
9.308873e+04	2.273042e-14
9.308902e+04	2.256522e-14
9.308932e+04	2.239500e-14
9.308962e+04	2.276921e-14
9.308993e+04	2.263601e-14
9.309025e+04	2.249767e-14
9.309058e+04	2.235451e-14
9.309091e+04	2.256865e-14
9.309126e+04	2.245525e-14
9.309160e+04	2.233761e-14
9.309196e+04	2.221567e-14
9.309233e+04	2.208980e-14
9.309270e+04	2.196041e-14
9.309309e+04	2.182794e-14
9.309348e+04	2.169277e-14
9.309388e+04	2.155509e-14
9.309429e+04	2.182469e-14
9.309471e+04	2.170954e-14
9.309514e+04	2.159210e-14
9.309558e+04	2.147261e-14
9.309603e+04	2.167062e-14
9.309649e+04	2.157099e-14
9.309696e+04	2.146902e-14
9.309745e+04	2.158626e-14
9.309794e+04	2.150090e-14
9.309844e+04	2.141331e-14
9.309896e+04	2.132348e-14
9.309949e+04	2.140851e-14
9.310003e+04	2.133124e-14
9.310059e+04	2.125177e-14
9.310115e+04	2.117004e-14
9.310173e+04	2.108609e-14
9.310233e+04	2.100000e-14
9.310293e+04	2.091171e-14
9.310355e+04	2.101374e-14
9.310419e+04	2.093483e-14
9.310484e+04	2.085412e-14
9.310551e+04	2.092607e-14
9.310619e+04	2.085368e-14
9.310689e+04	2.077963e-14
9.310760e+04	2.082348e-14
9.310833e+04	2.075736e-14
9.310908e+04	2.069007e-14
9.310984e+04	2.071387e-14
9.311062e+04	2.065341e-14
9.311143e+04	2.059223e-14
9.311224e+04	2.053042e-14
9.311308e+04	2.046797e-14
9.311394e+04	2.040461e-14
9.311482e+04	2.043825e-14
9.311572e+04	2.038106e-14
9.311664e+04	2.032296e-14
9.311758e+04	2.035056e-14
9.311854e+04	2.029702e-14
9.311953e+04	2.031291e-14
9.312053e+04	2.026306e-14
9.312156e+04	2.021201e-14
9.312262e+04	2.021971e-14
9.312370e+04	2.017133e-14
9.312481e+04	2.012181e-14
9.312594e+04	2.007138e-14
9.312709e+04	2.001979e-14
9.312828e+04	2.002922e-14
9.312949e+04	1.998098e-14
9.313073e+04	1.998228e-14
9.313200e+04	1.993776e-14
9.313330e+04	1.993430e-14
9.313463e+04	1.989221e-14
9.313599e+04	1.984961e-14
9.313738e+04	1.984753e-14
9.313880e+04	1.980675e-14
9.314026e+04	1.976493e-14
9.314175e+04	1.972212e-14
9.314328e+04	1.971875e-14
9.314484e+04	1.967758e-14
9.314643e+04	1.966960e-14
9.314807e+04	1.963052e-14
9.314974e+04	1.962012e-14
9.315145e+04	1.958313e-14
9.315321e+04	1.957299e-14
9.315500e+04	1.953784e-14
9.315683e+04	1.950258e-14
9.315871e+04	1.946710e-14
9.316063e+04	1.945958e-14
9.316259e+04	1.942537e-14
9.316461e+04	1.941588e-14
9.316666e+04	1.940282e-14
9.316877e+04	1.937153e-14
9.317093e+04	1.935875e-14
9.317313e+04	1.932788e-14
9.317539e+04	1.929699e-14
9.317770e+04	1.926552e-14
9.318006e+04	1.925398e-14
9.318248e+04	1.924121e-14
9.318495e+04	1.921212e-14
9.318748e+04	1.919872e-14
9.319007e+04	1.917036e-14
9.319273e+04	1.915585e-14
9.319544e+04	1.912778e-14
9.319822e+04	1.909896e-14
9.320106e+04	1.908492e-14
9.320396e+04	1.906945e-14
9.320694e+04	1.904239e-14
9.320998e+04	1.902702e-14
9.321310e+04	1.901038e-14
9.321629e+04	1.898340e-14
9.321955e+04	1.895515e-14
9.322288e+04	1.893772e-14
9.322630e+04	1.891866e-14
9.322980e+04	1.889029e-14
9.323337e+04	1.887019e-14
9.323703e+04	1.884915e-14
9.324078e+04	1.882031e-14
9.324461e+04	1.879087e-14
9.324853e+04	1.876898e-14
9.325254e+04	1.874632e-14
9.325665e+04	1.872335e-14
9.326085e+04	1.869300e-14
9.326515e+04	1.866991e-14
9.326955e+04	1.863935e-14
9.327405e+04	1.861603e-14
9.327866e+04	1.859156e-14
9.328338e+04	1.856668e-14
9.328820e+04	1.853744e-14
9.329314e+04	1.851313e-14
9.329819e+04	1.848463e-14
9.330336e+04	1.846133e-14
9.330865e+04	1.843814e-14
9.331406e+04	1.841549e-14
9.331960e+04	1.839308e-14
9.332527e+04	1.836642e-14
9.333107e+04	1.834461e-14
9.333701e+04	1.831855e-14
9.334308e+04	1.829619e-14
9.334930e+04	1.827362e-14
9.335566e+04	1.825060e-14
9.336217e+04	1.822303e-14
9.336882e+04	1.819885e-14
9.337564e+04	1.817475e-14
9.338261e+04	1.814971e-14
9.338975e+04	1.812408e-14
9.339705e+04	1.809486e-14
9.340452e+04	1.807180e-14
9.341217e+04	1.804542e-14
9.342000e+04	1.801940e-14
9.342800e+04	1.799142e-14
9.343620e+04	1.796567e-14
9.344458e+04	1.794027e-14
9.345316e+04	1.791499e-14
9.346194e+04	1.788976e-14
9.347092e+04	1.786317e-14
9.348012e+04	1.783949e-14
9.348952e+04	1.781411e-14
9.349915e+04	1.778830e-14
9.350900e+04	1.776021e-14
9.351908e+04	1.773357e-14
9.352939e+04	1.770846e-14
9.353995e+04	1.768140e-14
9.355075e+04	1.765261e-14
9.356180e+04	1.762725e-14
9.357311e+04	1.760031e-14
9.358469e+04	1.757344e-14
9.359653e+04	1.754658e-14
9.360865e+04	1.751966e-14
9.362105e+04	1.749259e-14
9.363374e+04	1.746516e-14
9.364673e+04	1.743730e-14
9.366001e+04	1.740945e-14
9.367361e+04	1.738296e-14
9.368753e+04	1.735385e-14
9.370176e+04	1.732700e-14
9.371633e+04	1.729897e-14
9.373124e+04	1.727055e-14
9.374650e+04	1.724199e-14
9.376211e+04	1.721540e-14
9.377809e+04	1.718716e-14
9.379444e+04	1.715840e-14
9.381116e+04	1.712963e-14
9.382828e+04	1.710190e-14
9.384580e+04	1.707322e-14
9.386373e+04	1.704401e-14
9.388207e+04	1.701624e-14
9.390084e+04	1.698708e-14
9.392005e+04	1.695757e-14
9.393970e+04	1.692978e-14
9.395981e+04	1.689952e-14
9.398039e+04	1.687153e-14
9.400145e+04	1.684147e-14
9.402300e+04	1.681215e-14
9.404506e+04	1.678293e-14
9.406762e+04	1.675343e-14
9.409072e+04	1.672363e-14
9.411434e+04	1.669474e-14
9.413853e+04	1.666469e-14
9.416327e+04	1.663484e-14
9.418859e+04	1.660456e-14
9.421450e+04	1.657498e-14
9.424101e+04	1.654477e-14
9.426814e+04	1.651457e-14
9.429591e+04	1.648464e-14
9.432431e+04	1.645386e-14
9.435339e+04	1.642297e-14
9.438313e+04	1.639226e-14
9.441358e+04	1.636218e-14
9.444473e+04	1.633096e-14
9.447660e+04	1.629962e-14
9.450922e+04	1.626843e-14
9.454260e+04	1.623758e-14
9.457675e+04	1.620642e-14
9.461171e+04	1.617511e-14
9.464747e+04	1.614363e-14
9.468407e+04	1.611217e-14
9.472152e+04	1.608035e-14
9.475984e+04	1.604884e-14
9.479906e+04	1.601699e-14
9.483919e+04	1.598531e-14
9.488025e+04	1.595343e-14
9.492227e+04	1.592158e-14
9.496527e+04	1.588960e-14
9.500927e+04	1.585614e-14
9.505430e+04	1.582443e-14
9.510037e+04	1.579185e-14
9.514752e+04	1.575937e-14
9.519577e+04	1.572728e-14
9.524514e+04	1.569422e-14
9.529566e+04	1.566141e-14
9.534735e+04	1.562901e-14
9.540026e+04	1.559669e-14
9.545439e+04	1.556341e-14
9.550978e+04	1.553066e-14
9.556647e+04	1.549700e-14
9.562447e+04	1.546457e-14
9.568383e+04	1.543093e-14
9.574456e+04	1.539781e-14
9.580672e+04	1.536343e-14
9.587032e+04	1.533056e-14
9.593540e+04	1.529663e-14
9.600200e+04	1.526332e-14
9.607015e+04	1.522859e-14
9.613989e+04	1.519516e-14
9.621125e+04	1.516055e-14
9.628427e+04	1.512680e-14
9.635899e+04	1.509257e-14
9.643546e+04	1.505807e-14
9.651371e+04	1.502356e-14
9.659377e+04	1.498881e-14
9.667571e+04	1.495336e-14
9.675955e+04	1.491885e-14
9.684535e+04	1.488404e-14
9.693314e+04	1.484918e-14
9.702298e+04	1.481422e-14
9.711491e+04	1.477889e-14
9.720898e+04	1.474414e-14
9.730524e+04	1.470867e-14
9.740375e+04	1.467218e-14
9.750455e+04	1.463695e-14
9.760770e+04	1.460124e-14
9.771325e+04	1.456466e-14
9.782126e+04	1.452950e-14
9.793179e+04	1.449397e-14
9.804489e+04	1.445701e-14
9.816062e+04	1.442139e-14
9.827905e+04	1.438415e-14
9.840024e+04	1.434823e-14
9.852425e+04	1.431137e-14
9.865115e+04	1.427579e-14
9.878101e+04	1.423858e-14
9.891389e+04	1.420118e-14
9.904986e+04	1.416357e-14
9.918901e+04	1.412767e-14
9.933139e+04	1.409024e-14
9.947709e+04	1.405225e-14
