R	Re<0|V|1>	Re<0|V|2>	Re<0|V|3>	Re<0|V|4>	Re<0|V|5>	Re<0|V|6>	Re<0|V|7>	Re<1|V|2>	Re<1|V|3>	Re<1|V|4>	Re<1|V|5>	Re<1|V|6>	Re<1|V|7>	Re<2|V|3>	Re<2|V|4>	Re<2|V|5>	Re<2|V|6>	Re<2|V|7>	Re<3|V|4>	Re<3|V|5>	Re<3|V|6>	Re<3|V|7>	Re<4|V|5>	Re<4|V|6>	Re<4|V|7>	Re<5|V|6>	Re<5|V|7>	Re<6|V|7>
1.97	0.029569	0.006787	-0.014232	0.021498	0.015142	-0.023737	-0.002047	-0.021553	0.083056	0.132815	0.065821	0.1205	-0.139399	-0.122659	-0.038614	-0.099523	-0.041522	-0.025925	-0.00048	-0.071551	-0.110922	0.068907	-0.136915	0.068136	-0.087565	-0.000931	-0.070441	0.111806
1.98	0.030312	0.006961	-0.01459	0.022042	0.015523	-0.024337	-0.002099	-0.022096	0.085147	0.136158	0.067479	0.123533	-0.142906	-0.125764	-0.039586	-0.102046	-0.042566	-0.026592	-0.000477	-0.073352	-0.113729	0.07064	-0.140377	0.069852	-0.089782	-0.00097	-0.072214	0.114632
1.99	0.031055	0.007138	-0.014947	0.022588	0.015903	-0.024939	-0.00215	-0.022638	0.087237	0.139496	0.069135	0.126562	-0.146408	-0.12888	-0.040555	-0.104581	-0.043607	-0.027271	-0.000459	-0.075152	-0.116546	0.072371	-0.143849	0.071567	-0.092009	-0.001023	-0.073985	0.117467
2	0.031795	0.007318	-0.015304	0.023135	0.016282	-0.025542	-0.002202	-0.023178	0.08932	0.142821	0.070787	0.12958	-0.149896	-0.132001	-0.041521	-0.107125	-0.044644	-0.027963	-0.000426	-0.076946	-0.119367	0.074094	-0.147324	0.073277	-0.094239	-0.001091	-0.07575	0.120304
2.01	0.03253	0.0075	-0.015657	0.023682	0.016659	-0.026144	-0.002253	-0.023715	0.091391	0.146126	0.072429	0.132579	-0.153361	-0.13512	-0.04248	-0.10967	-0.045674	-0.028664	-0.000378	-0.07873	-0.122184	0.075806	-0.150793	0.074978	-0.096469	-0.001174	-0.077503	0.123135
2.02	0.033258	0.007684	-0.016008	0.024227	0.017032	-0.026744	-0.002304	-0.024247	0.093444	0.149399	0.074058	0.13555	-0.156793	-0.138228	-0.043429	-0.112211	-0.046693	-0.029374	-0.000314	-0.080498	-0.124992	0.077501	-0.154248	0.076664	-0.098692	-0.001273	-0.079241	0.125954
2.03	0.033977	0.007869	-0.016354	0.024769	0.0174	-0.02734	-0.002354	-0.024773	0.095474	0.152633	0.075668	0.138485	-0.160183	-0.141317	-0.044367	-0.11474	-0.047698	-0.030093	-0.000233	-0.082245	-0.127783	0.079174	-0.157678	0.078331	-0.100904	-0.001388	-0.080958	0.128753
2.04	0.034684	0.008056	-0.016695	0.025306	0.017763	-0.02793	-0.002404	-0.025291	0.097474	0.155817	0.077255	0.141376	-0.163519	-0.14438	-0.04529	-0.117253	-0.048687	-0.030817	-0.000135	-0.083967	-0.130549	0.080821	-0.161075	0.079975	-0.103097	-0.00152	-0.082648	0.131525
2.05	0.035378	0.008244	-0.017029	0.025838	0.018119	-0.028513	-0.002453	-0.0258	0.099438	0.158941	0.078814	0.144213	-0.166792	-0.147408	-0.046194	-0.119741	-0.049656	-0.031547	-1.8E-05	-0.085657	-0.133283	0.082436	-0.16443	0.081589	-0.105266	-0.00167	-0.084308	0.134261
2.06	0.036057	0.008432	-0.017355	0.026361	0.018466	-0.029087	-0.002501	-0.026297	0.10136	0.161996	0.08034	0.146987	-0.169991	-0.150392	-0.047078	-0.122198	-0.050603	-0.03228	0.000116	-0.087312	-0.135976	0.084014	-0.167731	0.08317	-0.107404	-0.001837	-0.08593	0.136953
2.07	0.036717	0.00862	-0.017674	0.026876	0.018805	-0.029651	-0.002548	-0.026782	0.103234	0.164971	0.081828	0.149688	-0.173105	-0.153323	-0.047939	-0.124617	-0.051523	-0.033016	0.00027	-0.088924	-0.138621	0.08555	-0.170971	0.084711	-0.109507	-0.002023	-0.087511	0.139594
2.08	0.037357	0.008808	-0.017982	0.027379	0.019133	-0.030202	-0.002593	-0.027253	0.105053	0.167856	0.083273	0.152309	-0.176124	-0.156193	-0.048772	-0.126991	-0.052414	-0.033752	0.000444	-0.090488	-0.141209	0.087038	-0.174137	0.086207	-0.111566	-0.002227	-0.089044	0.142176
2.09	0.037975	0.008995	-0.018279	0.027871	0.01945	-0.030739	-0.002637	-0.027707	0.106811	0.170641	0.08467	0.154838	-0.179036	-0.158992	-0.049576	-0.129313	-0.053273	-0.034487	0.000638	-0.092	-0.143733	0.088473	-0.177221	0.087654	-0.113576	-0.00245	-0.090525	0.144689
2.1	0.038567	0.00918	-0.018565	0.028348	0.019755	-0.03126	-0.00268	-0.028144	0.108501	0.173315	0.086013	0.157268	-0.181832	-0.161711	-0.050347	-0.131574	-0.054096	-0.035219	0.000852	-0.093454	-0.146184	0.08985	-0.180212	0.089047	-0.115531	-0.002693	-0.091947	0.147126
2.15	0.041084	0.010073	-0.019778	0.030474	0.021048	-0.033568	-0.002863	-0.030009	0.115733	0.184697	0.091771	0.167617	-0.193706	-0.173805	-0.053616	-0.141738	-0.05757	-0.038774	0.00223	-0.099667	-0.157069	0.09569	-0.19343	0.095014	-0.124248	-0.004191	-0.098008	0.157885
2.2	0.042693	0.01086	-0.020555	0.032036	0.021878	-0.035241	-0.002987	-0.031222	0.120467	0.192023	0.095557	0.174295	-0.201302	-0.182672	-0.055692	-0.1494	-0.05975	-0.041974	0.004087	-0.103722	-0.165021	0.099403	-0.202954	0.098944	-0.130689	-0.006127	-0.101927	0.165617
2.25	0.043255	0.011482	-0.020828	0.032907	0.022173	-0.036142	-0.003041	-0.031679	0.122298	0.194665	0.097048	0.176727	-0.203963	-0.187587	-0.056397	-0.153937	-0.060445	-0.044575	0.006297	-0.105273	-0.169386	0.100671	-0.208	0.100501	-0.134329	-0.008365	-0.103367	0.169683
2.3	0.042767	0.01189	-0.020596	0.033041	0.021931	-0.036225	-0.003022	-0.031374	0.121195	0.192599	0.096217	0.174891	-0.201677	-0.188294	-0.055729	-0.155092	-0.05966	-0.046375	0.00865	-0.104295	-0.169941	0.09949	-0.208325	0.099654	-0.134973	-0.010696	-0.102312	0.169891
2.35	0.041367	0.012064	-0.019926	0.032488	0.021221	-0.035553	-0.00294	-0.030401	0.117518	0.186431	0.093344	0.16933	-0.195091	-0.185086	-0.053872	-0.153042	-0.057601	-0.047267	0.010903	-0.1011	-0.16696	0.096186	-0.204301	0.096692	-0.132814	-0.012884	-0.099079	0.166551
2.4	0.0393	0.012015	-0.018933	0.031385	0.020169	-0.034282	-0.00281	-0.028935	0.11193	0.177247	0.088951	0.161029	-0.185356	-0.178745	-0.051147	-0.148372	-0.054616	-0.047278	0.012855	-0.096263	-0.161157	0.091332	-0.196842	0.092155	-0.1284	-0.014738	-0.094242	0.160413
2.45	0.036859	0.011789	-0.01776	0.029924	0.018924	-0.032628	-0.00265	-0.027189	0.105246	0.166365	0.083682	0.15118	-0.173859	-0.170373	-0.047941	-0.141952	-0.051125	-0.046568	0.0144	-0.090487	-0.153533	0.085617	-0.187199	0.086709	-0.122513	-0.016167	-0.088497	0.152502
2.5	0.034333	0.011454	-0.016546	0.028318	0.017634	-0.030824	-0.002483	-0.025371	0.098277	0.155077	0.078178	0.140957	-0.161956	-0.161181	-0.044627	-0.134768	-0.047531	-0.045403	0.015546	-0.08447	-0.145181	0.079709	-0.17672	0.081019	-0.116016	-0.017194	-0.08253	0.143917
2.55	0.031961	0.011091	-0.015405	0.026763	0.016422	-0.029085	-0.002324	-0.023659	0.091706	0.144465	0.072986	0.131342	-0.150777	-0.15229	-0.041519	-0.127755	-0.044166	-0.044098	0.0164	-0.0788	-0.137111	0.074166	-0.166634	0.075649	-0.109717	-0.017934	-0.076916	0.13566
2.6	0.029914	0.010775	-0.014421	0.025419	0.015376	-0.027582	-0.002187	-0.022183	0.086037	0.13531	0.068506	0.123047	-0.141133	-0.144608	-0.038837	-0.121694	-0.041263	-0.042962	0.017126	-0.073908	-0.130139	0.069384	-0.157921	0.071015	-0.104273	-0.018563	-0.072072	0.128529
2.65	0.028297	0.010572	-0.013644	0.024401	0.01455	-0.026438	-0.00208	-0.02102	0.081582	0.128087	0.064989	0.116506	-0.133515	-0.138782	-0.036716	-0.117154	-0.03896	-0.042263	0.017909	-0.07006	-0.124843	0.065601	-0.151268	0.067378	-0.100159	-0.01927	-0.068255	0.123077
2.7	0.027156	0.010531	-0.013096	0.023779	0.013969	-0.025723	-0.002007	-0.020209	0.078489	0.123014	0.062557	0.111919	-0.128139	-0.135208	-0.035212	-0.114501	-0.037315	-0.04221	0.018924	-0.067384	-0.121576	0.062922	-0.147081	0.064866	-0.097666	-0.020231	-0.065581	0.119634
2.75	0.026493	0.010688	-0.012778	0.023587	0.013634	-0.025473	-0.001971	-0.019756	0.076786	0.120111	0.061233	0.109308	-0.125023	-0.134078	-0.034328	-0.113929	-0.036326	-0.04295	0.020326	-0.0659	-0.120504	0.061352	-0.145544	0.063503	-0.096942	-0.021602	-0.064066	0.118345
2.8	0.026284	0.011064	-0.01268	0.023834	0.013533	-0.025692	-0.001969	-0.019644	0.076416	0.119272	0.060974	0.108577	-0.124046	-0.135437	-0.03403	-0.115505	-0.035951	-0.044584	0.022242	-0.065558	-0.121664	0.060828	-0.146681	0.063246	-0.098025	-0.023509	-0.063654	0.119226
2.85	0.026485	0.011674	-0.01278	0.024509	0.013644	-0.026369	-0.001999	-0.019845	0.077271	0.120311	0.061699	0.109561	-0.12501	-0.139232	-0.03426	-0.119214	-0.036126	-0.047175	0.02478	-0.066264	-0.125005	0.061249	-0.150413	0.06401	-0.100884	-0.026059	-0.06425	0.122212
2.9	0.027045	0.012527	-0.013054	0.025597	0.013942	-0.02748	-0.00206	-0.020324	0.079219	0.123005	0.063302	0.112057	-0.127673	-0.145359	-0.03495	-0.124994	-0.036775	-0.050767	0.028034	-0.067903	-0.130429	0.062495	-0.156605	0.065688	-0.105451	-0.029341	-0.065735	0.127189
3	0.029026	0.014983	-0.014019	0.028916	0.014986	-0.030897	-0.002256	-0.021961	0.085812	0.132384	0.068692	0.120712	-0.137065	-0.164077	-0.037419	-0.142414	-0.039176	-0.061069	0.037017	-0.073474	-0.147032	0.066943	-0.17571	0.071319	-0.119345	-0.038424	-0.070867	0.14257
3.1	0.031788	0.018454	-0.015365	0.033588	0.016442	-0.035704	-0.002531	-0.024248	0.095028	0.145472	0.07623	0.132792	-0.15016	-0.190425	-0.04086	-0.166959	-0.042513	-0.075639	0.049758	-0.08126	-0.170401	0.073139	-0.202585	0.079194	-0.13891	-0.051304	-0.078032	0.164203
3.2	0.034902	0.022902	-0.016886	0.039358	0.018091	-0.041611	-0.002858	-0.026878	0.105695	0.160358	0.084991	0.146568	-0.164939	-0.222934	-0.044708	-0.197503	-0.046175	-0.094352	0.066528	-0.090247	-0.199197	0.080081	-0.235536	0.088358	-0.163111	-0.068232	-0.08622	0.1907
3.3	0.037946	0.028119	-0.018378	0.045813	0.019716	-0.04818	-0.003202	-0.029534	0.116571	0.175122	0.093983	0.160291	-0.179414	-0.259274	-0.04842	-0.23203	-0.04959	-0.116362	0.086833	-0.099372	-0.23133	0.086796	-0.272063	0.09778	-0.190255	-0.088695	-0.094407	0.22003
3.4	0.040518	0.033574	-0.019644	0.052252	0.021105	-0.054685	-0.003525	-0.031878	0.126298	0.187847	0.102093	0.172189	-0.19167	-0.295476	-0.051494	-0.266833	-0.052276	-0.139444	0.108711	-0.107487	-0.263282	0.09238	-0.308124	0.106299	-0.217393	-0.110708	-0.101538	0.248942
3.5	0.042273	0.03833	-0.020514	0.057615	0.022067	-0.060067	-0.003775	-0.033578	0.133465	0.196777	0.108132	0.180606	-0.200058	-0.325599	-0.05353	-0.296133	-0.053911	-0.159618	0.128295	-0.113426	-0.28982	0.096102	-0.337859	0.112661	-0.240056	-0.130388	-0.106617	0.272744
3.6	0.042983	0.041223	-0.020872	0.060694	0.022471	-0.063129	-0.003905	-0.034359	0.136863	0.200624	0.111051	0.184294	-0.203478	-0.342871	-0.054298	-0.313193	-0.054388	-0.171927	0.140584	-0.116206	-0.304998	0.097527	-0.354698	0.115751	-0.253112	-0.142717	-0.108871	0.286194
3.7	0.042576	0.041401	-0.020677	0.060653	0.022266	-0.063051	-0.003885	-0.034088	0.135859	0.198859	0.110277	0.182713	-0.201565	-0.342609	-0.05375	-0.313284	-0.053764	-0.172734	0.141816	-0.115326	-0.304717	0.096555	-0.354162	0.114957	-0.252997	-0.14393	-0.107957	0.285727
3.8	0.041128	0.038859	-0.019967	0.057526	0.021492	-0.059872	-0.003719	-0.032819	0.130656	0.191824	0.105971	0.17617	-0.19468	-0.325008	-0.051989	-0.296537	-0.052152	-0.162006	0.131885	-0.110963	-0.289157	0.093367	-0.33649	0.110444	-0.239844	-0.133925	-0.104052	0.271539
3.9	0.038831	0.034425	-0.018839	0.052188	0.020259	-0.054461	-0.003445	-0.030768	0.122195	0.180566	0.098944	0.165673	-0.183748	-0.294977	-0.049218	-0.26781	-0.04967	-0.143267	0.114319	-0.103886	-0.26263	0.088344	-0.30646	0.10307	-0.217366	-0.116239	-0.097774	0.247447
4	0.035944	0.029219	-0.017423	0.045823	0.018714	-0.047996	-0.00311	-0.028225	0.11175	0.166506	0.090291	0.152587	-0.170018	-0.259156	-0.045714	-0.233676	-0.046482	-0.121284	0.093894	-0.095134	-0.230971	0.081999	-0.270537	0.093998	-0.190586	-0.095664	-0.089959	0.218612
4.1	0.03274	0.02413	-0.015856	0.039405	0.017009	-0.04145	-0.002759	-0.025469	0.10051	0.151064	0.081025	0.138262	-0.154796	-0.223013	-0.041784	-0.19949	-0.042812	-0.099835	0.074328	-0.085687	-0.19899	0.074899	-0.234084	0.084295	-0.163625	-0.075934	-0.081427	0.189324
4.2	0.029457	0.019638	-0.014253	0.033507	0.015273	-0.035401	-0.002421	-0.022715	0.089364	0.135415	0.071883	0.123792	-0.139215	-0.189773	-0.037715	-0.168348	-0.038913	-0.080952	0.057538	-0.076288	-0.169534	0.067562	-0.200321	0.074737	-0.138901	-0.058977	-0.072833	0.162165
4.3	0.02627	0.015898	-0.012702	0.028366	0.013597	-0.030097	-0.002111	-0.020102	0.078867	0.120378	0.063316	0.109931	-0.124113	-0.160766	-0.03373	-0.141455	-0.035011	-0.065278	0.044035	-0.067407	-0.143789	0.06039	-0.170632	0.065792	-0.117394	-0.045314	-0.064621	0.138252
4.4	0.023293	0.012881	-0.011255	0.02401	0.012038	-0.025577	-0.001836	-0.017706	0.069302	0.10644	0.055543	0.097117	-0.110012	-0.136169	-0.029978	-0.118893	-0.031274	-0.05268	0.033571	-0.059294	-0.121922	0.053647	-0.145261	0.057688	-0.099213	-0.034702	-0.057045	0.117791
4.5	0.02058	0.010485	-0.009939	0.020372	0.010623	-0.02178	-0.001596	-0.015557	0.060771	0.093829	0.048636	0.085546	-0.097177	-0.115608	-0.026539	-0.100231	-0.027802	-0.042708	0.025623	-0.052041	-0.103615	0.047475	-0.123895	0.050492	-0.084063	-0.02662	-0.050217	0.100539
4.6	0.018151	0.008591	-0.008762	0.017351	0.00936	-0.01861	-0.001388	-0.013658	0.05326	0.082596	0.042573	0.075258	-0.08569	-0.098517	-0.023445	-0.084872	-0.024646	-0.034856	0.019641	-0.045643	-0.088375	0.041927	-0.106012	0.044183	-0.071507	-0.020518	-0.044155	0.086083
4.7	0.015999	0.007092	-0.007721	0.014843	0.008243	-0.015965	-0.001209	-0.011992	0.0467	0.07269	0.037291	0.066198	-0.07552	-0.084317	-0.020694	-0.072229	-0.021816	-0.028667	0.015147	-0.040046	-0.075696	0.036997	-0.09106	0.03869	-0.061102	-0.01592	-0.038822	0.073984
4.8	0.014107	0.0059	-0.006805	0.012756	0.007263	-0.013755	-0.001056	-0.01054	0.040994	0.064007	0.032707	0.058265	-0.066577	-0.072491	-0.018267	-0.061788	-0.019303	-0.023765	0.011765	-0.035172	-0.065124	0.032651	-0.078537	0.033925	-0.052458	-0.012445	-0.034157	0.06384
4.9	0.012448	0.004946	-0.006004	0.011012	0.006405	-0.0119	-0.000924	-0.009275	0.036041	0.056418	0.028734	0.051338	-0.058743	-0.062601	-0.016134	-0.053124	-0.017083	-0.019856	0.009208	-0.030935	-0.056273	0.028834	-0.06801	0.029798	-0.045245	-0.009808	-0.030087	0.055307
5	0.010997	0.004176	-0.005303	0.009546	0.005656	-0.010336	-0.00081	-0.008176	0.03174	0.049795	0.02529	0.045298	-0.05189	-0.054288	-0.014265	-0.045891	-0.015128	-0.016713	0.007263	-0.027254	-0.048827	0.025489	-0.059121	0.026221	-0.039195	-0.007792	-0.02654	0.048097
5.1	0.009728	0.003549	-0.00469	0.008309	0.005001	-0.009011	-0.000713	-0.007218	0.028003	0.044014	0.022301	0.040028	-0.045898	-0.047264	-0.012627	-0.039818	-0.01341	-0.014165	0.005773	-0.024052	-0.042529	0.02256	-0.051581	0.023118	-0.034092	-0.006241	-0.023447	0.041976
5.2	0.008618	0.003035	-0.004154	0.007258	0.004428	-0.007883	-0.000628	-0.006384	0.02475	0.038963	0.019701	0.035427	-0.040655	-0.041298	-0.011192	-0.034688	-0.0119	-0.012083	0.004624	-0.021264	-0.037175	0.019994	-0.045153	0.020421	-0.029763	-0.005038	-0.020748	0.036756
5.3	0.007645	0.00261	-0.003684	0.006361	0.003927	-0.006918	-0.000555	-0.005655	0.021913	0.034544	0.017436	0.031403	-0.036062	-0.036203	-0.009933	-0.030329	-0.010572	-0.010366	0.003732	-0.018831	-0.032601	0.017743	-0.039646	0.018071	-0.026072	-0.004099	-0.018388	0.032281
5.4	0.006791	0.002256	-0.003272	0.005592	0.003488	-0.006088	-0.000491	-0.005017	0.019433	0.03067	0.015458	0.027877	-0.032032	-0.03183	-0.008827	-0.026605	-0.009403	-0.00894	0.003033	-0.016703	-0.028672	0.015766	-0.034906	0.016019	-0.022909	-0.003358	-0.016321	0.028428
5.5	0.00604	0.001959	-0.00291	0.004929	0.003101	-0.005371	-0.000435	-0.004458	0.01726	0.027267	0.013725	0.02478	-0.028489	-0.02806	-0.007854	-0.023406	-0.008372	-0.007747	0.002482	-0.014838	-0.025282	0.014027	-0.030809	0.014223	-0.020184	-0.002771	-0.014507	0.025096
5.6	0.005378	0.001708	-0.002591	0.004354	0.002761	-0.004749	-0.000386	-0.003966	0.01535	0.024272	0.012204	0.022056	-0.025368	-0.024794	-0.006996	-0.020645	-0.007462	-0.006741	0.002044	-0.013198	-0.022345	0.012494	-0.027252	0.012645	-0.017826	-0.002302	-0.01291	0.022202
5.7	0.004794	0.001494	-0.00231	0.003855	0.002461	-0.004208	-0.000344	-0.003533	0.013669	0.02163	0.010865	0.019653	-0.022613	-0.021953	-0.006238	-0.018251	-0.006658	-0.005888	0.001695	-0.011754	-0.019789	0.01114	-0.024153	0.011257	-0.015777	-0.001925	-0.011503	0.01968
5.8	0.004278	0.001311	-0.002061	0.003419	0.002195	-0.003735	-0.000306	-0.00315	0.012186	0.019295	0.009684	0.017529	-0.020177	-0.019474	-0.005567	-0.016168	-0.005945	-0.00516	0.001414	-0.01048	-0.017557	0.009942	-0.021443	0.010033	-0.01399	-0.001619	-0.010259	0.017474
5.9	0.00382	0.001154	-0.00184	0.003038	0.00196	-0.00332	-0.000273	-0.002811	0.010873	0.017226	0.00864	0.015649	-0.018018	-0.017301	-0.004973	-0.014347	-0.005312	-0.004535	0.001186	-0.009352	-0.015601	0.008879	-0.019065	0.008951	-0.012425	-0.001369	-0.009158	0.015538
6	0.003414	0.001018	-0.001645	0.002702	0.001752	-0.002955	-0.000243	-0.002511	0.00971	0.015391	0.007715	0.013981	-0.016101	-0.015393	-0.004445	-0.012751	-0.004749	-0.003997	0.001001	-0.008352	-0.013882	0.007936	-0.016972	0.007992	-0.011051	-0.001164	-0.008182	0.013834
6.2	0.002731	0.000797	-0.001315	0.002146	0.001401	-0.002348	-0.000194	-0.002007	0.007759	0.012308	0.006163	0.011179	-0.01288	-0.012224	-0.003557	-0.010109	-0.003803	-0.003124	0.000724	-0.006675	-0.011027	0.00635	-0.013492	0.006384	-0.008772	-0.000855	-0.006541	0.010999
6.4	0.002188	0.000629	-0.001054	0.001709	0.001122	-0.001872	-0.000155	-0.001607	0.006211	0.009858	0.004932	0.008953	-0.010318	-0.00974	-0.00285	-0.008044	-0.003048	-0.002459	0.000534	-0.005344	-0.008787	0.005088	-0.010759	0.005109	-0.006987	-0.000639	-0.005238	0.008772
6.6	0.001754	0.000498	-0.000845	0.001365	0.0009	-0.001495	-0.000124	-0.001288	0.004976	0.007902	0.003952	0.007176	-0.008272	-0.007777	-0.002285	-0.006416	-0.002445	-0.001946	0.000401	-0.004282	-0.007017	0.00408	-0.008595	0.004093	-0.005577	-0.000485	-0.004199	0.007009
6.8	0.001406	0.000396	-0.000677	0.001091	0.000721	-0.001195	-0.0001	-0.001032	0.003988	0.006335	0.003166	0.005753	-0.006632	-0.006216	-0.001832	-0.005125	-0.001961	-0.001545	0.000305	-0.003432	-0.00561	0.003271	-0.006874	0.00328	-0.004457	-0.000373	-0.003365	0.005605
7	0.001127	0.000315	-0.000543	0.000872	0.000578	-0.000956	-8E-05	-0.000827	0.003194	0.005076	0.002536	0.004609	-0.005314	-0.004971	-0.001468	-0.004096	-0.001572	-0.001229	0.000236	-0.002749	-0.004486	0.002621	-0.005498	0.002627	-0.003563	-0.00029	-0.002696	0.004483
7.2	0.000902	0.000251	-0.000434	0.000697	0.000463	-0.000764	-6.4E-05	-0.000662	0.002556	0.004062	0.00203	0.003689	-0.004254	-0.003973	-0.001175	-0.003273	-0.001258	-0.000979	0.000184	-0.0022	-0.003586	0.002098	-0.004396	0.002102	-0.002848	-0.000227	-0.002158	0.003585
7.4	0.000721	0.0002	-0.000347	0.000557	0.00037	-0.000611	-5.1E-05	-0.000529	0.002043	0.003247	0.001622	0.002949	-0.0034	-0.003173	-0.00094	-0.002614	-0.001006	-0.000781	0.000145	-0.001758	-0.002864	0.001677	-0.003511	0.00168	-0.002275	-0.000179	-0.001725	0.002863
7.6	0.000575	0.00016	-0.000277	0.000444	0.000295	-0.000487	-4.1E-05	-0.000422	0.00163	0.002591	0.001294	0.002353	-0.002713	-0.002532	-0.00075	-0.002085	-0.000803	-0.000622	0.000115	-0.001403	-0.002285	0.001339	-0.002801	0.001341	-0.001815	-0.000142	-0.001376	0.002284
7.8	0.000458	0.000127	-0.000221	0.000354	0.000235	-0.000388	-3.2E-05	-0.000336	0.001299	0.002064	0.001031	0.001874	-0.002161	-0.002017	-0.000597	-0.001661	-0.000639	-0.000496	9.2E-05	-0.001118	-0.00182	0.001066	-0.002231	0.001068	-0.001445	-0.000113	-0.001096	0.00182
8	0.000364	0.000101	-0.000175	0.000281	0.000187	-0.000309	-2.6E-05	-0.000267	0.001033	0.001641	0.00082	0.00149	-0.001718	-0.001604	-0.000475	-0.001321	-0.000508	-0.000395	7.3E-05	-0.000889	-0.001448	0.000848	-0.001775	0.000849	-0.00115	-9.1E-05	-0.000872	0.001447
8.2	0.000289	8E-05	-0.000139	0.000223	0.000148	-0.000245	-2E-05	-0.000212	0.000819	0.001302	0.000651	0.001182	-0.001364	-0.001273	-0.000377	-0.001049	-0.000403	-0.000314	5.9E-05	-0.000705	-0.001149	0.000673	-0.001409	0.000674	-0.000913	-7.3E-05	-0.000692	0.001149
8.4	0.000229	6.4E-05	-0.00011	0.000177	0.000117	-0.000194	-1.6E-05	-0.000168	0.000649	0.001031	0.000515	0.000937	-0.00108	-0.001009	-0.000298	-0.000832	-0.000319	-0.000249	4.7E-05	-0.000559	-0.000911	0.000533	-0.001117	0.000534	-0.000724	-5.8E-05	-0.000548	0.000911
8.6	0.000181	5.1E-05	-8.7E-05	0.00014	9.3E-05	-0.000154	-1.3E-05	-0.000133	0.000513	0.000815	0.000407	0.00074	-0.000854	-0.000799	-0.000236	-0.000658	-0.000252	-0.000198	3.8E-05	-0.000442	-0.000721	0.000421	-0.000883	0.000422	-0.000573	-4.7E-05	-0.000433	0.00072
8.8	0.000143	4E-05	-6.9E-05	0.000111	7.3E-05	-0.000121	-1E-05	-0.000105	0.000405	0.000643	0.000321	0.000584	-0.000674	-0.000631	-0.000186	-0.00052	-0.000199	-0.000156	3.1E-05	-0.000348	-0.000569	0.000332	-0.000698	0.000333	-0.000452	-3.7E-05	-0.000342	0.000569
9	0.000112	3.2E-05	-5.4E-05	8.7E-05	5.8E-05	-9.6E-05	-8E-06	-8.3E-05	0.000319	0.000507	0.000253	0.00046	-0.00053	-0.000497	-0.000147	-0.00041	-0.000157	-0.000124	2.5E-05	-0.000274	-0.000449	0.000262	-0.00055	0.000262	-0.000356	-3E-05	-0.000269	0.000448
9.2	8.8E-05	2.5E-05	-4.3E-05	6.9E-05	4.5E-05	-7.5E-05	-6E-06	-6.5E-05	0.000251	0.000398	0.000199	0.000361	-0.000417	-0.000391	-0.000115	-0.000323	-0.000123	-9.8E-05	2E-05	-0.000216	-0.000353	0.000206	-0.000432	0.000206	-0.00028	-2.4E-05	-0.000211	0.000353
9.4	6.9E-05	2E-05	-3.3E-05	5.4E-05	3.6E-05	-5.9E-05	-5E-06	-5.1E-05	0.000197	0.000312	0.000156	0.000283	-0.000327	-0.000307	-9E-05	-0.000253	-9.7E-05	-7.7E-05	1.6E-05	-0.000169	-0.000277	0.000161	-0.000339	0.000162	-0.00022	-1.9E-05	-0.000166	0.000277
9.6	5.4E-05	1.5E-05	-2.6E-05	4.2E-05	2.8E-05	-4.6E-05	-4E-06	-4E-05	0.000154	0.000244	0.000122	0.000222	-0.000256	-0.00024	-7.1E-05	-0.000198	-7.6E-05	-6E-05	1.3E-05	-0.000132	-0.000217	0.000126	-0.000266	0.000126	-0.000172	-1.5E-05	-0.00013	0.000217
9.8	4.2E-05	1.2E-05	-2E-05	3.3E-05	2.2E-05	-3.6E-05	-3E-06	-3.1E-05	0.00012	0.000191	9.5E-05	0.000173	-0.000199	-0.000188	-5.5E-05	-0.000155	-5.9E-05	-4.7E-05	1E-05	-0.000103	-0.00017	9.8E-05	-0.000208	9.9E-05	-0.000135	-1.2E-05	-0.000101	0.000169
10	3.3E-05	9E-06	-1.6E-05	2.6E-05	1.7E-05	-2.8E-05	-2E-06	-2.4E-05	9.3E-05	0.000148	7.4E-05	0.000135	-0.000155	-0.000147	-4.3E-05	-0.000121	-4.6E-05	-3.7E-05	8E-06	-8E-05	-0.000132	7.7E-05	-0.000162	7.7E-05	-0.000105	-1E-05	-7.9E-05	0.000132
10.5	1.8E-05	5E-06	-9E-06	1.4E-05	9E-06	-1.6E-05	-1E-06	-1.3E-05	5.2E-05	8.2E-05	4.1E-05	7.4E-05	-8.6E-05	-8.1E-05	-2.4E-05	-6.7E-05	-2.5E-05	-2.1E-05	5E-06	-4.4E-05	-7.3E-05	4.2E-05	-9E-05	4.2E-05	-5.8E-05	-6E-06	-4.3E-05	7.3E-05
11	9E-06	3E-06	-4E-06	7E-06	5E-06	-8E-06	-1E-06	-7E-06	2.6E-05	4.1E-05	2.1E-05	3.7E-05	-4.3E-05	-4.1E-05	-1.2E-05	-3.4E-05	-1.3E-05	-1.1E-05	3E-06	-2.2E-05	-3.7E-05	2.1E-05	-4.5E-05	2.1E-05	-2.9E-05	-3E-06	-2.2E-05	3.7E-05
