E, cm-1	Sigma_00, cm2	Sigma_01, cm2	Sigma_10, cm2	Sigma_11, cm2	
9.362494e+04	2.313350e-14	0.000000e+00	0.000000e+00	0.000000e+00
9.362957e+04	2.280722e-14	0.000000e+00	0.000000e+00	0.000000e+00
9.363421e+04	2.228608e-14	0.000000e+00	0.000000e+00	0.000000e+00
9.363885e+04	2.176969e-14	0.000000e+00	0.000000e+00	0.000000e+00
9.364349e+04	2.165430e-14	0.000000e+00	0.000000e+00	0.000000e+00
9.364812e+04	2.132071e-14	0.000000e+00	0.000000e+00	0.000000e+00
9.365276e+04	2.116459e-14	0.000000e+00	0.000000e+00	0.000000e+00
9.365740e+04	2.094952e-14	0.000000e+00	0.000000e+00	0.000000e+00
9.366203e+04	2.086192e-14	0.000000e+00	0.000000e+00	0.000000e+00
9.366667e+04	2.077154e-14	0.000000e+00	0.000000e+00	0.000000e+00
9.367131e+04	2.059645e-14	0.000000e+00	0.000000e+00	0.000000e+00
9.367594e+04	2.054401e-14	0.000000e+00	0.000000e+00	0.000000e+00
9.368058e+04	2.048115e-14	0.000000e+00	0.000000e+00	0.000000e+00
9.368522e+04	2.036433e-14	0.000000e+00	0.000000e+00	0.000000e+00
9.368985e+04	2.031835e-14	0.000000e+00	0.000000e+00	0.000000e+00
9.369449e+04	2.024397e-14	0.000000e+00	0.000000e+00	0.000000e+00
9.369913e+04	2.017552e-14	0.000000e+00	0.000000e+00	0.000000e+00
9.370377e+04	2.011503e-14	0.000000e+00	0.000000e+00	0.000000e+00
9.370840e+04	2.006097e-14	0.000000e+00	0.000000e+00	0.000000e+00
9.371304e+04	2.001011e-14	0.000000e+00	0.000000e+00	0.000000e+00
9.371768e+04	1.996144e-14	0.000000e+00	0.000000e+00	0.000000e+00
9.372231e+04	1.991552e-14	0.000000e+00	0.000000e+00	0.000000e+00
9.372695e+04	1.987359e-14	0.000000e+00	0.000000e+00	0.000000e+00
9.373159e+04	1.983440e-14	0.000000e+00	0.000000e+00	0.000000e+00
9.373623e+04	1.979717e-14	0.000000e+00	0.000000e+00	0.000000e+00
9.374086e+04	1.974914e-14	0.000000e+00	0.000000e+00	0.000000e+00
9.374550e+04	1.971652e-14	0.000000e+00	0.000000e+00	0.000000e+00
9.375014e+04	1.968508e-14	0.000000e+00	0.000000e+00	0.000000e+00
9.375477e+04	1.965463e-14	0.000000e+00	0.000000e+00	0.000000e+00
9.375941e+04	1.962523e-14	0.000000e+00	0.000000e+00	0.000000e+00
9.376405e+04	1.958751e-14	0.000000e+00	0.000000e+00	0.000000e+00
9.376868e+04	1.955966e-14	0.000000e+00	0.000000e+00	0.000000e+00
9.377332e+04	1.953190e-14	0.000000e+00	0.000000e+00	0.000000e+00
9.377796e+04	1.950498e-14	0.000000e+00	0.000000e+00	0.000000e+00
9.378260e+04	1.947781e-14	0.000000e+00	0.000000e+00	0.000000e+00
9.378723e+04	1.944375e-14	0.000000e+00	0.000000e+00	0.000000e+00
9.379187e+04	1.941809e-14	0.000000e+00	0.000000e+00	0.000000e+00
9.379651e+04	1.939178e-14	0.000000e+00	0.000000e+00	0.000000e+00
9.380114e+04	1.936546e-14	0.000000e+00	0.000000e+00	0.000000e+00
9.380578e+04	1.934009e-14	0.000000e+00	0.000000e+00	0.000000e+00
9.381042e+04	1.930895e-14	0.000000e+00	0.000000e+00	0.000000e+00
9.381505e+04	1.927875e-14	0.000000e+00	0.000000e+00	0.000000e+00
9.381969e+04	1.925426e-14	0.000000e+00	0.000000e+00	0.000000e+00
9.382433e+04	1.922980e-14	0.000000e+00	0.000000e+00	0.000000e+00
9.382896e+04	1.920644e-14	0.000000e+00	0.000000e+00	0.000000e+00
9.383360e+04	1.918230e-14	0.000000e+00	0.000000e+00	0.000000e+00
9.383824e+04	1.915491e-14	0.000000e+00	0.000000e+00	0.000000e+00
9.384288e+04	1.912734e-14	0.000000e+00	0.000000e+00	0.000000e+00
9.384751e+04	1.910609e-14	0.000000e+00	0.000000e+00	0.000000e+00
9.385215e+04	1.908506e-14	0.000000e+00	0.000000e+00	0.000000e+00
9.385679e+04	1.906407e-14	0.000000e+00	0.000000e+00	0.000000e+00
9.386142e+04	1.904058e-14	0.000000e+00	0.000000e+00	0.000000e+00
9.387070e+04	1.899830e-14	0.000000e+00	0.000000e+00	0.000000e+00
9.387534e+04	1.897946e-14	0.000000e+00	0.000000e+00	0.000000e+00
9.387997e+04	1.895812e-14	0.000000e+00	0.000000e+00	0.000000e+00
9.388925e+04	1.892245e-14	0.000000e+00	0.000000e+00	0.000000e+00
9.389388e+04	1.890239e-14	0.000000e+00	0.000000e+00	0.000000e+00
9.389852e+04	1.888519e-14	0.000000e+00	0.000000e+00	0.000000e+00
9.390779e+04	1.884893e-14	0.000000e+00	0.000000e+00	0.000000e+00
9.391243e+04	1.883011e-14	0.000000e+00	0.000000e+00	0.000000e+00
9.392171e+04	1.879809e-14	0.000000e+00	0.000000e+00	0.000000e+00
9.392634e+04	1.877899e-14	0.000000e+00	0.000000e+00	0.000000e+00
9.393562e+04	1.874456e-14	0.000000e+00	0.000000e+00	0.000000e+00
9.394025e+04	1.872650e-14	0.000000e+00	0.000000e+00	0.000000e+00
9.394953e+04	1.869548e-14	0.000000e+00	0.000000e+00	0.000000e+00
9.395416e+04	1.867699e-14	0.000000e+00	0.000000e+00	0.000000e+00
9.396344e+04	1.864671e-14	0.000000e+00	0.000000e+00	0.000000e+00
9.397271e+04	1.861196e-14	0.000000e+00	0.000000e+00	0.000000e+00
9.398199e+04	1.858092e-14	0.000000e+00	0.000000e+00	0.000000e+00
9.398662e+04	1.856719e-14	0.000000e+00	0.000000e+00	0.000000e+00
9.399590e+04	1.853743e-14	0.000000e+00	0.000000e+00	0.000000e+00
9.400517e+04	1.850864e-14	0.000000e+00	0.000000e+00	0.000000e+00
9.401445e+04	1.847857e-14	0.000000e+00	0.000000e+00	0.000000e+00
9.402372e+04	1.845359e-14	0.000000e+00	0.000000e+00	0.000000e+00
9.403299e+04	1.842704e-14	0.000000e+00	0.000000e+00	0.000000e+00
9.404227e+04	1.840086e-14	0.000000e+00	0.000000e+00	0.000000e+00
9.405154e+04	1.837401e-14	0.000000e+00	0.000000e+00	0.000000e+00
9.406082e+04	1.834874e-14	0.000000e+00	0.000000e+00	0.000000e+00
9.407473e+04	1.831149e-14	0.000000e+00	0.000000e+00	0.000000e+00
9.408400e+04	1.828666e-14	0.000000e+00	0.000000e+00	0.000000e+00
9.409327e+04	1.826172e-14	0.000000e+00	0.000000e+00	0.000000e+00
9.410718e+04	1.822600e-14	0.000000e+00	0.000000e+00	0.000000e+00
9.411646e+04	1.820248e-14	0.000000e+00	0.000000e+00	0.000000e+00
9.413037e+04	1.816804e-14	0.000000e+00	0.000000e+00	0.000000e+00
9.413964e+04	1.814504e-14	0.000000e+00	0.000000e+00	0.000000e+00
9.415356e+04	1.811298e-14	0.000000e+00	0.000000e+00	0.000000e+00
9.416283e+04	1.809170e-14	0.000000e+00	0.000000e+00	0.000000e+00
9.417674e+04	1.806016e-14	0.000000e+00	0.000000e+00	0.000000e+00
9.419065e+04	1.802921e-14	0.000000e+00	0.000000e+00	0.000000e+00
9.420456e+04	1.799881e-14	0.000000e+00	0.000000e+00	0.000000e+00
9.421847e+04	1.796863e-14	0.000000e+00	0.000000e+00	0.000000e+00
9.423238e+04	1.793920e-14	0.000000e+00	0.000000e+00	0.000000e+00
9.424629e+04	1.791040e-14	0.000000e+00	0.000000e+00	0.000000e+00
9.426021e+04	1.788204e-14	0.000000e+00	0.000000e+00	0.000000e+00
9.427412e+04	1.785430e-14	0.000000e+00	0.000000e+00	0.000000e+00
9.429267e+04	1.781832e-14	0.000000e+00	0.000000e+00	0.000000e+00
9.430658e+04	1.779175e-14	0.000000e+00	0.000000e+00	0.000000e+00
9.432049e+04	1.776584e-14	0.000000e+00	0.000000e+00	0.000000e+00
9.433904e+04	1.773173e-14	0.000000e+00	0.000000e+00	0.000000e+00
9.435295e+04	1.770676e-14	0.000000e+00	0.000000e+00	0.000000e+00
9.437149e+04	1.767374e-14	0.000000e+00	0.000000e+00	0.000000e+00
9.439004e+04	1.764208e-14	0.000000e+00	0.000000e+00	0.000000e+00
9.440859e+04	1.761088e-14	0.000000e+00	0.000000e+00	0.000000e+00
9.442714e+04	1.757946e-14	0.000000e+00	0.000000e+00	0.000000e+00
9.444569e+04	1.754985e-14	0.000000e+00	0.000000e+00	0.000000e+00
9.446423e+04	1.752059e-14	0.000000e+00	0.000000e+00	0.000000e+00
9.448278e+04	1.749128e-14	0.000000e+00	0.000000e+00	0.000000e+00
9.450597e+04	1.745619e-14	0.000000e+00	0.000000e+00	0.000000e+00
9.452451e+04	1.742836e-14	0.000000e+00	0.000000e+00	0.000000e+00
9.454770e+04	1.739432e-14	0.000000e+00	0.000000e+00	0.000000e+00
9.456625e+04	1.736742e-14	0.000000e+00	0.000000e+00	0.000000e+00
9.458943e+04	1.733495e-14	0.000000e+00	0.000000e+00	0.000000e+00
9.461262e+04	1.730216e-14	0.000000e+00	0.000000e+00	0.000000e+00
9.463580e+04	1.727144e-14	0.000000e+00	0.000000e+00	0.000000e+00
9.465899e+04	1.724011e-14	0.000000e+00	0.000000e+00	0.000000e+00
9.468217e+04	1.720983e-14	0.000000e+00	0.000000e+00	0.000000e+00
9.470536e+04	1.718000e-14	0.000000e+00	0.000000e+00	0.000000e+00
9.473318e+04	1.714595e-14	0.000000e+00	0.000000e+00	0.000000e+00
9.475637e+04	1.711661e-14	0.000000e+00	0.000000e+00	0.000000e+00
9.478419e+04	1.708327e-14	0.000000e+00	0.000000e+00	0.000000e+00
9.481201e+04	1.705079e-14	0.000000e+00	0.000000e+00	0.000000e+00
9.483983e+04	1.701846e-14	0.000000e+00	0.000000e+00	0.000000e+00
9.486765e+04	1.698678e-14	0.000000e+00	0.000000e+00	0.000000e+00
9.489548e+04	1.695637e-14	0.000000e+00	0.000000e+00	0.000000e+00
9.492793e+04	1.692132e-14	0.000000e+00	0.000000e+00	0.000000e+00
9.495576e+04	1.689122e-14	0.000000e+00	0.000000e+00	0.000000e+00
9.498821e+04	1.685724e-14	0.000000e+00	0.000000e+00	0.000000e+00
9.502067e+04	1.682452e-14	0.000000e+00	0.000000e+00	0.000000e+00
9.505313e+04	1.679177e-14	0.000000e+00	0.000000e+00	0.000000e+00
9.508559e+04	1.675956e-14	0.000000e+00	0.000000e+00	0.000000e+00
9.510414e+04	1.674155e-14	0.000000e+00	0.000000e+00	0.000000e+00
9.512269e+04	1.672380e-14	2.287020e-21	2.780858e-23	2.304262e-14
9.514124e+04	1.670614e-14	5.330660e-21	1.290347e-22	2.251075e-14
9.515515e+04	1.669302e-14	2.577016e-21	8.517090e-23	2.221845e-14
9.517370e+04	1.667517e-14	7.152850e-22	3.189876e-23	2.191692e-14
9.519224e+04	1.665853e-14	2.280962e-21	1.274352e-22	2.167349e-14
9.521079e+04	1.664154e-14	1.461408e-21	9.773801e-23	2.146754e-14
9.522934e+04	1.662476e-14	2.084680e-21	1.618458e-22	2.128815e-14
9.524789e+04	1.660763e-14	2.174288e-21	1.916571e-22	2.113616e-14
9.526643e+04	1.659108e-14	1.390706e-21	1.368753e-22	2.099624e-14
9.528498e+04	1.657473e-14	9.617020e-22	1.043128e-22	2.087260e-14
9.530353e+04	1.655910e-14	1.290179e-21	1.526165e-22	2.075801e-14
9.532208e+04	1.654284e-14	1.714046e-21	2.192280e-22	2.064764e-14
9.534526e+04	1.652300e-14	2.258422e-21	3.153268e-22	2.051930e-14
9.536381e+04	1.650724e-14	2.028180e-21	3.017436e-22	2.042286e-14
9.538236e+04	1.649164e-14	1.653274e-21	2.607805e-22	2.033403e-14
9.540554e+04	1.647288e-14	1.045802e-21	1.764000e-22	2.022853e-14
9.542409e+04	1.645763e-14	1.047509e-21	1.856423e-22	2.015019e-14
9.544728e+04	1.643920e-14	1.768889e-21	3.319567e-22	2.005661e-14
9.546583e+04	1.642427e-14	2.696834e-21	5.281160e-22	1.998425e-14
9.548901e+04	1.640619e-14	3.812667e-21	7.846679e-22	1.989736e-14
9.550756e+04	1.639148e-14	5.061813e-21	1.081258e-21	1.983076e-14
9.553074e+04	1.637361e-14	1.965111e-21	4.385232e-22	1.975209e-14
9.555393e+04	1.635609e-14	1.698000e-21	3.947326e-22	1.967856e-14
9.557711e+04	1.633844e-14	2.168935e-21	5.239345e-22	1.960642e-14
9.560030e+04	1.632109e-14	1.732945e-21	4.340057e-22	1.953808e-14
9.562348e+04	1.630303e-14	1.643426e-21	4.258437e-22	1.947280e-14
9.564667e+04	1.628573e-14	1.404150e-21	3.757455e-22	1.940979e-14
9.566985e+04	1.626992e-14	4.796781e-21	1.323343e-21	1.934816e-14
9.569304e+04	1.625248e-14	1.456819e-21	4.137092e-22	1.929092e-14
9.571622e+04	1.623614e-14	1.633108e-21	4.767073e-22	1.923445e-14
9.573941e+04	1.621983e-14	2.009342e-21	6.020974e-22	1.917931e-14
9.576723e+04	1.620074e-14	2.066059e-21	6.378439e-22	1.911415e-14
9.579042e+04	1.618479e-14	2.067745e-21	6.536355e-22	1.906290e-14
9.581360e+04	1.616890e-14	2.001578e-21	6.471895e-22	1.901308e-14
9.584142e+04	1.614983e-14	1.657148e-21	5.498675e-22	1.895525e-14
9.586461e+04	1.613416e-14	1.805289e-21	6.114842e-22	1.890859e-14
9.589243e+04	1.611501e-14	1.316086e-20	4.564390e-21	1.885397e-14
9.592025e+04	1.609762e-14	3.656038e-21	1.296859e-21	1.880139e-14
9.594344e+04	1.608202e-14	4.935419e-21	1.782461e-21	1.875761e-14
9.597126e+04	1.606468e-14	7.019434e-21	2.588186e-21	1.870745e-14
9.599908e+04	1.604610e-14	9.754293e-21	3.668596e-21	1.865973e-14
9.602690e+04	1.602877e-14	1.391447e-20	5.333600e-21	1.861349e-14
9.605473e+04	1.601164e-14	2.050197e-20	8.003172e-21	1.856785e-14
9.608255e+04	1.599471e-14	3.122380e-20	1.240365e-20	1.852216e-14
9.611037e+04	1.597728e-14	4.832602e-20	1.952296e-20	1.847902e-14
9.614283e+04	1.595779e-14	8.096046e-20	3.332767e-20	1.842954e-14
9.617065e+04	1.594134e-14	1.255942e-19	5.250741e-20	1.838860e-14
9.619847e+04	1.592492e-14	1.924339e-19	8.165967e-20	1.834822e-14
9.622629e+04	1.590871e-14	2.908605e-19	1.252147e-19	1.830749e-14
9.625875e+04	1.588964e-14	4.617673e-19	2.020249e-19	1.826361e-14
9.628657e+04	1.587337e-14	6.735257e-19	2.986233e-19	1.822564e-14
9.631903e+04	1.585508e-14	1.025093e-18	4.613616e-19	1.818371e-14
9.635149e+04	1.583646e-14	1.525006e-18	6.963233e-19	1.814111e-14
9.638395e+04	1.581775e-14	2.221865e-18	1.028692e-18	1.810034e-14
9.641641e+04	1.579987e-14	3.173697e-18	1.489162e-18	1.805898e-14
9.644887e+04	1.578127e-14	4.448201e-18	2.114278e-18	1.801977e-14
9.648133e+04	1.576220e-14	6.118529e-18	2.944625e-18	1.798029e-14
9.651379e+04	1.574460e-14	8.281151e-18	4.033606e-18	1.794131e-14
9.654625e+04	1.572608e-14	1.102556e-17	5.433095e-18	1.790236e-14
9.658334e+04	1.570376e-14	1.500673e-17	7.490203e-18	1.785777e-14
9.661580e+04	1.568530e-14	1.936702e-17	9.771641e-18	1.781831e-14
9.664826e+04	1.566607e-14	2.465457e-17	1.257042e-17	1.777856e-14
9.668536e+04	1.564250e-14	3.201482e-17	1.651304e-17	1.773266e-14
9.672245e+04	1.561904e-14	4.090500e-17	2.133539e-17	1.768603e-14
9.675491e+04	1.559855e-14	5.009914e-17	2.637910e-17	1.764566e-14
9.679201e+04	1.557296e-14	6.228591e-17	3.314080e-17	1.759746e-14
9.682910e+04	1.554725e-14	7.637095e-17	4.104824e-17	1.754732e-14
9.686620e+04	1.551974e-14	9.245646e-17	5.018267e-17	1.749757e-14
9.690330e+04	1.549203e-14	1.104122e-16	6.049897e-17	1.744529e-14
9.694503e+04	1.545870e-14	1.328288e-16	7.353560e-17	1.738512e-14
9.697749e+04	1.543209e-14	1.517562e-16	8.466899e-17	1.733742e-14
9.701922e+04	1.539790e-14	1.777041e-16	1.001106e-16	1.727510e-14
9.705632e+04	1.536558e-14	2.017996e-16	1.146362e-16	1.722011e-14
9.709805e+04	1.533050e-14	2.296800e-16	1.316647e-16	1.715657e-14
9.713978e+04	1.529335e-14	2.577423e-16	1.490557e-16	1.709411e-14
9.718152e+04	1.525810e-14	2.851581e-16	1.663198e-16	1.703264e-14
9.721861e+04	1.522750e-14	3.084980e-16	1.812583e-16	1.697993e-14
9.726498e+04	1.518945e-14	3.352967e-16	1.987634e-16	1.691709e-14
9.730208e+04	1.515939e-14	3.545243e-16	2.116160e-16	1.687032e-14
9.734845e+04	1.512645e-14	3.749776e-16	2.257046e-16	1.681509e-14
9.739018e+04	1.509761e-14	3.895157e-16	2.361718e-16	1.676986e-14
9.743655e+04	1.506984e-14	4.013348e-16	2.452578e-16	1.672435e-14
9.747828e+04	1.504562e-14	4.085785e-16	2.514032e-16	1.668786e-14
9.752465e+04	1.502307e-14	4.125156e-16	2.557105e-16	1.665109e-14
9.756639e+04	1.500271e-14	4.138126e-16	2.581780e-16	1.662163e-14
9.761276e+04	1.498343e-14	4.131757e-16	2.595855e-16	1.659118e-14
9.765913e+04	1.496386e-14	4.118978e-16	2.605406e-16	1.656133e-14
9.771013e+04	1.494178e-14	4.107867e-16	2.617203e-16	1.652850e-14
9.775187e+04	1.492409e-14	4.116296e-16	2.637662e-16	1.650150e-14
9.780287e+04	1.489982e-14	4.153697e-16	2.679824e-16	1.646518e-14
9.784924e+04	1.487799e-14	4.205912e-16	2.729875e-16	1.643042e-14
9.790025e+04	1.484982e-14	4.302920e-16	2.810835e-16	1.638917e-14
9.794662e+04	1.482510e-14	4.402169e-16	2.892030e-16	1.635295e-14
9.800226e+04	1.479381e-14	4.531927e-16	2.997017e-16	1.630665e-14
9.804864e+04	1.476729e-14	4.640060e-16	3.084982e-16	1.626808e-14
9.810428e+04	1.473774e-14	4.762598e-16	3.186260e-16	1.622358e-14
9.815065e+04	1.471244e-14	4.855116e-16	3.264604e-16	1.618849e-14
9.820629e+04	1.468413e-14	4.959988e-16	3.354836e-16	1.614817e-14
9.825730e+04	1.465979e-14	5.032780e-16	3.421987e-16	1.611194e-14
9.831294e+04	1.463150e-14	5.122410e-16	3.502370e-16	1.607379e-14
9.836395e+04	1.460758e-14	5.194468e-16	3.569303e-16	1.603795e-14
9.842423e+04	1.457888e-14	5.279765e-16	3.648641e-16	1.599853e-14
9.847524e+04	1.455462e-14	5.346935e-16	3.712416e-16	1.596654e-14
9.853552e+04	1.452624e-14	5.439619e-16	3.797160e-16	1.592622e-14
9.859116e+04	1.449978e-14	5.535731e-16	3.882962e-16	1.588843e-14
9.865145e+04	1.447061e-14	5.633638e-16	3.971790e-16	1.584977e-14
9.870245e+04	1.444455e-14	5.733324e-16	4.059045e-16	1.581366e-14
9.882301e+04	1.438478e-14	5.997100e-16	4.286374e-16	1.573010e-14
9.894358e+04	1.432038e-14	6.305422e-16	4.547481e-16	1.564464e-14
9.906878e+04	1.425419e-14	6.631567e-16	4.825182e-16	1.555567e-14
9.919397e+04	1.419037e-14	6.929711e-16	5.084515e-16	1.547197e-14
