E, cm-1	Sigma_00, cm2	Sigma_01, cm2	Sigma_10, cm2	Sigma_11, cm2	
9.362494e+04	2.313350e-14	0.000000e+00	0.000000e+00	0.000000e+00
9.362505e+04	2.273863e-14	0.000000e+00	0.000000e+00	0.000000e+00
9.362516e+04	2.234712e-14	0.000000e+00	0.000000e+00	0.000000e+00
9.362527e+04	2.482608e-14	0.000000e+00	0.000000e+00	0.000000e+00
9.362538e+04	2.455294e-14	0.000000e+00	0.000000e+00	0.000000e+00
9.362550e+04	2.426832e-14	0.000000e+00	0.000000e+00	0.000000e+00
9.362562e+04	2.397315e-14	0.000000e+00	0.000000e+00	0.000000e+00
9.362575e+04	2.366869e-14	0.000000e+00	0.000000e+00	0.000000e+00
9.362587e+04	2.335662e-14	0.000000e+00	0.000000e+00	0.000000e+00
9.362600e+04	2.303884e-14	0.000000e+00	0.000000e+00	0.000000e+00
9.362614e+04	2.271783e-14	0.000000e+00	0.000000e+00	0.000000e+00
9.362627e+04	2.239593e-14	0.000000e+00	0.000000e+00	0.000000e+00
9.362641e+04	2.207485e-14	0.000000e+00	0.000000e+00	0.000000e+00
9.362656e+04	2.388849e-14	0.000000e+00	0.000000e+00	0.000000e+00
9.362670e+04	2.365797e-14	0.000000e+00	0.000000e+00	0.000000e+00
9.362685e+04	2.341830e-14	0.000000e+00	0.000000e+00	0.000000e+00
9.362700e+04	2.317049e-14	0.000000e+00	0.000000e+00	0.000000e+00
9.362716e+04	2.291598e-14	0.000000e+00	0.000000e+00	0.000000e+00
9.362732e+04	2.265637e-14	0.000000e+00	0.000000e+00	0.000000e+00
9.362748e+04	2.239342e-14	0.000000e+00	0.000000e+00	0.000000e+00
9.362765e+04	2.212911e-14	0.000000e+00	0.000000e+00	0.000000e+00
9.362782e+04	2.342913e-14	0.000000e+00	0.000000e+00	0.000000e+00
9.362800e+04	2.324043e-14	0.000000e+00	0.000000e+00	0.000000e+00
9.362817e+04	2.304384e-14	0.000000e+00	0.000000e+00	0.000000e+00
9.362836e+04	2.284025e-14	0.000000e+00	0.000000e+00	0.000000e+00
9.362855e+04	2.263081e-14	0.000000e+00	0.000000e+00	0.000000e+00
9.362874e+04	2.241678e-14	0.000000e+00	0.000000e+00	0.000000e+00
9.362893e+04	2.219959e-14	0.000000e+00	0.000000e+00	0.000000e+00
9.362914e+04	2.198082e-14	0.000000e+00	0.000000e+00	0.000000e+00
9.362934e+04	2.298428e-14	0.000000e+00	0.000000e+00	0.000000e+00
9.362955e+04	2.282409e-14	0.000000e+00	0.000000e+00	0.000000e+00
9.362977e+04	2.265764e-14	0.000000e+00	0.000000e+00	0.000000e+00
9.362999e+04	2.248567e-14	0.000000e+00	0.000000e+00	0.000000e+00
9.363021e+04	2.230917e-14	0.000000e+00	0.000000e+00	0.000000e+00
9.363044e+04	2.212919e-14	0.000000e+00	0.000000e+00	0.000000e+00
9.363068e+04	2.194674e-14	0.000000e+00	0.000000e+00	0.000000e+00
9.363092e+04	2.176291e-14	0.000000e+00	0.000000e+00	0.000000e+00
9.363117e+04	2.254757e-14	0.000000e+00	0.000000e+00	0.000000e+00
9.363142e+04	2.240526e-14	0.000000e+00	0.000000e+00	0.000000e+00
9.363168e+04	2.225823e-14	0.000000e+00	0.000000e+00	0.000000e+00
9.363195e+04	2.210712e-14	0.000000e+00	0.000000e+00	0.000000e+00
9.363222e+04	2.195277e-14	0.000000e+00	0.000000e+00	0.000000e+00
9.363250e+04	2.179604e-14	0.000000e+00	0.000000e+00	0.000000e+00
9.363278e+04	2.236791e-14	0.000000e+00	0.000000e+00	0.000000e+00
9.363307e+04	2.224694e-14	0.000000e+00	0.000000e+00	0.000000e+00
9.363337e+04	2.212097e-14	0.000000e+00	0.000000e+00	0.000000e+00
9.363367e+04	2.199056e-14	0.000000e+00	0.000000e+00	0.000000e+00
9.363398e+04	2.185659e-14	0.000000e+00	0.000000e+00	0.000000e+00
9.363430e+04	2.171981e-14	0.000000e+00	0.000000e+00	0.000000e+00
9.363463e+04	2.215089e-14	0.000000e+00	0.000000e+00	0.000000e+00
9.363496e+04	2.204132e-14	0.000000e+00	0.000000e+00	0.000000e+00
9.363531e+04	2.192799e-14	0.000000e+00	0.000000e+00	0.000000e+00
9.363565e+04	2.181143e-14	0.000000e+00	0.000000e+00	0.000000e+00
9.363601e+04	2.169217e-14	0.000000e+00	0.000000e+00	0.000000e+00
9.363638e+04	2.157079e-14	0.000000e+00	0.000000e+00	0.000000e+00
9.363675e+04	2.192364e-14	0.000000e+00	0.000000e+00	0.000000e+00
9.363714e+04	2.182288e-14	0.000000e+00	0.000000e+00	0.000000e+00
9.363753e+04	2.171929e-14	0.000000e+00	0.000000e+00	0.000000e+00
9.363793e+04	2.161349e-14	0.000000e+00	0.000000e+00	0.000000e+00
9.363834e+04	2.150583e-14	0.000000e+00	0.000000e+00	0.000000e+00
9.363876e+04	2.139671e-14	0.000000e+00	0.000000e+00	0.000000e+00
9.363919e+04	2.169749e-14	0.000000e+00	0.000000e+00	0.000000e+00
9.363963e+04	2.160467e-14	0.000000e+00	0.000000e+00	0.000000e+00
9.364008e+04	2.150999e-14	0.000000e+00	0.000000e+00	0.000000e+00
9.364054e+04	2.141374e-14	0.000000e+00	0.000000e+00	0.000000e+00
9.364101e+04	2.131623e-14	0.000000e+00	0.000000e+00	0.000000e+00
9.364150e+04	2.156205e-14	0.000000e+00	0.000000e+00	0.000000e+00
9.364199e+04	2.148009e-14	0.000000e+00	0.000000e+00	0.000000e+00
9.364249e+04	2.139627e-14	0.000000e+00	0.000000e+00	0.000000e+00
9.364301e+04	2.131072e-14	0.000000e+00	0.000000e+00	0.000000e+00
9.364354e+04	2.122346e-14	0.000000e+00	0.000000e+00	0.000000e+00
9.364408e+04	2.142022e-14	0.000000e+00	0.000000e+00	0.000000e+00
9.364464e+04	2.134615e-14	0.000000e+00	0.000000e+00	0.000000e+00
9.364520e+04	2.126988e-14	0.000000e+00	0.000000e+00	0.000000e+00
9.364578e+04	2.119144e-14	0.000000e+00	0.000000e+00	0.000000e+00
9.364638e+04	2.134263e-14	0.000000e+00	0.000000e+00	0.000000e+00
9.364698e+04	2.127472e-14	0.000000e+00	0.000000e+00	0.000000e+00
9.364760e+04	2.120454e-14	0.000000e+00	0.000000e+00	0.000000e+00
9.364824e+04	2.113195e-14	0.000000e+00	0.000000e+00	0.000000e+00
9.364889e+04	2.105698e-14	0.000000e+00	0.000000e+00	0.000000e+00
9.364956e+04	2.118216e-14	0.000000e+00	0.000000e+00	0.000000e+00
9.365024e+04	2.111546e-14	0.000000e+00	0.000000e+00	0.000000e+00
9.365094e+04	2.104665e-14	0.000000e+00	0.000000e+00	0.000000e+00
9.365165e+04	2.097574e-14	0.000000e+00	0.000000e+00	0.000000e+00
9.365238e+04	2.107623e-14	0.000000e+00	0.000000e+00	0.000000e+00
9.365313e+04	2.101247e-14	0.000000e+00	0.000000e+00	0.000000e+00
9.365389e+04	2.094675e-14	0.000000e+00	0.000000e+00	0.000000e+00
9.365467e+04	2.087962e-14	0.000000e+00	0.000000e+00	0.000000e+00
9.365548e+04	2.096507e-14	0.000000e+00	0.000000e+00	0.000000e+00
9.365629e+04	2.090476e-14	0.000000e+00	0.000000e+00	0.000000e+00
9.365713e+04	2.084305e-14	0.000000e+00	0.000000e+00	0.000000e+00
9.365799e+04	2.091199e-14	0.000000e+00	0.000000e+00	0.000000e+00
9.365887e+04	2.085702e-14	0.000000e+00	0.000000e+00	0.000000e+00
9.365977e+04	2.080081e-14	0.000000e+00	0.000000e+00	0.000000e+00
9.366069e+04	2.074312e-14	0.000000e+00	0.000000e+00	0.000000e+00
9.366163e+04	2.080240e-14	0.000000e+00	0.000000e+00	0.000000e+00
9.366259e+04	2.075017e-14	0.000000e+00	0.000000e+00	0.000000e+00
9.366358e+04	2.069654e-14	0.000000e+00	0.000000e+00	0.000000e+00
9.366458e+04	2.064155e-14	0.000000e+00	0.000000e+00	0.000000e+00
9.366561e+04	2.069330e-14	0.000000e+00	0.000000e+00	0.000000e+00
9.366667e+04	2.064245e-14	0.000000e+00	0.000000e+00	0.000000e+00
9.366775e+04	2.058959e-14	0.000000e+00	0.000000e+00	0.000000e+00
9.366886e+04	2.062790e-14	0.000000e+00	0.000000e+00	0.000000e+00
9.366999e+04	2.057914e-14	0.000000e+00	0.000000e+00	0.000000e+00
9.367114e+04	2.052877e-14	0.000000e+00	0.000000e+00	0.000000e+00
9.367233e+04	2.055685e-14	0.000000e+00	0.000000e+00	0.000000e+00
9.367354e+04	2.051013e-14	0.000000e+00	0.000000e+00	0.000000e+00
9.367478e+04	2.046215e-14	0.000000e+00	0.000000e+00	0.000000e+00
9.367605e+04	2.048706e-14	0.000000e+00	0.000000e+00	0.000000e+00
9.367735e+04	2.044167e-14	0.000000e+00	0.000000e+00	0.000000e+00
9.367868e+04	2.039536e-14	0.000000e+00	0.000000e+00	0.000000e+00
9.368004e+04	2.041755e-14	0.000000e+00	0.000000e+00	0.000000e+00
9.368143e+04	2.037432e-14	0.000000e+00	0.000000e+00	0.000000e+00
9.368285e+04	2.032974e-14	0.000000e+00	0.000000e+00	0.000000e+00
9.368431e+04	2.034490e-14	0.000000e+00	0.000000e+00	0.000000e+00
9.368580e+04	2.030276e-14	0.000000e+00	0.000000e+00	0.000000e+00
9.368733e+04	2.025938e-14	0.000000e+00	0.000000e+00	0.000000e+00
9.368889e+04	2.026846e-14	0.000000e+00	0.000000e+00	0.000000e+00
9.369048e+04	2.022646e-14	0.000000e+00	0.000000e+00	0.000000e+00
9.369212e+04	2.018352e-14	0.000000e+00	0.000000e+00	0.000000e+00
9.369379e+04	2.019116e-14	0.000000e+00	0.000000e+00	0.000000e+00
9.369550e+04	2.014993e-14	0.000000e+00	0.000000e+00	0.000000e+00
9.369726e+04	2.015321e-14	0.000000e+00	0.000000e+00	0.000000e+00
9.369905e+04	2.011361e-14	0.000000e+00	0.000000e+00	0.000000e+00
9.370088e+04	2.007365e-14	0.000000e+00	0.000000e+00	0.000000e+00
9.370276e+04	2.007751e-14	0.000000e+00	0.000000e+00	0.000000e+00
9.370468e+04	2.003999e-14	0.000000e+00	0.000000e+00	0.000000e+00
9.370664e+04	2.003824e-14	0.000000e+00	0.000000e+00	0.000000e+00
9.370866e+04	2.000238e-14	0.000000e+00	0.000000e+00	0.000000e+00
9.371071e+04	1.996590e-14	0.000000e+00	0.000000e+00	0.000000e+00
9.371282e+04	1.996396e-14	0.000000e+00	0.000000e+00	0.000000e+00
9.371498e+04	1.992852e-14	0.000000e+00	0.000000e+00	0.000000e+00
9.371718e+04	1.992387e-14	0.000000e+00	0.000000e+00	0.000000e+00
9.371944e+04	1.988924e-14	0.000000e+00	0.000000e+00	0.000000e+00
9.372175e+04	1.988340e-14	0.000000e+00	0.000000e+00	0.000000e+00
9.372411e+04	1.984937e-14	0.000000e+00	0.000000e+00	0.000000e+00
9.372653e+04	1.981578e-14	0.000000e+00	0.000000e+00	0.000000e+00
9.372900e+04	1.980983e-14	0.000000e+00	0.000000e+00	0.000000e+00
9.373153e+04	1.977700e-14	0.000000e+00	0.000000e+00	0.000000e+00
9.373412e+04	1.976989e-14	0.000000e+00	0.000000e+00	0.000000e+00
9.373678e+04	1.973789e-14	0.000000e+00	0.000000e+00	0.000000e+00
9.373949e+04	1.972970e-14	0.000000e+00	0.000000e+00	0.000000e+00
9.374227e+04	1.969858e-14	0.000000e+00	0.000000e+00	0.000000e+00
9.374511e+04	1.968855e-14	0.000000e+00	0.000000e+00	0.000000e+00
9.374801e+04	1.965834e-14	0.000000e+00	0.000000e+00	0.000000e+00
9.375099e+04	1.964730e-14	0.000000e+00	0.000000e+00	0.000000e+00
9.375403e+04	1.961777e-14	0.000000e+00	0.000000e+00	0.000000e+00
9.375715e+04	1.960617e-14	0.000000e+00	0.000000e+00	0.000000e+00
9.376034e+04	1.957701e-14	0.000000e+00	0.000000e+00	0.000000e+00
9.376360e+04	1.956442e-14	0.000000e+00	0.000000e+00	0.000000e+00
9.376693e+04	1.953512e-14	0.000000e+00	0.000000e+00	0.000000e+00
9.377035e+04	1.952129e-14	0.000000e+00	0.000000e+00	0.000000e+00
9.377385e+04	1.949120e-14	0.000000e+00	0.000000e+00	0.000000e+00
9.377742e+04	1.947636e-14	0.000000e+00	0.000000e+00	0.000000e+00
9.378108e+04	1.946033e-14	0.000000e+00	0.000000e+00	0.000000e+00
9.378483e+04	1.943031e-14	0.000000e+00	0.000000e+00	0.000000e+00
9.378866e+04	1.941333e-14	0.000000e+00	0.000000e+00	0.000000e+00
9.379258e+04	1.938277e-14	0.000000e+00	0.000000e+00	0.000000e+00
9.379659e+04	1.936464e-14	0.000000e+00	0.000000e+00	0.000000e+00
9.380070e+04	1.933337e-14	0.000000e+00	0.000000e+00	0.000000e+00
9.380490e+04	1.931434e-14	0.000000e+00	0.000000e+00	0.000000e+00
9.380920e+04	1.929375e-14	0.000000e+00	0.000000e+00	0.000000e+00
9.381360e+04	1.926294e-14	0.000000e+00	0.000000e+00	0.000000e+00
9.381810e+04	1.924168e-14	0.000000e+00	0.000000e+00	0.000000e+00
9.382271e+04	1.921959e-14	0.000000e+00	0.000000e+00	0.000000e+00
9.382743e+04	1.918828e-14	0.000000e+00	0.000000e+00	0.000000e+00
9.383225e+04	1.916539e-14	0.000000e+00	0.000000e+00	0.000000e+00
9.383719e+04	1.913403e-14	0.000000e+00	0.000000e+00	0.000000e+00
9.384224e+04	1.911100e-14	0.000000e+00	0.000000e+00	0.000000e+00
9.384741e+04	1.908801e-14	0.000000e+00	0.000000e+00	0.000000e+00
9.385270e+04	1.905753e-14	0.000000e+00	0.000000e+00	0.000000e+00
9.385811e+04	1.903477e-14	0.000000e+00	0.000000e+00	0.000000e+00
9.386365e+04	1.901238e-14	0.000000e+00	0.000000e+00	0.000000e+00
9.386932e+04	1.898244e-14	0.000000e+00	0.000000e+00	0.000000e+00
9.387512e+04	1.895977e-14	0.000000e+00	0.000000e+00	0.000000e+00
9.388106e+04	1.893751e-14	0.000000e+00	0.000000e+00	0.000000e+00
9.388713e+04	1.891492e-14	0.000000e+00	0.000000e+00	0.000000e+00
9.389335e+04	1.888555e-14	0.000000e+00	0.000000e+00	0.000000e+00
9.389971e+04	1.886268e-14	0.000000e+00	0.000000e+00	0.000000e+00
9.390622e+04	1.883975e-14	0.000000e+00	0.000000e+00	0.000000e+00
9.391287e+04	1.881609e-14	0.000000e+00	0.000000e+00	0.000000e+00
9.391969e+04	1.878627e-14	0.000000e+00	0.000000e+00	0.000000e+00
9.392666e+04	1.876253e-14	0.000000e+00	0.000000e+00	0.000000e+00
9.393380e+04	1.873799e-14	0.000000e+00	0.000000e+00	0.000000e+00
9.394110e+04	1.871243e-14	0.000000e+00	0.000000e+00	0.000000e+00
9.394857e+04	1.868137e-14	0.000000e+00	0.000000e+00	0.000000e+00
9.395622e+04	1.865557e-14	0.000000e+00	0.000000e+00	0.000000e+00
9.396405e+04	1.862962e-14	0.000000e+00	0.000000e+00	0.000000e+00
9.397205e+04	1.860296e-14	0.000000e+00	0.000000e+00	0.000000e+00
9.398025e+04	1.857614e-14	0.000000e+00	0.000000e+00	0.000000e+00
9.398863e+04	1.854930e-14	0.000000e+00	0.000000e+00	0.000000e+00
9.399721e+04	1.851862e-14	0.000000e+00	0.000000e+00	0.000000e+00
9.400599e+04	1.849255e-14	0.000000e+00	0.000000e+00	0.000000e+00
9.401497e+04	1.846670e-14	0.000000e+00	0.000000e+00	0.000000e+00
9.402417e+04	1.844061e-14	0.000000e+00	0.000000e+00	0.000000e+00
9.403357e+04	1.841439e-14	0.000000e+00	0.000000e+00	0.000000e+00
9.404320e+04	1.838793e-14	0.000000e+00	0.000000e+00	0.000000e+00
9.405305e+04	1.836102e-14	0.000000e+00	0.000000e+00	0.000000e+00
9.406313e+04	1.833371e-14	0.000000e+00	0.000000e+00	0.000000e+00
9.407344e+04	1.830620e-14	0.000000e+00	0.000000e+00	0.000000e+00
9.408400e+04	1.827528e-14	0.000000e+00	0.000000e+00	0.000000e+00
9.409480e+04	1.824723e-14	0.000000e+00	0.000000e+00	0.000000e+00
9.410585e+04	1.821898e-14	0.000000e+00	0.000000e+00	0.000000e+00
9.411716e+04	1.819060e-14	0.000000e+00	0.000000e+00	0.000000e+00
9.412874e+04	1.816238e-14	0.000000e+00	0.000000e+00	0.000000e+00
9.414058e+04	1.813422e-14	0.000000e+00	0.000000e+00	0.000000e+00
9.415270e+04	1.810595e-14	0.000000e+00	0.000000e+00	0.000000e+00
9.416510e+04	1.807767e-14	0.000000e+00	0.000000e+00	0.000000e+00
9.417779e+04	1.804936e-14	0.000000e+00	0.000000e+00	0.000000e+00
9.419078e+04	1.802260e-14	0.000000e+00	0.000000e+00	0.000000e+00
9.420406e+04	1.799348e-14	0.000000e+00	0.000000e+00	0.000000e+00
9.421766e+04	1.796381e-14	0.000000e+00	0.000000e+00	0.000000e+00
9.423158e+04	1.793456e-14	0.000000e+00	0.000000e+00	0.000000e+00
9.424581e+04	1.790507e-14	0.000000e+00	0.000000e+00	0.000000e+00
9.426038e+04	1.787560e-14	0.000000e+00	0.000000e+00	0.000000e+00
9.427529e+04	1.784607e-14	0.000000e+00	0.000000e+00	0.000000e+00
9.429055e+04	1.781651e-14	0.000000e+00	0.000000e+00	0.000000e+00
9.430616e+04	1.778677e-14	0.000000e+00	0.000000e+00	0.000000e+00
9.432214e+04	1.775646e-14	0.000000e+00	0.000000e+00	0.000000e+00
9.433849e+04	1.772789e-14	0.000000e+00	0.000000e+00	0.000000e+00
9.435521e+04	1.769800e-14	0.000000e+00	0.000000e+00	0.000000e+00
9.437233e+04	1.766772e-14	0.000000e+00	0.000000e+00	0.000000e+00
9.438985e+04	1.763672e-14	0.000000e+00	0.000000e+00	0.000000e+00
9.440778e+04	1.760807e-14	0.000000e+00	0.000000e+00	0.000000e+00
9.442612e+04	1.757749e-14	0.000000e+00	0.000000e+00	0.000000e+00
9.444489e+04	1.754634e-14	0.000000e+00	0.000000e+00	0.000000e+00
9.446410e+04	1.751629e-14	0.000000e+00	0.000000e+00	0.000000e+00
9.448375e+04	1.748622e-14	0.000000e+00	0.000000e+00	0.000000e+00
9.450386e+04	1.745530e-14	0.000000e+00	0.000000e+00	0.000000e+00
9.452444e+04	1.742498e-14	0.000000e+00	0.000000e+00	0.000000e+00
9.454550e+04	1.739380e-14	0.000000e+00	0.000000e+00	0.000000e+00
9.456705e+04	1.736330e-14	0.000000e+00	0.000000e+00	0.000000e+00
9.458911e+04	1.733212e-14	0.000000e+00	0.000000e+00	0.000000e+00
9.461167e+04	1.730109e-14	0.000000e+00	0.000000e+00	0.000000e+00
9.463477e+04	1.726982e-14	0.000000e+00	0.000000e+00	0.000000e+00
9.465839e+04	1.723805e-14	0.000000e+00	0.000000e+00	0.000000e+00
9.468258e+04	1.720693e-14	0.000000e+00	0.000000e+00	0.000000e+00
9.470732e+04	1.717559e-14	0.000000e+00	0.000000e+00	0.000000e+00
9.473264e+04	1.714392e-14	0.000000e+00	0.000000e+00	0.000000e+00
9.475855e+04	1.711277e-14	0.000000e+00	0.000000e+00	0.000000e+00
9.478506e+04	1.708097e-14	0.000000e+00	0.000000e+00	0.000000e+00
9.481219e+04	1.704928e-14	0.000000e+00	0.000000e+00	0.000000e+00
9.483996e+04	1.701746e-14	0.000000e+00	0.000000e+00	0.000000e+00
9.486836e+04	1.698438e-14	0.000000e+00	0.000000e+00	0.000000e+00
9.489744e+04	1.695320e-14	0.000000e+00	0.000000e+00	0.000000e+00
9.492718e+04	1.692141e-14	0.000000e+00	0.000000e+00	0.000000e+00
9.495763e+04	1.688825e-14	0.000000e+00	0.000000e+00	0.000000e+00
9.498878e+04	1.685556e-14	0.000000e+00	0.000000e+00	0.000000e+00
9.502065e+04	1.682408e-14	0.000000e+00	0.000000e+00	0.000000e+00
9.505327e+04	1.679135e-14	0.000000e+00	0.000000e+00	0.000000e+00
9.508665e+04	1.675844e-14	0.000000e+00	0.000000e+00	0.000000e+00
9.512080e+04	1.672463e-14	1.576180e-21	1.721009e-23	2.313101e-14
9.515576e+04	1.669167e-14	2.636468e-21	8.814528e-23	2.220749e-14
9.519152e+04	1.665872e-14	2.566347e-21	1.422650e-22	2.168186e-14
9.522812e+04	1.662577e-14	2.236711e-21	1.720831e-22	2.129837e-14
9.526557e+04	1.659289e-14	1.543671e-21	1.511984e-22	2.100103e-14
9.530389e+04	1.655956e-14	1.428263e-21	1.692213e-22	2.075281e-14
9.534311e+04	1.652619e-14	2.123419e-21	2.941919e-22	2.052676e-14
9.538324e+04	1.649273e-14	1.757807e-21	2.780067e-22	2.032522e-14
9.542430e+04	1.645917e-14	1.125618e-21	1.995925e-22	2.014431e-14
9.546632e+04	1.642543e-14	2.746893e-21	5.385138e-22	1.997789e-14
9.550932e+04	1.639134e-14	2.633433e-21	5.644630e-22	1.982107e-14
9.555332e+04	1.635801e-14	1.871548e-21	4.346270e-22	1.967587e-14
9.559835e+04	1.632401e-14	1.951021e-21	4.871801e-22	1.954008e-14
9.564442e+04	1.628926e-14	1.620657e-21	4.323653e-22	1.941118e-14
9.569157e+04	1.625507e-14	1.645547e-21	4.664699e-22	1.929117e-14
9.573982e+04	1.622100e-14	2.084893e-21	6.250180e-22	1.917651e-14
9.578919e+04	1.618702e-14	2.278410e-21	7.193464e-22	1.906403e-14
9.583971e+04	1.615300e-14	1.869233e-21	6.192753e-22	1.895812e-14
9.589140e+04	1.611824e-14	2.646459e-21	9.170525e-22	1.885560e-14
9.594431e+04	1.608411e-14	5.223866e-21	1.887882e-21	1.875619e-14
9.599844e+04	1.604949e-14	9.901326e-21	3.722225e-21	1.866148e-14
9.605383e+04	1.601460e-14	2.051407e-20	8.003310e-21	1.856968e-14
9.611052e+04	1.598050e-14	4.869312e-20	1.967298e-20	1.847961e-14
9.616852e+04	1.594539e-14	1.218197e-19	5.087019e-20	1.839308e-14
9.622788e+04	1.591087e-14	2.983327e-19	1.285346e-19	1.830714e-14
9.628861e+04	1.587484e-14	6.935953e-19	3.078168e-19	1.822609e-14
9.635077e+04	1.584029e-14	1.516346e-18	6.921505e-19	1.814621e-14
9.641437e+04	1.580483e-14	3.120877e-18	1.463167e-18	1.806746e-14
9.647945e+04	1.577033e-14	6.064635e-18	2.916622e-18	1.799125e-14
9.654605e+04	1.573430e-14	1.117346e-17	5.505595e-18	1.791618e-14
9.661420e+04	1.569886e-14	1.962583e-17	9.897014e-18	1.784246e-14
9.668394e+04	1.566414e-14	3.302845e-17	1.702845e-17	1.777034e-14
9.675530e+04	1.562799e-14	5.349407e-17	2.816976e-17	1.769762e-14
9.682832e+04	1.559217e-14	8.376804e-17	4.501460e-17	1.762770e-14
9.690304e+04	1.555672e-14	1.271584e-16	6.967043e-17	1.755898e-14
9.697951e+04	1.552051e-14	1.875903e-16	1.047117e-16	1.749104e-14
9.705776e+04	1.548442e-14	2.696226e-16	1.532131e-16	1.742450e-14
9.713782e+04	1.544801e-14	3.782896e-16	2.186810e-16	1.735861e-14
9.721976e+04	1.541165e-14	5.190907e-16	3.050605e-16	1.729211e-14
9.730360e+04	1.537522e-14	6.982817e-16	4.169216e-16	1.722856e-14
9.738940e+04	1.533962e-14	9.224416e-16	5.592207e-16	1.716515e-14
9.747719e+04	1.530274e-14	1.198399e-15	7.372583e-16	1.710114e-14
9.756703e+04	1.526555e-14	1.533985e-15	9.571478e-16	1.704003e-14
9.765896e+04	1.523019e-14	1.937072e-15	1.225240e-15	1.697877e-14
9.775303e+04	1.519241e-14	2.413966e-15	1.547078e-15	1.691689e-14
9.784929e+04	1.515580e-14	2.972312e-15	1.929211e-15	1.685748e-14
9.794780e+04	1.511904e-14	3.613892e-15	2.374505e-15	1.679680e-14
9.804860e+04	1.508211e-14	4.336873e-15	2.883394e-15	1.673861e-14
9.815175e+04	1.504503e-14	5.127314e-15	3.448039e-15	1.667903e-14
9.825730e+04	1.500677e-14	5.961484e-15	4.053449e-15	1.662154e-14
9.836531e+04	1.496976e-14	6.803160e-15	4.675302e-15	1.656409e-14
9.847584e+04	1.493276e-14	7.614666e-15	5.287203e-15	1.650596e-14
9.858894e+04	1.489563e-14	8.364152e-15	5.865799e-15	1.645012e-14
9.870467e+04	1.485693e-14	9.027860e-15	6.392641e-15	1.639384e-14
9.882310e+04	1.482017e-14	9.598126e-15	6.860221e-15	1.633740e-14
9.894429e+04	1.478151e-14	1.007368e-14	7.265532e-15	1.628223e-14
9.906830e+04	1.474419e-14	1.045991e-14	7.610469e-15	1.622673e-14
9.919520e+04	1.470636e-14	1.076779e-14	7.901250e-15	1.617162e-14
9.932506e+04	1.466826e-14	1.100556e-14	8.142407e-15	1.611679e-14
9.945794e+04	1.462982e-14	1.118374e-14	8.340466e-15	1.606260e-14
9.959391e+04	1.459136e-14	1.131116e-14	8.500951e-15	1.600833e-14
9.973306e+04	1.455249e-14	1.139427e-14	8.627851e-15	1.595438e-14
9.987544e+04	1.451388e-14	1.144287e-14	8.727887e-15	1.590096e-14
1.000211e+05	1.447486e-14	1.146206e-14	8.804427e-15	1.584765e-14
1.001702e+05	1.443638e-14	1.145473e-14	8.859257e-15	1.579405e-14
1.003228e+05	1.439756e-14	1.142538e-14	8.895482e-15	1.574187e-14
1.004789e+05	1.435897e-14	1.138210e-14	8.919157e-15	1.569011e-14
1.006387e+05	1.432002e-14	1.132033e-14	8.926511e-15	1.563687e-14
1.008022e+05	1.428092e-14	1.124701e-14	8.922836e-15	1.558537e-14
1.009694e+05	1.424223e-14	1.116306e-14	8.908746e-15	1.553288e-14
1.011406e+05	1.420134e-14	1.106755e-14	8.883393e-15	1.548108e-14
