E, cm-1	Sigma_00, cm2	Sigma_01, cm2	Sigma_10, cm2	Sigma_11, cm2	
9.3624937000e+04	3.3264097851e-14	0.0000000000e+00	0.0000000000e+00	0.0000000000e+00
9.3625045010e+04	3.2116387242e-14	0.0000000000e+00	0.0000000000e+00	0.0000000000e+00
9.3625155535e+04	3.1011897052e-14	0.0000000000e+00	0.0000000000e+00	0.0000000000e+00
9.3625268635e+04	2.9951635087e-14	0.0000000000e+00	0.0000000000e+00	0.0000000000e+00
9.3625384369e+04	3.9879268951e-14	0.0000000000e+00	0.0000000000e+00	0.0000000000e+00
9.3625502800e+04	3.8684221899e-14	0.0000000000e+00	0.0000000000e+00	0.0000000000e+00
9.3625623988e+04	3.7506646005e-14	0.0000000000e+00	0.0000000000e+00	0.0000000000e+00
9.3625748000e+04	3.6351867663e-14	0.0000000000e+00	0.0000000000e+00	0.0000000000e+00
9.3625874900e+04	3.5224202717e-14	0.0000000000e+00	0.0000000000e+00	0.0000000000e+00
9.3626004756e+04	3.4127012686e-14	0.0000000000e+00	0.0000000000e+00	0.0000000000e+00
9.3626137637e+04	3.3062772927e-14	0.0000000000e+00	0.0000000000e+00	0.0000000000e+00
9.3626273613e+04	3.2033148803e-14	0.0000000000e+00	0.0000000000e+00	0.0000000000e+00
9.3626412756e+04	4.0116577768e-14	0.0000000000e+00	0.0000000000e+00	0.0000000000e+00
9.3626555141e+04	3.9047940983e-14	0.0000000000e+00	0.0000000000e+00	0.0000000000e+00
9.3626700842e+04	3.7986538237e-14	0.0000000000e+00	0.0000000000e+00	0.0000000000e+00
9.3626849937e+04	3.6938167193e-14	0.0000000000e+00	0.0000000000e+00	0.0000000000e+00
9.3627002504e+04	3.5907531883e-14	0.0000000000e+00	0.0000000000e+00	0.0000000000e+00
9.3627158626e+04	3.4898258940e-14	0.0000000000e+00	0.0000000000e+00	0.0000000000e+00
9.3627318384e+04	4.1402051691e-14	0.0000000000e+00	0.0000000000e+00	0.0000000000e+00
9.3627481863e+04	4.0451896704e-14	0.0000000000e+00	0.0000000000e+00	0.0000000000e+00
9.3627649150e+04	3.9491853991e-14	0.0000000000e+00	0.0000000000e+00	0.0000000000e+00
9.3627820333e+04	3.8529179763e-14	0.0000000000e+00	0.0000000000e+00	0.0000000000e+00
9.3627995504e+04	3.7570152355e-14	0.0000000000e+00	0.0000000000e+00	0.0000000000e+00
9.3628174756e+04	3.6619946225e-14	0.0000000000e+00	0.0000000000e+00	0.0000000000e+00
9.3628358182e+04	4.1770162600e-14	0.0000000000e+00	0.0000000000e+00	0.0000000000e+00
9.3628545882e+04	4.0925549139e-14	0.0000000000e+00	0.0000000000e+00	0.0000000000e+00
9.3628737953e+04	4.0060122835e-14	0.0000000000e+00	0.0000000000e+00	0.0000000000e+00
9.3628934498e+04	3.9181585884e-14	0.0000000000e+00	0.0000000000e+00	0.0000000000e+00
9.3629135621e+04	3.8296945199e-14	0.0000000000e+00	0.0000000000e+00	0.0000000000e+00
9.3629341429e+04	3.7412236159e-14	0.0000000000e+00	0.0000000000e+00	0.0000000000e+00
9.3629552031e+04	3.6532349384e-14	0.0000000000e+00	0.0000000000e+00	0.0000000000e+00
9.3629767539e+04	3.5660949000e-14	0.0000000000e+00	0.0000000000e+00	0.0000000000e+00
9.3629988066e+04	3.4800469522e-14	0.0000000000e+00	0.0000000000e+00	0.0000000000e+00
9.3630213730e+04	3.3952177585e-14	0.0000000000e+00	0.0000000000e+00	0.0000000000e+00
9.3630444651e+04	3.3116285669e-14	0.0000000000e+00	0.0000000000e+00	0.0000000000e+00
9.3630680950e+04	3.2292110191e-14	0.0000000000e+00	0.0000000000e+00	0.0000000000e+00
9.3630922753e+04	3.6673885007e-14	0.0000000000e+00	0.0000000000e+00	0.0000000000e+00
9.3631170189e+04	3.5852306352e-14	0.0000000000e+00	0.0000000000e+00	0.0000000000e+00
9.3631423388e+04	3.5038468396e-14	0.0000000000e+00	0.0000000000e+00	0.0000000000e+00
9.3631682485e+04	3.4233697059e-14	0.0000000000e+00	0.0000000000e+00	0.0000000000e+00
9.3631947617e+04	3.3438133151e-14	0.0000000000e+00	0.0000000000e+00	0.0000000000e+00
9.3632218925e+04	3.7081162579e-14	0.0000000000e+00	0.0000000000e+00	0.0000000000e+00
9.3632496553e+04	3.6304431559e-14	0.0000000000e+00	0.0000000000e+00	0.0000000000e+00
9.3632780647e+04	3.5533220930e-14	0.0000000000e+00	0.0000000000e+00	0.0000000000e+00
9.3633071358e+04	3.4769730369e-14	0.0000000000e+00	0.0000000000e+00	0.0000000000e+00
9.3633368842e+04	3.4014723664e-14	0.0000000000e+00	0.0000000000e+00	0.0000000000e+00
9.3633673254e+04	3.7063852775e-14	0.0000000000e+00	0.0000000000e+00	0.0000000000e+00
9.3633984757e+04	3.6336458996e-14	0.0000000000e+00	0.0000000000e+00	0.0000000000e+00
9.3634303516e+04	3.5614451341e-14	0.0000000000e+00	0.0000000000e+00	0.0000000000e+00
9.3634629700e+04	3.4900350151e-14	0.0000000000e+00	0.0000000000e+00	0.0000000000e+00
9.3634963482e+04	3.7458702288e-14	0.0000000000e+00	0.0000000000e+00	0.0000000000e+00
9.3635305038e+04	3.6782005165e-14	0.0000000000e+00	0.0000000000e+00	0.0000000000e+00
9.3635654550e+04	3.6107684507e-14	0.0000000000e+00	0.0000000000e+00	0.0000000000e+00
9.3636012204e+04	3.5439609114e-14	0.0000000000e+00	0.0000000000e+00	0.0000000000e+00
9.3636378188e+04	3.4779877139e-14	0.0000000000e+00	0.0000000000e+00	0.0000000000e+00
9.3636752697e+04	3.4128769046e-14	0.0000000000e+00	0.0000000000e+00	0.0000000000e+00
9.3637135929e+04	3.3484867862e-14	0.0000000000e+00	0.0000000000e+00	0.0000000000e+00
9.3637528089e+04	3.2845334103e-14	0.0000000000e+00	0.0000000000e+00	0.0000000000e+00
9.3637929382e+04	3.2206299427e-14	0.0000000000e+00	0.0000000000e+00	0.0000000000e+00
9.3638340023e+04	3.4513276363e-14	0.0000000000e+00	0.0000000000e+00	0.0000000000e+00
9.3638760229e+04	3.3912413555e-14	0.0000000000e+00	0.0000000000e+00	0.0000000000e+00
9.3639190223e+04	3.3315499683e-14	0.0000000000e+00	0.0000000000e+00	0.0000000000e+00
9.3639630233e+04	3.2718491854e-14	0.0000000000e+00	0.0000000000e+00	0.0000000000e+00
9.3640080492e+04	3.4707267023e-14	0.0000000000e+00	0.0000000000e+00	0.0000000000e+00
9.3640541239e+04	3.4140559924e-14	0.0000000000e+00	0.0000000000e+00	0.0000000000e+00
9.3641012718e+04	3.3575990753e-14	0.0000000000e+00	0.0000000000e+00	0.0000000000e+00
9.3641495179e+04	3.5280018513e-14	0.0000000000e+00	0.0000000000e+00	0.0000000000e+00
9.3641988879e+04	3.4733977886e-14	0.0000000000e+00	0.0000000000e+00	0.0000000000e+00
9.3642494077e+04	3.4190264894e-14	0.0000000000e+00	0.0000000000e+00	0.0000000000e+00
9.3643011044e+04	3.3646566619e-14	0.0000000000e+00	0.0000000000e+00	0.0000000000e+00
9.3643540052e+04	3.5131153292e-14	0.0000000000e+00	0.0000000000e+00	0.0000000000e+00
9.3644081382e+04	3.4601092830e-14	0.0000000000e+00	0.0000000000e+00	0.0000000000e+00
9.3644635322e+04	3.4072244246e-14	0.0000000000e+00	0.0000000000e+00	0.0000000000e+00
9.3645202164e+04	3.3542514064e-14	0.0000000000e+00	0.0000000000e+00	0.0000000000e+00
9.3645782210e+04	3.3008180986e-14	0.0000000000e+00	0.0000000000e+00	0.0000000000e+00
9.3646375767e+04	3.2464469374e-14	0.0000000000e+00	0.0000000000e+00	0.0000000000e+00
9.3646983150e+04	3.1906354736e-14	0.0000000000e+00	0.0000000000e+00	0.0000000000e+00
9.3647604680e+04	3.3299234951e-14	0.0000000000e+00	0.0000000000e+00	0.0000000000e+00
9.3648240688e+04	3.2781122102e-14	0.0000000000e+00	0.0000000000e+00	0.0000000000e+00
9.3648891510e+04	3.2253895389e-14	0.0000000000e+00	0.0000000000e+00	0.0000000000e+00
9.3649557492e+04	3.3465860656e-14	0.0000000000e+00	0.0000000000e+00	0.0000000000e+00
9.3650238987e+04	3.2974849258e-14	0.0000000000e+00	0.0000000000e+00	0.0000000000e+00
9.3650936355e+04	3.2479238982e-14	0.0000000000e+00	0.0000000000e+00	0.0000000000e+00
9.3651649968e+04	3.3550964047e-14	0.0000000000e+00	0.0000000000e+00	0.0000000000e+00
9.3652380202e+04	3.3088075933e-14	0.0000000000e+00	0.0000000000e+00	0.0000000000e+00
9.3653127446e+04	3.2623057805e-14	0.0000000000e+00	0.0000000000e+00	0.0000000000e+00
9.3653892095e+04	3.3582766312e-14	0.0000000000e+00	0.0000000000e+00	0.0000000000e+00
9.3654674556e+04	3.3145259680e-14	0.0000000000e+00	0.0000000000e+00	0.0000000000e+00
9.3655475242e+04	3.2705443705e-14	0.0000000000e+00	0.0000000000e+00	0.0000000000e+00
9.3656294579e+04	3.2256196200e-14	0.0000000000e+00	0.0000000000e+00	0.0000000000e+00
9.3657133000e+04	3.1790180138e-14	0.0000000000e+00	0.0000000000e+00	0.0000000000e+00
9.3657990951e+04	3.1301465473e-14	0.0000000000e+00	0.0000000000e+00	0.0000000000e+00
9.3658868886e+04	3.2290099239e-14	0.0000000000e+00	0.0000000000e+00	0.0000000000e+00
9.3659767271e+04	3.1835463946e-14	0.0000000000e+00	0.0000000000e+00	0.0000000000e+00
9.3660686582e+04	3.1356138323e-14	0.0000000000e+00	0.0000000000e+00	0.0000000000e+00
9.3661627306e+04	3.2244004297e-14	0.0000000000e+00	0.0000000000e+00	0.0000000000e+00
9.3662589943e+04	3.1793824763e-14	0.0000000000e+00	0.0000000000e+00	0.0000000000e+00
9.3663575002e+04	3.2550955466e-14	0.0000000000e+00	0.0000000000e+00	0.0000000000e+00
9.3664583006e+04	3.2124764162e-14	0.0000000000e+00	0.0000000000e+00	0.0000000000e+00
9.3665614490e+04	3.1679804558e-14	0.0000000000e+00	0.0000000000e+00	0.0000000000e+00
9.3666670000e+04	3.2374895059e-14	0.0000000000e+00	0.0000000000e+00	0.0000000000e+00
9.3667750096e+04	3.1958038808e-14	0.0000000000e+00	0.0000000000e+00	0.0000000000e+00
9.3668855351e+04	3.1523704309e-14	0.0000000000e+00	0.0000000000e+00	0.0000000000e+00
9.3669986350e+04	3.1068218715e-14	0.0000000000e+00	0.0000000000e+00	0.0000000000e+00
9.3671143694e+04	3.0591859274e-14	0.0000000000e+00	0.0000000000e+00	0.0000000000e+00
9.3672327996e+04	3.1351635680e-14	0.0000000000e+00	0.0000000000e+00	0.0000000000e+00
9.3673539883e+04	3.0907145822e-14	0.0000000000e+00	0.0000000000e+00	0.0000000000e+00
9.3674780000e+04	3.1580591751e-14	0.0000000000e+00	0.0000000000e+00	0.0000000000e+00
9.3676049002e+04	3.1162231433e-14	0.0000000000e+00	0.0000000000e+00	0.0000000000e+00
9.3677347563e+04	3.1757225855e-14	0.0000000000e+00	0.0000000000e+00	0.0000000000e+00
9.3678676371e+04	3.1357334056e-14	0.0000000000e+00	0.0000000000e+00	0.0000000000e+00
9.3680036132e+04	3.0929365659e-14	0.0000000000e+00	0.0000000000e+00	0.0000000000e+00
9.3681427565e+04	3.1493525784e-14	0.0000000000e+00	0.0000000000e+00	0.0000000000e+00
9.3682851409e+04	3.1078298644e-14	0.0000000000e+00	0.0000000000e+00	0.0000000000e+00
9.3684308418e+04	3.0636060234e-14	0.0000000000e+00	0.0000000000e+00	0.0000000000e+00
9.3685799366e+04	3.0173569541e-14	0.0000000000e+00	0.0000000000e+00	0.0000000000e+00
9.3687325042e+04	3.0748771439e-14	0.0000000000e+00	0.0000000000e+00	0.0000000000e+00
9.3688886256e+04	3.0302398751e-14	0.0000000000e+00	0.0000000000e+00	0.0000000000e+00
9.3690483835e+04	3.0830406277e-14	0.0000000000e+00	0.0000000000e+00	0.0000000000e+00
9.3692118627e+04	3.0403781438e-14	0.0000000000e+00	0.0000000000e+00	0.0000000000e+00
9.3693791497e+04	3.0893079979e-14	0.0000000000e+00	0.0000000000e+00	0.0000000000e+00
9.3695503334e+04	3.0484661309e-14	0.0000000000e+00	0.0000000000e+00	0.0000000000e+00
9.3697255045e+04	3.0937782030e-14	0.0000000000e+00	0.0000000000e+00	0.0000000000e+00
9.3699047558e+04	3.0540856651e-14	0.0000000000e+00	0.0000000000e+00	0.0000000000e+00
9.3700881824e+04	3.0124398517e-14	0.0000000000e+00	0.0000000000e+00	0.0000000000e+00
9.3702758816e+04	2.9697684319e-14	0.0000000000e+00	0.0000000000e+00	0.0000000000e+00
9.3704679529e+04	3.0148564882e-14	0.0000000000e+00	0.0000000000e+00	0.0000000000e+00
9.3706644981e+04	2.9723106226e-14	0.0000000000e+00	0.0000000000e+00	0.0000000000e+00
9.3708656213e+04	3.0137069298e-14	0.0000000000e+00	0.0000000000e+00	0.0000000000e+00
9.3710714294e+04	3.0508025374e-14	0.0000000000e+00	0.0000000000e+00	0.0000000000e+00
9.3712820314e+04	3.0104223608e-14	0.0000000000e+00	0.0000000000e+00	0.0000000000e+00
9.3714975388e+04	3.0455130796e-14	0.0000000000e+00	0.0000000000e+00	0.0000000000e+00
9.3717180662e+04	3.0063441725e-14	0.0000000000e+00	0.0000000000e+00	0.0000000000e+00
9.3719437302e+04	2.9668509361e-14	0.0000000000e+00	0.0000000000e+00	0.0000000000e+00
9.3721746507e+04	2.9278055972e-14	0.0000000000e+00	0.0000000000e+00	0.0000000000e+00
9.3724109499e+04	2.9626430992e-14	0.0000000000e+00	0.0000000000e+00	0.0000000000e+00
9.3726527533e+04	2.9946618747e-14	0.0000000000e+00	0.0000000000e+00	0.0000000000e+00
9.3729001890e+04	2.9558318803e-14	0.0000000000e+00	0.0000000000e+00	0.0000000000e+00
9.3731533882e+04	2.9850802911e-14	0.0000000000e+00	0.0000000000e+00	0.0000000000e+00
9.3734124852e+04	2.9464227682e-14	0.0000000000e+00	0.0000000000e+00	0.0000000000e+00
9.3736776174e+04	2.9735818601e-14	0.0000000000e+00	0.0000000000e+00	0.0000000000e+00
9.3739489252e+04	2.9358866712e-14	0.0000000000e+00	0.0000000000e+00	0.0000000000e+00
9.3742265527e+04	2.8991185588e-14	0.0000000000e+00	0.0000000000e+00	0.0000000000e+00
9.3745106469e+04	2.9253676481e-14	0.0000000000e+00	0.0000000000e+00	0.0000000000e+00
9.3748013585e+04	2.9498660050e-14	0.0000000000e+00	0.0000000000e+00	0.0000000000e+00
9.3750988417e+04	2.9141474847e-14	0.0000000000e+00	0.0000000000e+00	0.0000000000e+00
9.3754032541e+04	2.9365583653e-14	0.0000000000e+00	0.0000000000e+00	0.0000000000e+00
9.3757147572e+04	2.9569789325e-14	0.0000000000e+00	0.0000000000e+00	0.0000000000e+00
9.3760335161e+04	2.9210712490e-14	0.0000000000e+00	0.0000000000e+00	0.0000000000e+00
9.3763596999e+04	2.8855253953e-14	0.0000000000e+00	0.0000000000e+00	0.0000000000e+00
9.3766934815e+04	2.9046813074e-14	0.0000000000e+00	0.0000000000e+00	0.0000000000e+00
9.3770350379e+04	2.9226031686e-14	0.0000000000e+00	0.0000000000e+00	0.0000000000e+00
9.3773845501e+04	2.8886313346e-14	0.0000000000e+00	0.0000000000e+00	0.0000000000e+00
9.3777422035e+04	2.9057203669e-14	0.0000000000e+00	0.0000000000e+00	0.0000000000e+00
9.3781081878e+04	2.9212023099e-14	0.0000000000e+00	0.0000000000e+00	0.0000000000e+00
9.3784826969e+04	2.8873974594e-14	0.0000000000e+00	0.0000000000e+00	0.0000000000e+00
9.3788659294e+04	2.8527106026e-14	0.0000000000e+00	0.0000000000e+00	0.0000000000e+00
9.3792580886e+04	2.8672462551e-14	0.0000000000e+00	0.0000000000e+00	0.0000000000e+00
9.3796593823e+04	2.8805481421e-14	0.0000000000e+00	0.0000000000e+00	0.0000000000e+00
9.3800700234e+04	2.8929242287e-14	0.0000000000e+00	0.0000000000e+00	0.0000000000e+00
9.3804902295e+04	2.8602070733e-14	0.0000000000e+00	0.0000000000e+00	0.0000000000e+00
9.3809202235e+04	2.8722436577e-14	0.0000000000e+00	0.0000000000e+00	0.0000000000e+00
9.3813602333e+04	2.8386002531e-14	0.0000000000e+00	0.0000000000e+00	0.0000000000e+00
9.3818104923e+04	2.8496383892e-14	0.0000000000e+00	0.0000000000e+00	0.0000000000e+00
9.3822712391e+04	2.8593718947e-14	0.0000000000e+00	0.0000000000e+00	0.0000000000e+00
9.3827427182e+04	2.8682469921e-14	0.0000000000e+00	0.0000000000e+00	0.0000000000e+00
9.3832251794e+04	2.8354897962e-14	0.0000000000e+00	0.0000000000e+00	0.0000000000e+00
9.3837188785e+04	2.8448224045e-14	0.0000000000e+00	0.0000000000e+00	0.0000000000e+00
9.3842240774e+04	2.8111035885e-14	0.0000000000e+00	0.0000000000e+00	0.0000000000e+00
9.3847410439e+04	2.8198590314e-14	0.0000000000e+00	0.0000000000e+00	0.0000000000e+00
9.3852700520e+04	2.8273868249e-14	0.0000000000e+00	0.0000000000e+00	0.0000000000e+00
9.3858113824e+04	2.8340673611e-14	0.0000000000e+00	0.0000000000e+00	0.0000000000e+00
9.3863653219e+04	2.8402726814e-14	0.0000000000e+00	0.0000000000e+00	0.0000000000e+00
9.3869321644e+04	2.8074158818e-14	0.0000000000e+00	0.0000000000e+00	0.0000000000e+00
9.3875122103e+04	2.8137889589e-14	0.0000000000e+00	0.0000000000e+00	0.0000000000e+00
9.3881057672e+04	2.7795587278e-14	0.0000000000e+00	0.0000000000e+00	0.0000000000e+00
9.3887131499e+04	2.7848821770e-14	0.0000000000e+00	0.0000000000e+00	0.0000000000e+00
9.3893346803e+04	2.7895061028e-14	0.0000000000e+00	0.0000000000e+00	0.0000000000e+00
9.3899706880e+04	2.7938062235e-14	0.0000000000e+00	0.0000000000e+00	0.0000000000e+00
9.3906215102e+04	2.7602897926e-14	0.0000000000e+00	0.0000000000e+00	0.0000000000e+00
9.3912874921e+04	2.7643480259e-14	0.0000000000e+00	0.0000000000e+00	0.0000000000e+00
9.3919689866e+04	2.7673833615e-14	0.0000000000e+00	0.0000000000e+00	0.0000000000e+00
9.3926663552e+04	2.7696046722e-14	0.0000000000e+00	0.0000000000e+00	0.0000000000e+00
9.3933799676e+04	2.7714908625e-14	0.0000000000e+00	0.0000000000e+00	0.0000000000e+00
9.3941102021e+04	2.7389302447e-14	0.0000000000e+00	0.0000000000e+00	0.0000000000e+00
9.3948574460e+04	2.7745154423e-14	0.0000000000e+00	0.0000000000e+00	0.0000000000e+00
9.3956220955e+04	2.7749926206e-14	0.0000000000e+00	0.0000000000e+00	0.0000000000e+00
9.3964045559e+04	2.7747967143e-14	0.0000000000e+00	0.0000000000e+00	0.0000000000e+00
9.3972052422e+04	2.7427606279e-14	0.0000000000e+00	0.0000000000e+00	0.0000000000e+00
9.3980245788e+04	2.7429841044e-14	0.0000000000e+00	0.0000000000e+00	0.0000000000e+00
9.3988630002e+04	2.7428164713e-14	0.0000000000e+00	0.0000000000e+00	0.0000000000e+00
9.3997209510e+04	2.7419252845e-14	0.0000000000e+00	0.0000000000e+00	0.0000000000e+00
9.4005988861e+04	2.7405435625e-14	0.0000000000e+00	0.0000000000e+00	0.0000000000e+00
9.4014972708e+04	2.7095537866e-14	0.0000000000e+00	0.0000000000e+00	0.0000000000e+00
9.4024165817e+04	2.7375196904e-14	0.0000000000e+00	0.0000000000e+00	0.0000000000e+00
9.4033573060e+04	2.7353406840e-14	0.0000000000e+00	0.0000000000e+00	0.0000000000e+00
9.4043199426e+04	2.7325362828e-14	0.0000000000e+00	0.0000000000e+00	0.0000000000e+00
9.4053050019e+04	2.7015570627e-14	0.0000000000e+00	0.0000000000e+00	0.0000000000e+00
9.4063130062e+04	2.6988403104e-14	0.0000000000e+00	0.0000000000e+00	0.0000000000e+00
9.4073444899e+04	2.7231227550e-14	0.0000000000e+00	0.0000000000e+00	0.0000000000e+00
9.4084000000e+04	2.7190780927e-14	0.0000000000e+00	0.0000000000e+00	0.0000000000e+00
9.4094800961e+04	2.6877698094e-14	0.0000000000e+00	0.0000000000e+00	0.0000000000e+00
9.4105853508e+04	2.7106999777e-14	0.0000000000e+00	0.0000000000e+00	0.0000000000e+00
9.4117163502e+04	2.7060496366e-14	0.0000000000e+00	0.0000000000e+00	0.0000000000e+00
9.4128736940e+04	2.7008515438e-14	0.0000000000e+00	0.0000000000e+00	0.0000000000e+00
9.4140579957e+04	2.6955784676e-14	0.0000000000e+00	0.0000000000e+00	0.0000000000e+00
9.4152698834e+04	2.6902098768e-14	0.0000000000e+00	0.0000000000e+00	0.0000000000e+00
9.4165099996e+04	2.6842694440e-14	0.0000000000e+00	0.0000000000e+00	0.0000000000e+00
9.4177790018e+04	2.6779420940e-14	0.0000000000e+00	0.0000000000e+00	0.0000000000e+00
9.4190775629e+04	2.6716864001e-14	0.0000000000e+00	0.0000000000e+00	0.0000000000e+00
9.4204063713e+04	2.6652050159e-14	0.0000000000e+00	0.0000000000e+00	0.0000000000e+00
9.4217661317e+04	2.6822839272e-14	0.0000000000e+00	0.0000000000e+00	0.0000000000e+00
9.4231575650e+04	2.6514104060e-14	0.0000000000e+00	0.0000000000e+00	0.0000000000e+00
9.4245814089e+04	2.6677015050e-14	0.0000000000e+00	0.0000000000e+00	0.0000000000e+00
9.4260384183e+04	2.6600512594e-14	0.0000000000e+00	0.0000000000e+00	0.0000000000e+00
9.4275293659e+04	2.6523722488e-14	0.0000000000e+00	0.0000000000e+00	0.0000000000e+00
9.4290550422e+04	2.6448672197e-14	0.0000000000e+00	0.0000000000e+00	0.0000000000e+00
9.4306162560e+04	2.6583966254e-14	0.0000000000e+00	0.0000000000e+00	0.0000000000e+00
9.4322138351e+04	2.6500637762e-14	0.0000000000e+00	0.0000000000e+00	0.0000000000e+00
9.4338486266e+04	2.6418953132e-14	0.0000000000e+00	0.0000000000e+00	0.0000000000e+00
9.4355214973e+04	2.6333600568e-14	0.0000000000e+00	0.0000000000e+00	0.0000000000e+00
9.4372333342e+04	2.6447880544e-14	0.0000000000e+00	0.0000000000e+00	0.0000000000e+00
9.4389850449e+04	2.6360181023e-14	0.0000000000e+00	0.0000000000e+00	0.0000000000e+00
9.4407775582e+04	2.6267602158e-14	0.0000000000e+00	0.0000000000e+00	0.0000000000e+00
9.4426118244e+04	2.6369399075e-14	0.0000000000e+00	0.0000000000e+00	0.0000000000e+00
9.4444888162e+04	2.6274551054e-14	0.0000000000e+00	0.0000000000e+00	0.0000000000e+00
9.4464095288e+04	2.6173064642e-14	0.0000000000e+00	0.0000000000e+00	0.0000000000e+00
9.4483749805e+04	2.6264923688e-14	0.0000000000e+00	0.0000000000e+00	0.0000000000e+00
9.4503862135e+04	2.6159659272e-14	0.0000000000e+00	0.0000000000e+00	0.0000000000e+00
9.4524442941e+04	2.6240457307e-14	0.0000000000e+00	0.0000000000e+00	0.0000000000e+00
9.4545503135e+04	2.6131370706e-14	0.0000000000e+00	0.0000000000e+00	0.0000000000e+00
9.4567053885e+04	2.6015958892e-14	0.0000000000e+00	0.0000000000e+00	0.0000000000e+00
9.4589106616e+04	2.6089071840e-14	0.0000000000e+00	0.0000000000e+00	0.0000000000e+00
9.4611673021e+04	2.5970964092e-14	0.0000000000e+00	0.0000000000e+00	0.0000000000e+00
9.4634765065e+04	2.6034226358e-14	0.0000000000e+00	0.0000000000e+00	0.0000000000e+00
9.4658394992e+04	2.6092511410e-14	0.0000000000e+00	0.0000000000e+00	0.0000000000e+00
9.4682575331e+04	2.5792825881e-14	0.0000000000e+00	0.0000000000e+00	0.0000000000e+00
9.4707318902e+04	2.5846270912e-14	0.0000000000e+00	0.0000000000e+00	0.0000000000e+00
9.4732638825e+04	2.5892861363e-14	0.0000000000e+00	0.0000000000e+00	0.0000000000e+00
9.4758548524e+04	2.5769785087e-14	0.0000000000e+00	0.0000000000e+00	0.0000000000e+00
9.4785061738e+04	2.5809297774e-14	0.0000000000e+00	0.0000000000e+00	0.0000000000e+00
9.4812192524e+04	2.5683304236e-14	0.0000000000e+00	0.0000000000e+00	0.0000000000e+00
9.4839955268e+04	2.5715737924e-14	0.0000000000e+00	0.0000000000e+00	0.0000000000e+00
9.4868364689e+04	2.5745147846e-14	0.0000000000e+00	0.0000000000e+00	0.0000000000e+00
9.4897435850e+04	2.5769666133e-14	0.0000000000e+00	0.0000000000e+00	0.0000000000e+00
9.4927184165e+04	2.5789389166e-14	0.0000000000e+00	0.0000000000e+00	0.0000000000e+00
9.4957625408e+04	2.5653694319e-14	0.0000000000e+00	0.0000000000e+00	0.0000000000e+00
9.4988775718e+04	2.5668402606e-14	0.0000000000e+00	0.0000000000e+00	0.0000000000e+00
9.5020651613e+04	2.5527456675e-14	0.0000000000e+00	0.0000000000e+00	0.0000000000e+00
9.5053269992e+04	2.5536478613e-14	0.0000000000e+00	0.0000000000e+00	0.0000000000e+00
9.5086648151e+04	2.5540516068e-14	0.0000000000e+00	0.0000000000e+00	0.0000000000e+00
9.5104420000e+04	0.0000000000e+00	0.0000000000e+00	0.0000000000e+00	0.0000000000e+00
9.5120803787e+04	2.5542158276e-14	7.6511996412e-21	8.3542359363e-23	3.7469463160e-14
9.5138989596e+04	2.5534429487e-14	4.1438538346e-21	9.4325629229e-23	3.5105232864e-14
9.5155755010e+04	2.5539567290e-14	2.4734852393e-21	8.2696262294e-23	3.4054161686e-14
9.5174364421e+04	2.5388836616e-14	2.1136059105e-21	9.5127936203e-23	3.3318269067e-14
9.5191520352e+04	2.5393470458e-14	1.7856758726e-21	9.8988659925e-23	3.2836928175e-14
9.5210563231e+04	2.5523086857e-14	1.7980390287e-21	1.2001137216e-22	3.2399084039e-14
9.5228118776e+04	2.5524986790e-14	1.2825445208e-21	9.8673550288e-23	3.2093048203e-14
9.5247605220e+04	2.5375924036e-14	1.3854104342e-21	1.2190110126e-22	3.1825849378e-14
9.5265569686e+04	2.5377047905e-14	1.3888031447e-21	1.3602948650e-22	3.1595581321e-14
9.5285510028e+04	2.5364615354e-14	1.3915162437e-21	1.5132608607e-22	3.1386028665e-14
9.5303892940e+04	2.5498264328e-14	1.4528210046e-21	1.7213096476e-22	3.1218260629e-14
9.5324297753e+04	2.5350949293e-14	1.5620650339e-21	2.0156326423e-22	3.1035991894e-14
9.5343108857e+04	2.5349170441e-14	1.6439421309e-21	2.2776216123e-22	3.0901555155e-14
9.5363988959e+04	2.5334090483e-14	1.6688725411e-21	2.4843164046e-22	3.0756228315e-14
9.5383238231e+04	2.5330984426e-14	2.1855128719e-21	3.4565069926e-22	3.0641337405e-14
9.5404604693e+04	2.5313769406e-14	2.7075912979e-21	4.5551494935e-22	3.0524007413e-14
9.5424302337e+04	2.5309408735e-14	2.8849764466e-21	5.1155865478e-22	3.0420879273e-14
9.5446166488e+04	2.5291210655e-14	3.0206503525e-21	5.6537356732e-22	3.0320340866e-14
9.5466322950e+04	2.5284937517e-14	3.3913844089e-21	6.6486281862e-22	3.0226769554e-14
9.5488696382e+04	2.5265079867e-14	2.8731739253e-21	5.9093075317e-22	3.0138797602e-14
9.5509322348e+04	2.5257738639e-14	2.5893495297e-21	5.5501392339e-22	3.0055739908e-14
9.5532216925e+04	2.5235735772e-14	3.3176766234e-21	7.4233971057e-22	2.9978383553e-14
9.5553323331e+04	2.5352475008e-14	4.4033026948e-21	1.0225728867e-21	2.9905299965e-14
9.5576751191e+04	2.5203606283e-14	4.8930134581e-21	1.1812831745e-21	2.9835406517e-14
9.5598349229e+04	2.5192882621e-14	5.0559623155e-21	1.2625002101e-21	2.9769642942e-14
9.5622322793e+04	2.5294036731e-14	5.2740157648e-21	1.3643338656e-21	2.9705340972e-14
9.5644423914e+04	2.5282082589e-14	5.8922454557e-21	1.5719569275e-21	2.9645938580e-14
9.5668955895e+04	2.5130445455e-14	6.1715496661e-21	1.7006571586e-21	2.9586582294e-14
9.5691571817e+04	2.5117331043e-14	6.0864295450e-21	1.7253448515e-21	2.9532589040e-14
9.5716675221e+04	2.5214275515e-14	6.1975092267e-21	1.8100086960e-21	2.9477038016e-14
9.5739817935e+04	2.5199072500e-14	7.2540135212e-21	2.1746384576e-21	2.9426879263e-14
9.5765506073e+04	2.5170205216e-14	8.5105949609e-21	2.6227017860e-21	2.9374533502e-14
9.5789187850e+04	2.5154413842e-14	1.0249873675e-20	3.2361212038e-21	2.9328485786e-14
9.5815474341e+04	2.5124411831e-14	1.4627816308e-20	4.7381987350e-21	2.9279797604e-14
9.5839707738e+04	2.5107519963e-14	2.0802135766e-20	6.8917284070e-21	2.9237896466e-14
9.5866606520e+04	2.5077057181e-14	2.6475875473e-20	8.9834380179e-21	2.9192400432e-14
9.5891404385e+04	2.5059010853e-14	3.0441478120e-20	1.0548598340e-20	2.9153700506e-14
9.5918929720e+04	2.5143268455e-14	3.4894786103e-20	1.2364819884e-20	2.9110725102e-14
9.5944305202e+04	2.5009151617e-14	3.8423819276e-20	1.3886198359e-20	2.9074880201e-14
9.5972471685e+04	2.5090646454e-14	4.0336081364e-20	1.4885734580e-20	2.9034509323e-14
9.5998438238e+04	2.5070442901e-14	4.0688675243e-20	1.5296174610e-20	2.9001253255e-14
9.6027260802e+04	2.5036417600e-14	4.0608341387e-20	1.5569441054e-20	2.8963009306e-14
9.6053832193e+04	2.5014825643e-14	4.1041406461e-20	1.6011792171e-20	2.8931359155e-14
9.6083326121e+04	2.5090836518e-14	4.3571322435e-20	1.7317004424e-20	2.8894763999e-14
9.6110516440e+04	2.5067798834e-14	4.8581953065e-20	1.9628064949e-20	2.8864699378e-14
9.6140697369e+04	2.4919623351e-14	5.6816565913e-20	2.3360491556e-20	2.8830539311e-14
9.6168521032e+04	2.5007294254e-14	6.7218860338e-20	2.8069644572e-20	2.8802253094e-14
9.6199404966e+04	2.4968817178e-14	8.1392334716e-20	3.4555934727e-20	2.8770254923e-14
9.6227876725e+04	2.4943110774e-14	9.4810140996e-20	4.0848305430e-20	2.8742874259e-14
9.6259480038e+04	2.4902940663e-14	1.0837829855e-19	4.7432702522e-20	2.8713026048e-14
9.6288614989e+04	2.4986085784e-14	1.1931683805e-19	5.2952669507e-20	2.8687208217e-14
9.6320954438e+04	2.4944978102e-14	1.2943677997e-19	5.8305978797e-20	2.8659899309e-14
9.6350768030e+04	2.4916140814e-14	1.3664710026e-19	6.2373864971e-20	2.8633576080e-14
9.6383860761e+04	2.4982084922e-14	1.4295421794e-19	6.6183257480e-20	2.8606989983e-14
9.6414368801e+04	2.4952077544e-14	1.4789054819e-19	6.9335818138e-20	2.8583129627e-14
9.6448232361e+04	2.4908091505e-14	1.5255698072e-19	7.2493939124e-20	2.8558178707e-14
9.6479451024e+04	2.4877425322e-14	1.5665497215e-19	7.5338953742e-20	2.8534405519e-14
9.6514103367e+04	2.4938228486e-14	1.6112237022e-19	7.8488928436e-20	2.8510122257e-14
9.6546049206e+04	2.4802433139e-14	1.6538574618e-19	8.1491920596e-20	2.8488484294e-14
9.6581508707e+04	2.4860626010e-14	1.7038800655e-19	8.4991712903e-20	2.8464820390e-14
9.6614198660e+04	2.4930703191e-14	1.7590295647e-19	8.8705250269e-20	2.8443762484e-14
9.6650484118e+04	2.4783561513e-14	1.8473911226e-19	9.4257807967e-20	2.8420645614e-14
9.6683935518e+04	2.4850567601e-14	1.9821146449e-19	1.0219168769e-19	2.8401051839e-14
9.6721066174e+04	2.4804567046e-14	2.2370176972e-19	1.1663137102e-19	2.8379147444e-14
9.6755296757e+04	2.4770989659e-14	2.6319399973e-19	1.3859690788e-19	2.8359740735e-14
9.6793292296e+04	2.4821634077e-14	3.3375203783e-19	1.7764448126e-19	2.8338909626e-14
9.6828320212e+04	2.4787014105e-14	4.3113029756e-19	2.3167734686e-19	2.8320186651e-14
9.6867200781e+04	2.4739039205e-14	5.8344741979e-19	3.1676049494e-19	2.8300497841e-14
9.6903044602e+04	2.4799352483e-14	7.7322939652e-19	4.2365446730e-19	2.8282203592e-14
9.6942830816e+04	2.4750026626e-14	1.0467185785e-18	5.7916656386e-19	2.8263049930e-14
9.6979509547e+04	2.4712871196e-14	1.3623917937e-18	7.6047849220e-19	2.8245791808e-14
9.7020222501e+04	2.4757337224e-14	1.7902625399e-18	1.0087845974e-18	2.8226902327e-14
9.7057755589e+04	2.4718873242e-14	2.2632370957e-18	1.2860854347e-18	2.8210253155e-14
9.7099416869e+04	2.4666021885e-14	2.8841703018e-18	1.6538423223e-18	2.8191882948e-14
9.7137824215e+04	2.4721156717e-14	3.5525318977e-18	2.0536413948e-18	2.8175808569e-14
9.7180455912e+04	2.4761061566e-14	4.4123573215e-18	2.5729806452e-18	2.8158037967e-14
9.7219757880e+04	2.4625636343e-14	5.3220833862e-18	3.1276944924e-18	2.8141912789e-14
9.7263382596e+04	2.4664585047e-14	6.4720815478e-18	3.8354831689e-18	2.8124841053e-14
9.7303600024e+04	2.4714751691e-14	7.6667253260e-18	4.5775552026e-18	2.8109046613e-14
9.7348240891e+04	2.4658508258e-14	9.1441231515e-18	5.5037821564e-18	2.8092100095e-14
9.7389395103e+04	2.4706185178e-14	1.0645445368e-17	6.4536916589e-18	2.8076736835e-14
9.7435075789e+04	2.4649015922e-14	1.2457035098e-17	7.6106860721e-18	2.8059937345e-14
9.7477188607e+04	2.4604560625e-14	1.4246367235e-17	8.7644047784e-18	2.8044955809e-14
9.7523933332e+04	2.4636314551e-14	1.6356941301e-17	1.0138205662e-17	2.8028291977e-14
9.7567027083e+04	2.4590876880e-14	1.8406116515e-17	1.1484714283e-17	2.8013403688e-14
9.7614860633e+04	2.4620447828e-14	2.0776103775e-17	1.3057049299e-17	2.7997248277e-14
9.7658958167e+04	2.4661204103e-14	2.3042749367e-17	1.4575034651e-17	2.7982381214e-14
9.7707905903e+04	2.4601499010e-14	2.5651541932e-17	1.6338029986e-17	2.7966077411e-14
9.7753030600e+04	2.4553613060e-14	2.8135893106e-17	1.8031909635e-17	2.7950378589e-14
9.7803118476e+04	2.4579242051e-14	3.0975570580e-17	1.9985023399e-17	2.7933953116e-14
9.7849294262e+04	2.4529761043e-14	3.3671939314e-17	2.1855134779e-17	2.7916070627e-14
9.7900548834e+04	2.4553570142e-14	3.6740407354e-17	2.4001154224e-17	2.7898328221e-14
9.7947800193e+04	2.4502451213e-14	3.9617926899e-17	2.6030923999e-17	2.7875190680e-14
9.8000248637e+04	2.4524401380e-14	4.2844629795e-17	2.8326977367e-17	2.7855161711e-14
9.8048600621e+04	2.4558270467e-14	4.5830407320e-17	3.0470604559e-17	2.7838486848e-14
9.8102270747e+04	2.4492119784e-14	4.9114544713e-17	3.2851190441e-17	2.7800477538e-14
9.8151748994e+04	2.4524394408e-14	5.2087342060e-17	3.5027927685e-17	2.7782329713e-14
9.8206669257e+04	2.4457370606e-14	5.5302071982e-17	3.7406672274e-17	2.7734983861e-14
9.8257300000e+04	2.4487926548e-14	5.8162372170e-17	3.9546901007e-17	2.7716241181e-14
9.8313499521e+04	2.4503997319e-14	6.1207394385e-17	4.1851916795e-17	2.7690671619e-14
9.8365309605e+04	2.4449766504e-14	6.3900462036e-17	4.3914000130e-17	2.7646578465e-14
9.8422818181e+04	2.4464209597e-14	6.6762269757e-17	4.6130756028e-17	2.7621598084e-14
9.8475835077e+04	2.4410020490e-14	6.9270630996e-17	4.8097695936e-17	2.7578205522e-14
9.8534683200e+04	2.4422980078e-14	7.1897760752e-17	5.0184984124e-17	2.7554033636e-14
9.8588935018e+04	2.4448302659e-14	7.4150168232e-17	5.2001681320e-17	2.7536502586e-14
9.8649153890e+04	2.4380660871e-14	7.6425042291e-17	5.3870413295e-17	2.7483453303e-14
9.8704669396e+04	2.4404326878e-14	7.8292048060e-17	5.5438713589e-17	2.7465285356e-14
9.8823099573e+04	2.4358031576e-14	8.1496209420e-17	5.8249080132e-17	2.7381082290e-14
9.8944288343e+04	2.4388166302e-14	8.3543992369e-17	6.0255190447e-17	2.7329379860e-14
9.9068299962e+04	2.4337860359e-14	8.4415830713e-17	6.1419644306e-17	2.7232716990e-14
9.9195200183e+04	2.4285498175e-14	8.4630028414e-17	6.2100276555e-17	2.7142454851e-14
