E, cm-1	Sigma_00, cm2	Sigma_01, cm2	Sigma_10, cm2	Sigma_11, cm2	
9.362494e+04	3.183274e-14	0.000000e+00	0.000000e+00	0.000000e+00
9.362957e+04	2.951736e-14	0.000000e+00	0.000000e+00	0.000000e+00
9.363421e+04	2.815975e-14	0.000000e+00	0.000000e+00	0.000000e+00
9.363885e+04	2.762335e-14	0.000000e+00	0.000000e+00	0.000000e+00
9.364349e+04	4.008101e-14	0.000000e+00	0.000000e+00	0.000000e+00
9.364812e+04	2.829248e-14	0.000000e+00	0.000000e+00	0.000000e+00
9.365276e+04	3.357189e-14	0.000000e+00	0.000000e+00	0.000000e+00
9.365740e+04	3.721514e-14	0.000000e+00	0.000000e+00	0.000000e+00
9.366203e+04	3.093866e-14	0.000000e+00	0.000000e+00	0.000000e+00
9.366667e+04	3.012135e-14	0.000000e+00	0.000000e+00	0.000000e+00
9.367131e+04	2.995257e-14	0.000000e+00	0.000000e+00	0.000000e+00
9.367594e+04	3.319010e-14	0.000000e+00	0.000000e+00	0.000000e+00
9.368058e+04	3.389489e-14	0.000000e+00	0.000000e+00	0.000000e+00
9.368522e+04	3.096343e-14	0.000000e+00	0.000000e+00	0.000000e+00
9.368985e+04	3.782271e-14	0.000000e+00	0.000000e+00	0.000000e+00
9.369449e+04	3.450625e-14	0.000000e+00	0.000000e+00	0.000000e+00
9.369913e+04	3.389314e-14	0.000000e+00	0.000000e+00	0.000000e+00
9.370377e+04	3.577350e-14	0.000000e+00	0.000000e+00	0.000000e+00
9.370840e+04	3.637535e-14	0.000000e+00	0.000000e+00	0.000000e+00
9.371304e+04	3.684482e-14	0.000000e+00	0.000000e+00	0.000000e+00
9.371768e+04	3.760801e-14	0.000000e+00	0.000000e+00	0.000000e+00
9.372231e+04	4.185715e-14	0.000000e+00	0.000000e+00	0.000000e+00
9.372695e+04	4.117814e-14	0.000000e+00	0.000000e+00	0.000000e+00
9.373159e+04	3.955128e-14	0.000000e+00	0.000000e+00	0.000000e+00
9.373623e+04	4.131434e-14	0.000000e+00	0.000000e+00	0.000000e+00
9.374086e+04	3.688406e-14	0.000000e+00	0.000000e+00	0.000000e+00
9.374550e+04	4.314162e-14	0.000000e+00	0.000000e+00	0.000000e+00
9.375014e+04	3.391370e-14	0.000000e+00	0.000000e+00	0.000000e+00
9.375477e+04	4.022389e-14	0.000000e+00	0.000000e+00	0.000000e+00
9.375941e+04	4.323516e-14	0.000000e+00	0.000000e+00	0.000000e+00
9.376405e+04	3.618271e-14	0.000000e+00	0.000000e+00	0.000000e+00
9.376868e+04	3.956143e-14	0.000000e+00	0.000000e+00	0.000000e+00
9.377332e+04	3.982581e-14	0.000000e+00	0.000000e+00	0.000000e+00
9.377796e+04	3.910846e-14	0.000000e+00	0.000000e+00	0.000000e+00
9.378260e+04	3.786247e-14	0.000000e+00	0.000000e+00	0.000000e+00
9.378723e+04	3.648843e-14	0.000000e+00	0.000000e+00	0.000000e+00
9.379187e+04	3.691255e-14	0.000000e+00	0.000000e+00	0.000000e+00
9.379651e+04	4.116573e-14	0.000000e+00	0.000000e+00	0.000000e+00
9.380114e+04	3.610362e-14	0.000000e+00	0.000000e+00	0.000000e+00
9.380578e+04	4.202934e-14	0.000000e+00	0.000000e+00	0.000000e+00
9.381042e+04	3.783950e-14	0.000000e+00	0.000000e+00	0.000000e+00
9.381505e+04	3.651698e-14	0.000000e+00	0.000000e+00	0.000000e+00
9.381969e+04	3.723893e-14	0.000000e+00	0.000000e+00	0.000000e+00
9.382433e+04	3.825048e-14	0.000000e+00	0.000000e+00	0.000000e+00
9.382896e+04	3.640612e-14	0.000000e+00	0.000000e+00	0.000000e+00
9.383360e+04	3.787481e-14	0.000000e+00	0.000000e+00	0.000000e+00
9.383824e+04	4.073554e-14	0.000000e+00	0.000000e+00	0.000000e+00
9.384288e+04	4.114863e-14	0.000000e+00	0.000000e+00	0.000000e+00
9.384751e+04	4.303772e-14	0.000000e+00	0.000000e+00	0.000000e+00
9.385215e+04	3.853719e-14	0.000000e+00	0.000000e+00	0.000000e+00
9.385679e+04	3.873432e-14	0.000000e+00	0.000000e+00	0.000000e+00
9.386142e+04	3.990594e-14	0.000000e+00	0.000000e+00	0.000000e+00
9.387070e+04	4.183890e-14	0.000000e+00	0.000000e+00	0.000000e+00
9.387534e+04	3.998270e-14	0.000000e+00	0.000000e+00	0.000000e+00
9.387997e+04	4.233743e-14	0.000000e+00	0.000000e+00	0.000000e+00
9.388925e+04	4.033096e-14	0.000000e+00	0.000000e+00	0.000000e+00
9.389388e+04	3.957894e-14	0.000000e+00	0.000000e+00	0.000000e+00
9.389852e+04	4.366231e-14	0.000000e+00	0.000000e+00	0.000000e+00
9.390779e+04	4.386668e-14	0.000000e+00	0.000000e+00	0.000000e+00
9.391243e+04	4.202800e-14	0.000000e+00	0.000000e+00	0.000000e+00
9.392171e+04	4.100876e-14	0.000000e+00	0.000000e+00	0.000000e+00
9.392634e+04	4.143534e-14	0.000000e+00	0.000000e+00	0.000000e+00
9.393562e+04	4.254796e-14	0.000000e+00	0.000000e+00	0.000000e+00
9.394025e+04	4.127240e-14	0.000000e+00	0.000000e+00	0.000000e+00
9.394953e+04	4.403261e-14	0.000000e+00	0.000000e+00	0.000000e+00
9.395416e+04	4.240350e-14	0.000000e+00	0.000000e+00	0.000000e+00
9.396344e+04	4.330463e-14	0.000000e+00	0.000000e+00	0.000000e+00
9.397271e+04	4.341892e-14	0.000000e+00	0.000000e+00	0.000000e+00
9.398199e+04	4.231012e-14	0.000000e+00	0.000000e+00	0.000000e+00
9.398662e+04	4.110189e-14	0.000000e+00	0.000000e+00	0.000000e+00
9.399590e+04	4.472493e-14	0.000000e+00	0.000000e+00	0.000000e+00
9.400517e+04	4.416502e-14	0.000000e+00	0.000000e+00	0.000000e+00
9.401445e+04	3.870291e-14	0.000000e+00	0.000000e+00	0.000000e+00
9.402372e+04	3.940811e-14	0.000000e+00	0.000000e+00	0.000000e+00
9.403299e+04	4.381861e-14	0.000000e+00	0.000000e+00	0.000000e+00
9.404227e+04	4.027882e-14	0.000000e+00	0.000000e+00	0.000000e+00
9.405154e+04	4.141466e-14	0.000000e+00	0.000000e+00	0.000000e+00
9.406082e+04	4.305030e-14	0.000000e+00	0.000000e+00	0.000000e+00
9.407473e+04	4.120524e-14	0.000000e+00	0.000000e+00	0.000000e+00
9.408400e+04	4.140470e-14	0.000000e+00	0.000000e+00	0.000000e+00
9.409327e+04	4.187181e-14	0.000000e+00	0.000000e+00	0.000000e+00
9.410718e+04	4.200047e-14	0.000000e+00	0.000000e+00	0.000000e+00
9.411646e+04	4.282234e-14	0.000000e+00	0.000000e+00	0.000000e+00
9.413037e+04	4.278371e-14	0.000000e+00	0.000000e+00	0.000000e+00
9.413964e+04	4.281466e-14	0.000000e+00	0.000000e+00	0.000000e+00
9.415356e+04	4.132255e-14	0.000000e+00	0.000000e+00	0.000000e+00
9.416283e+04	4.410870e-14	0.000000e+00	0.000000e+00	0.000000e+00
9.417674e+04	4.065516e-14	0.000000e+00	0.000000e+00	0.000000e+00
9.419065e+04	4.324083e-14	0.000000e+00	0.000000e+00	0.000000e+00
9.420456e+04	4.447781e-14	0.000000e+00	0.000000e+00	0.000000e+00
9.421847e+04	4.237335e-14	0.000000e+00	0.000000e+00	0.000000e+00
9.423238e+04	4.212920e-14	0.000000e+00	0.000000e+00	0.000000e+00
9.424629e+04	4.576148e-14	0.000000e+00	0.000000e+00	0.000000e+00
9.426021e+04	4.334833e-14	0.000000e+00	0.000000e+00	0.000000e+00
9.427412e+04	4.402644e-14	0.000000e+00	0.000000e+00	0.000000e+00
9.429267e+04	4.002618e-14	0.000000e+00	0.000000e+00	0.000000e+00
9.430658e+04	4.046923e-14	0.000000e+00	0.000000e+00	0.000000e+00
9.432049e+04	4.297619e-14	0.000000e+00	0.000000e+00	0.000000e+00
9.433904e+04	4.234510e-14	0.000000e+00	0.000000e+00	0.000000e+00
9.435295e+04	4.113037e-14	0.000000e+00	0.000000e+00	0.000000e+00
9.437149e+04	4.449318e-14	0.000000e+00	0.000000e+00	0.000000e+00
9.439004e+04	4.224572e-14	0.000000e+00	0.000000e+00	0.000000e+00
9.440859e+04	4.187055e-14	0.000000e+00	0.000000e+00	0.000000e+00
9.442714e+04	4.265106e-14	0.000000e+00	0.000000e+00	0.000000e+00
9.444569e+04	4.184622e-14	0.000000e+00	0.000000e+00	0.000000e+00
9.446423e+04	4.127823e-14	0.000000e+00	0.000000e+00	0.000000e+00
9.448278e+04	4.408380e-14	0.000000e+00	0.000000e+00	0.000000e+00
9.450597e+04	4.293895e-14	0.000000e+00	0.000000e+00	0.000000e+00
9.452451e+04	4.397202e-14	0.000000e+00	0.000000e+00	0.000000e+00
9.454770e+04	4.156314e-14	0.000000e+00	0.000000e+00	0.000000e+00
9.456625e+04	4.393977e-14	0.000000e+00	0.000000e+00	0.000000e+00
9.458943e+04	4.510632e-14	0.000000e+00	0.000000e+00	0.000000e+00
9.461262e+04	4.410173e-14	0.000000e+00	0.000000e+00	0.000000e+00
9.463580e+04	4.366948e-14	0.000000e+00	0.000000e+00	0.000000e+00
9.465899e+04	4.254065e-14	0.000000e+00	0.000000e+00	0.000000e+00
9.468217e+04	4.358968e-14	0.000000e+00	0.000000e+00	0.000000e+00
9.470536e+04	4.533498e-14	0.000000e+00	0.000000e+00	0.000000e+00
9.473318e+04	4.372875e-14	0.000000e+00	0.000000e+00	0.000000e+00
9.475637e+04	4.443693e-14	0.000000e+00	0.000000e+00	0.000000e+00
9.478419e+04	4.462524e-14	0.000000e+00	0.000000e+00	0.000000e+00
9.481201e+04	4.184648e-14	0.000000e+00	0.000000e+00	0.000000e+00
9.483983e+04	4.318432e-14	0.000000e+00	0.000000e+00	0.000000e+00
9.486765e+04	4.413395e-14	0.000000e+00	0.000000e+00	0.000000e+00
9.489548e+04	4.295503e-14	0.000000e+00	0.000000e+00	0.000000e+00
9.492793e+04	4.384069e-14	0.000000e+00	0.000000e+00	0.000000e+00
9.495576e+04	4.275947e-14	0.000000e+00	0.000000e+00	0.000000e+00
9.498821e+04	4.158214e-14	0.000000e+00	0.000000e+00	0.000000e+00
9.502067e+04	4.136581e-14	0.000000e+00	0.000000e+00	0.000000e+00
9.505313e+04	4.356780e-14	0.000000e+00	0.000000e+00	0.000000e+00
9.508559e+04	4.545515e-14	0.000000e+00	0.000000e+00	0.000000e+00
9.510414e+04	4.662229e-14	0.000000e+00	0.000000e+00	0.000000e+00
9.512269e+04	4.519917e-14	1.559619e-20	1.896389e-22	3.927563e-14
9.514124e+04	4.606726e-14	3.245350e-20	7.855742e-22	3.551340e-14
9.515515e+04	4.493347e-14	5.377052e-20	1.777126e-21	5.351839e-14
9.517370e+04	4.511303e-14	5.749977e-20	2.564252e-21	4.601320e-14
9.519224e+04	4.396140e-14	4.213605e-20	2.354102e-21	4.949816e-14
9.521079e+04	4.605711e-14	8.419742e-20	5.631069e-21	5.360015e-14
9.522934e+04	4.495094e-14	7.790556e-20	6.048259e-21	5.802992e-14
9.524789e+04	4.343060e-14	5.064582e-20	4.464280e-21	5.539956e-14
9.526643e+04	4.381998e-14	1.792167e-19	1.763876e-20	5.562669e-14
9.528498e+04	4.294208e-14	9.417806e-20	1.021520e-20	5.597424e-14
9.530353e+04	4.573946e-14	1.745293e-19	2.064523e-20	5.507147e-14
9.532208e+04	4.411482e-14	1.308381e-19	1.673430e-20	5.766213e-14
9.534526e+04	4.433384e-14	1.607878e-19	2.244961e-20	5.900957e-14
9.536381e+04	4.433565e-14	1.290786e-19	1.920375e-20	5.726357e-14
9.538236e+04	4.363124e-14	1.651284e-19	2.604666e-20	5.667635e-14
9.540554e+04	4.480184e-14	1.748747e-19	2.949687e-20	6.243208e-14
9.542409e+04	4.470941e-14	1.780449e-19	3.155358e-20	6.190645e-14
9.544728e+04	4.306187e-14	1.415647e-19	2.656659e-20	5.797583e-14
9.546583e+04	4.457892e-14	1.666643e-19	3.263756e-20	5.989493e-14
9.548901e+04	4.427637e-14	1.590953e-19	3.274269e-20	6.314345e-14
9.550756e+04	4.524631e-14	1.706066e-19	3.644342e-20	5.866931e-14
9.553074e+04	4.391734e-14	1.586943e-19	3.541333e-20	6.118251e-14
9.555393e+04	4.419553e-14	2.077862e-19	4.830388e-20	5.888387e-14
9.557711e+04	4.311361e-14	1.405250e-19	3.394566e-20	6.380071e-14
9.560030e+04	4.415769e-14	1.296816e-19	3.247799e-20	5.894121e-14
9.562348e+04	4.437043e-14	1.379369e-19	3.574215e-20	6.331181e-14
9.564667e+04	4.484509e-14	1.477743e-19	3.954387e-20	5.952478e-14
9.566985e+04	4.343898e-14	1.421487e-19	3.921620e-20	6.181433e-14
9.569304e+04	4.481765e-14	1.547387e-19	4.394290e-20	6.201780e-14
9.571622e+04	4.508579e-14	1.450839e-19	4.235027e-20	6.321087e-14
9.573941e+04	4.571542e-14	1.624673e-19	4.868319e-20	5.810548e-14
9.576723e+04	4.563761e-14	1.490414e-19	4.601278e-20	6.254934e-14
9.579042e+04	4.621899e-14	1.467089e-19	4.637620e-20	5.766310e-14
9.581360e+04	4.577588e-14	2.160358e-19	6.985292e-20	6.215607e-14
9.584142e+04	4.520421e-14	3.060868e-19	1.015643e-19	6.548206e-14
9.586461e+04	4.478687e-14	3.505044e-19	1.187222e-19	6.130873e-14
9.589243e+04	4.538425e-14	3.590095e-19	1.245101e-19	6.158490e-14
9.592025e+04	4.370819e-14	6.026136e-19	2.137573e-19	5.837079e-14
9.594344e+04	4.522062e-14	5.762051e-19	2.081004e-19	6.430454e-14
9.597126e+04	4.505812e-14	7.069468e-19	2.606634e-19	6.195721e-14
9.599908e+04	4.486616e-14	6.300494e-19	2.369620e-19	5.794720e-14
9.602690e+04	4.318408e-14	7.209666e-19	2.763561e-19	6.072654e-14
9.605473e+04	4.363872e-14	6.730375e-19	2.627277e-19	6.593764e-14
9.608255e+04	4.304602e-14	8.046347e-19	3.196409e-19	6.393354e-14
9.611037e+04	4.527232e-14	1.253367e-18	5.063409e-19	6.543391e-14
9.614283e+04	4.499663e-14	1.235072e-18	5.084218e-19	6.300487e-14
9.617065e+04	4.407115e-14	1.184322e-18	4.951317e-19	6.487658e-14
9.619847e+04	4.378509e-14	1.283958e-18	5.448499e-19	6.393337e-14
9.622629e+04	4.389396e-14	1.467099e-18	6.315825e-19	6.499139e-14
9.625875e+04	4.468390e-14	1.355354e-18	5.929722e-19	6.426896e-14
9.628657e+04	4.539584e-14	1.479710e-18	6.560640e-19	6.301836e-14
9.631903e+04	4.514670e-14	1.856288e-18	8.354559e-19	6.564440e-14
9.635149e+04	4.465129e-14	3.166156e-18	1.445679e-18	6.292081e-14
9.638395e+04	4.392751e-14	2.406587e-18	1.114216e-18	6.471883e-14
9.641641e+04	4.520140e-14	6.032479e-18	2.830559e-18	6.467787e-14
9.644887e+04	4.495626e-14	6.084991e-18	2.892262e-18	6.604690e-14
9.648133e+04	4.574748e-14	5.723772e-18	2.754643e-18	6.491728e-14
9.651379e+04	4.548828e-14	9.852688e-18	4.799074e-18	6.704169e-14
9.654625e+04	4.515537e-14	1.857531e-17	9.153406e-18	6.321908e-14
9.658334e+04	4.558087e-14	1.580922e-17	7.890745e-18	6.585567e-14
9.661580e+04	4.529554e-14	1.312353e-17	6.621484e-18	6.621923e-14
9.664826e+04	4.464256e-14	3.725776e-17	1.899630e-17	6.625653e-14
9.668536e+04	4.410559e-14	4.053452e-17	2.090745e-17	6.345927e-14
9.672245e+04	4.555629e-14	5.217014e-17	2.721110e-17	6.546210e-14
9.675491e+04	4.402935e-14	3.639227e-17	1.916191e-17	6.789796e-14
9.679201e+04	4.539773e-14	5.609198e-17	2.984517e-17	6.732086e-14
9.682910e+04	4.492104e-14	6.926404e-17	3.722838e-17	6.859405e-14
9.686620e+04	4.330374e-14	6.967392e-17	3.781698e-17	6.799739e-14
9.690330e+04	4.521439e-14	7.052157e-17	3.864140e-17	6.460215e-14
9.694503e+04	4.475568e-14	1.112630e-16	6.159650e-17	6.518906e-14
9.697749e+04	4.349816e-14	1.063580e-16	5.934008e-17	6.822308e-14
9.701922e+04	4.395547e-14	1.251250e-16	7.048985e-17	6.671509e-14
9.705632e+04	4.598174e-14	1.326765e-16	7.536950e-17	6.595985e-14
9.709805e+04	4.616066e-14	1.124332e-16	6.445264e-17	6.610615e-14
9.713978e+04	4.542912e-14	1.498284e-16	8.664771e-17	6.733492e-14
9.718152e+04	4.491045e-14	1.572022e-16	9.168894e-17	6.631376e-14
9.721861e+04	4.552782e-14	1.671105e-16	9.818592e-17	6.753801e-14
9.726498e+04	4.481033e-14	1.744830e-16	1.034332e-16	6.646266e-14
9.730208e+04	4.419181e-14	1.864020e-16	1.112636e-16	6.777502e-14
9.734845e+04	4.500660e-14	2.131835e-16	1.283184e-16	6.777602e-14
9.739018e+04	4.589955e-14	1.738437e-16	1.054052e-16	6.591849e-14
9.743655e+04	4.460968e-14	2.087557e-16	1.275717e-16	6.709592e-14
9.747828e+04	4.351765e-14	2.325657e-16	1.431005e-16	6.765714e-14
9.752465e+04	4.534707e-14	2.286732e-16	1.417501e-16	6.444193e-14
9.756639e+04	4.429141e-14	2.387084e-16	1.489304e-16	6.619014e-14
9.761276e+04	4.521779e-14	3.284407e-16	2.063491e-16	6.633017e-14
9.765913e+04	4.549974e-14	2.695768e-16	1.705173e-16	6.544379e-14
9.771013e+04	4.476023e-14	3.172141e-16	2.021034e-16	6.661728e-14
9.775187e+04	4.432407e-14	2.663786e-16	1.706915e-16	6.697782e-14
9.780287e+04	4.562294e-14	2.936468e-16	1.894509e-16	6.710347e-14
9.784924e+04	4.489019e-14	2.744175e-16	1.781125e-16	6.732754e-14
9.790025e+04	4.485315e-14	3.223587e-16	2.105773e-16	6.594270e-14
9.794662e+04	4.621689e-14	3.112628e-16	2.044859e-16	6.667209e-14
9.800226e+04	4.495187e-14	3.727030e-16	2.464729e-16	6.732115e-14
9.804864e+04	4.581092e-14	2.902272e-16	1.929599e-16	6.367215e-14
9.810428e+04	4.505357e-14	3.651669e-16	2.443029e-16	6.792299e-14
9.815065e+04	4.544010e-14	3.495608e-16	2.350464e-16	6.661938e-14
9.820629e+04	4.489667e-14	4.245756e-16	2.871744e-16	6.644375e-14
9.825730e+04	4.515718e-14	4.182408e-16	2.843785e-16	6.713188e-14
9.831294e+04	4.571605e-14	3.943781e-16	2.696500e-16	6.690854e-14
9.836395e+04	4.554211e-14	3.640160e-16	2.501283e-16	6.685044e-14
9.842423e+04	4.599817e-14	3.597529e-16	2.486114e-16	6.462881e-14
9.847524e+04	4.403963e-14	4.357484e-16	3.025433e-16	6.304880e-14
9.853552e+04	4.565302e-14	4.003146e-16	2.794421e-16	6.356937e-14
9.859116e+04	4.441875e-14	3.841573e-16	2.694618e-16	6.466032e-14
9.865145e+04	4.478130e-14	4.242066e-16	2.990714e-16	6.284363e-14
9.870245e+04	4.439725e-14	4.709828e-16	3.334436e-16	6.221068e-14
9.882301e+04	4.473358e-14	4.385384e-16	3.134414e-16	6.330678e-14
9.894358e+04	4.575147e-14	4.772293e-16	3.441786e-16	6.376995e-14
9.906878e+04	4.476161e-14	4.864791e-16	3.539662e-16	6.217123e-14
9.919397e+04	4.466702e-14	4.802211e-16	3.523511e-16	6.192819e-14
