E, cm-1	Sigma_00, cm2	Sigma_01, cm2	Sigma_10, cm2	Sigma_11, cm2	
9.308950e+04	1.195301e-14	0.000000e+00
9.308961e+04	1.191817e-14	0.000000e+00
9.308972e+04	1.188405e-14	0.000000e+00
9.308983e+04	1.184985e-14	0.000000e+00
9.308994e+04	1.185998e-14	0.000000e+00
9.309006e+04	1.180218e-14	0.000000e+00
9.309018e+04	1.174976e-14	0.000000e+00
9.309031e+04	1.170221e-14	0.000000e+00
9.309043e+04	1.165891e-14	0.000000e+00
9.309056e+04	1.161916e-14	0.000000e+00
9.309070e+04	1.158221e-14	0.000000e+00
9.309083e+04	1.154732e-14	0.000000e+00
9.309097e+04	1.159999e-14	0.000000e+00
9.309112e+04	1.154258e-14	0.000000e+00
9.309126e+04	1.148903e-14	0.000000e+00
9.309141e+04	1.143915e-14	0.000000e+00
9.309156e+04	1.139267e-14	0.000000e+00
9.309172e+04	1.134923e-14	0.000000e+00
9.309188e+04	1.142832e-14	0.000000e+00
9.309204e+04	1.136991e-14	0.000000e+00
9.309221e+04	1.131388e-14	0.000000e+00
9.309238e+04	1.126039e-14	0.000000e+00
9.309256e+04	1.120952e-14	0.000000e+00
9.309273e+04	1.116120e-14	0.000000e+00
9.309292e+04	1.122301e-14	0.000000e+00
9.309311e+04	1.116791e-14	0.000000e+00
9.309330e+04	1.111397e-14	0.000000e+00
9.309349e+04	1.106131e-14	0.000000e+00
9.309370e+04	1.101007e-14	0.000000e+00
9.309390e+04	1.096037e-14	0.000000e+00
9.309411e+04	1.091225e-14	0.000000e+00
9.309433e+04	1.086573e-14	0.000000e+00
9.309455e+04	1.082072e-14	0.000000e+00
9.309477e+04	1.077712e-14	0.000000e+00
9.309500e+04	1.073476e-14	0.000000e+00
9.309524e+04	1.069380e-14	0.000000e+00
9.309548e+04	1.069075e-14	0.000000e+00
9.309573e+04	1.064443e-14	0.000000e+00
9.309598e+04	1.059938e-14	0.000000e+00
9.309624e+04	1.055555e-14	0.000000e+00
9.309651e+04	1.051286e-14	0.000000e+00
9.309678e+04	1.051015e-14	0.000000e+00
9.309706e+04	1.046411e-14	0.000000e+00
9.309734e+04	1.041903e-14	0.000000e+00
9.309763e+04	1.037489e-14	0.000000e+00
9.309793e+04	1.033162e-14	0.000000e+00
9.309823e+04	1.032484e-14	0.000000e+00
9.309854e+04	1.027993e-14	0.000000e+00
9.309886e+04	1.023569e-14	0.000000e+00
9.309919e+04	1.019217e-14	0.000000e+00
9.309952e+04	1.018000e-14	0.000000e+00
9.309987e+04	1.013614e-14	0.000000e+00
9.310021e+04	1.009265e-14	0.000000e+00
9.310057e+04	1.004952e-14	0.000000e+00
9.310094e+04	1.000670e-14	0.000000e+00
9.310131e+04	9.964153e-15	0.000000e+00
9.310170e+04	9.921860e-15	0.000000e+00
9.310209e+04	9.880180e-15	0.000000e+00
9.310249e+04	9.838792e-15	0.000000e+00
9.310290e+04	9.816370e-15	0.000000e+00
9.310332e+04	9.774628e-15	0.000000e+00
9.310375e+04	9.733106e-15	0.000000e+00
9.310419e+04	9.691766e-15	0.000000e+00
9.310464e+04	9.664150e-15	0.000000e+00
9.310510e+04	9.622809e-15	0.000000e+00
9.310557e+04	9.581877e-15	0.000000e+00
9.310606e+04	9.550825e-15	0.000000e+00
9.310655e+04	9.510331e-15	0.000000e+00
9.310705e+04	9.470073e-15	0.000000e+00
9.310757e+04	9.430036e-15	0.000000e+00
9.310810e+04	9.397656e-15	0.000000e+00
9.310864e+04	9.357483e-15	0.000000e+00
9.310920e+04	9.317784e-15	0.000000e+00
9.310976e+04	9.278269e-15	0.000000e+00
9.311034e+04	9.238880e-15	0.000000e+00
9.311094e+04	9.199630e-15	0.000000e+00
9.311154e+04	9.160443e-15	0.000000e+00
9.311216e+04	9.127659e-15	0.000000e+00
9.311280e+04	9.088242e-15	0.000000e+00
9.311345e+04	9.048900e-15	0.000000e+00
9.311412e+04	9.015390e-15	0.000000e+00
9.311480e+04	8.976320e-15	0.000000e+00
9.311550e+04	8.937236e-15	0.000000e+00
9.311621e+04	8.901932e-15	0.000000e+00
9.311694e+04	8.862923e-15	0.000000e+00
9.311769e+04	8.824170e-15	0.000000e+00
9.311845e+04	8.788261e-15	0.000000e+00
9.311923e+04	8.749716e-15	0.000000e+00
9.312004e+04	8.711166e-15	0.000000e+00
9.312085e+04	8.672558e-15	0.000000e+00
9.312169e+04	8.633776e-15	0.000000e+00
9.312255e+04	8.595225e-15	0.000000e+00
9.312343e+04	8.559464e-15	0.000000e+00
9.312433e+04	8.520909e-15	0.000000e+00
9.312525e+04	8.482245e-15	0.000000e+00
9.312619e+04	8.445841e-15	0.000000e+00
9.312715e+04	8.407214e-15	0.000000e+00
9.312814e+04	8.370412e-15	0.000000e+00
9.312914e+04	8.331787e-15	0.000000e+00
9.313017e+04	8.292977e-15	0.000000e+00
9.313123e+04	8.255660e-15	0.000000e+00
9.313231e+04	8.217129e-15	0.000000e+00
9.313342e+04	8.178537e-15	0.000000e+00
9.313455e+04	8.139885e-15	0.000000e+00
9.313570e+04	8.101078e-15	0.000000e+00
9.313689e+04	8.063814e-15	0.000000e+00
9.313810e+04	8.025191e-15	0.000000e+00
9.313934e+04	7.987641e-15	0.000000e+00
9.314061e+04	7.948846e-15	0.000000e+00
9.314191e+04	7.911132e-15	0.000000e+00
9.314324e+04	7.872587e-15	0.000000e+00
9.314460e+04	7.833903e-15	0.000000e+00
9.314599e+04	7.795908e-15	0.000000e+00
9.314741e+04	7.757387e-15	0.000000e+00
9.314887e+04	7.718827e-15	0.000000e+00
9.315036e+04	7.680221e-15	0.000000e+00
9.315189e+04	7.642322e-15	0.000000e+00
9.315345e+04	7.603877e-15	0.000000e+00
9.315504e+04	7.565887e-15	0.000000e+00
9.315668e+04	7.527368e-15	0.000000e+00
9.315835e+04	7.489509e-15	0.000000e+00
9.316006e+04	7.451176e-15	0.000000e+00
9.316182e+04	7.413071e-15	0.000000e+00
9.316361e+04	7.374825e-15	0.000000e+00
9.316544e+04	7.336596e-15	0.000000e+00
9.316732e+04	7.298276e-15	0.000000e+00
9.316924e+04	7.260295e-15	0.000000e+00
9.317120e+04	7.222103e-15	0.000000e+00
9.317322e+04	7.184012e-15	0.000000e+00
9.317527e+04	7.146138e-15	0.000000e+00
9.317738e+04	7.107884e-15	0.000000e+00
9.317954e+04	7.069814e-15	0.000000e+00
9.318174e+04	7.031598e-15	0.000000e+00
9.318400e+04	6.993320e-15	0.000000e+00
9.318631e+04	6.954990e-15	0.000000e+00
9.318867e+04	6.917068e-15	0.000000e+00
9.319109e+04	6.878906e-15	0.000000e+00
9.319356e+04	6.840736e-15	0.000000e+00
9.319609e+04	6.802628e-15	0.000000e+00
9.319868e+04	6.764401e-15	0.000000e+00
9.320134e+04	6.726419e-15	0.000000e+00
9.320405e+04	6.688131e-15	0.000000e+00
9.320683e+04	6.650023e-15	0.000000e+00
9.320967e+04	6.612007e-15	0.000000e+00
9.321257e+04	6.574027e-15	0.000000e+00
9.321555e+04	6.535908e-15	0.000000e+00
9.321859e+04	6.497878e-15	0.000000e+00
9.322171e+04	6.459830e-15	0.000000e+00
9.322490e+04	6.421832e-15	0.000000e+00
9.322816e+04	6.383878e-15	0.000000e+00
9.323149e+04	6.345897e-15	0.000000e+00
9.323491e+04	6.307998e-15	0.000000e+00
9.323841e+04	6.269928e-15	0.000000e+00
9.324198e+04	6.232039e-15	0.000000e+00
9.324564e+04	6.194054e-15	0.000000e+00
9.324939e+04	6.156083e-15	0.000000e+00
9.325322e+04	6.118033e-15	0.000000e+00
9.325714e+04	6.080144e-15	0.000000e+00
9.326115e+04	6.042177e-15	0.000000e+00
9.326526e+04	6.004199e-15	0.000000e+00
9.326946e+04	5.966297e-15	0.000000e+00
9.327376e+04	5.928343e-15	0.000000e+00
9.327816e+04	5.890476e-15	0.000000e+00
9.328266e+04	5.852528e-15	0.000000e+00
9.328727e+04	5.814614e-15	0.000000e+00
9.329199e+04	5.776807e-15	0.000000e+00
9.329681e+04	5.738842e-15	0.000000e+00
9.330175e+04	5.701008e-15	0.000000e+00
9.330680e+04	5.663084e-15	0.000000e+00
9.331197e+04	5.625177e-15	0.000000e+00
9.331726e+04	5.587366e-15	0.000000e+00
9.332267e+04	5.549460e-15	0.000000e+00
9.332821e+04	5.511563e-15	0.000000e+00
9.333388e+04	5.473715e-15	0.000000e+00
9.333968e+04	5.435840e-15	0.000000e+00
9.334562e+04	5.397968e-15	0.000000e+00
9.335169e+04	5.360146e-15	0.000000e+00
9.335791e+04	5.322300e-15	0.000000e+00
9.336427e+04	5.284432e-15	0.000000e+00
9.337078e+04	5.246607e-15	0.000000e+00
9.337743e+04	5.208773e-15	0.000000e+00
9.338425e+04	5.170923e-15	0.000000e+00
9.339122e+04	5.133062e-15	0.000000e+00
9.339836e+04	5.095203e-15	0.000000e+00
9.340566e+04	5.057409e-15	0.000000e+00
9.341313e+04	5.019571e-15	0.000000e+00
9.342078e+04	4.981751e-15	0.000000e+00
9.342861e+04	4.943918e-15	0.000000e+00
9.343661e+04	4.906057e-15	0.000000e+00
9.344481e+04	4.868205e-15	0.000000e+00
9.345319e+04	4.830369e-15	0.000000e+00
9.346177e+04	4.792539e-15	0.000000e+00
9.347055e+04	4.754684e-15	0.000000e+00
9.347953e+04	4.716792e-15	0.000000e+00
9.348873e+04	4.678932e-15	0.000000e+00
9.349813e+04	4.641043e-15	0.000000e+00
9.350776e+04	4.603135e-15	0.000000e+00
9.351761e+04	4.565181e-15	0.000000e+00
9.352769e+04	4.527243e-15	0.000000e+00
9.353800e+04	4.489309e-15	0.000000e+00
9.354856e+04	4.451339e-15	0.000000e+00
9.355936e+04	4.413320e-15	0.000000e+00
9.357041e+04	4.375336e-15	0.000000e+00
9.358172e+04	4.337306e-15	0.000000e+00
9.359330e+04	4.299246e-15	0.000000e+00
9.360514e+04	4.261163e-15	0.000000e+00
9.361726e+04	4.223064e-15	0.000000e+00
9.362966e+04	4.184941e-15	0.000000e+00
9.364235e+04	4.146791e-15	0.000000e+00
9.365534e+04	4.108609e-15	0.000000e+00
9.366862e+04	4.070388e-15	0.000000e+00
9.368222e+04	4.032142e-15	0.000000e+00
9.369614e+04	3.993850e-15	0.000000e+00
9.371037e+04	3.955570e-15	0.000000e+00
9.372494e+04	3.917233e-15	0.000000e+00
9.373985e+04	3.878852e-15	0.000000e+00
9.375511e+04	3.840422e-15	0.000000e+00
9.377072e+04	3.801981e-15	0.000000e+00
9.378670e+04	3.763505e-15	0.000000e+00
9.380305e+04	3.724984e-15	0.000000e+00
9.381977e+04	3.686409e-15	0.000000e+00
9.383689e+04	3.647840e-15	0.000000e+00
9.385441e+04	3.609203e-15	0.000000e+00
9.387234e+04	3.570517e-15	0.000000e+00
9.389068e+04	3.531835e-15	0.000000e+00
9.390945e+04	3.493116e-15	0.000000e+00
9.392866e+04	3.454329e-15	0.000000e+00
9.394831e+04	3.415545e-15	0.000000e+00
9.396842e+04	3.376723e-15	0.000000e+00
9.398900e+04	3.337911e-15	0.000000e+00
9.401006e+04	3.299041e-15	0.000000e+00
9.403161e+04	3.260178e-15	0.000000e+00
9.405367e+04	3.221352e-15	0.000000e+00
9.407623e+04	3.182476e-15	0.000000e+00
9.409933e+04	3.143683e-15	0.000000e+00
9.412295e+04	3.104903e-15	0.000000e+00
9.414714e+04	3.066160e-15	0.000000e+00
9.417188e+04	3.027480e-15	0.000000e+00
9.419720e+04	2.988870e-15	0.000000e+00
9.422311e+04	2.950370e-15	0.000000e+00
9.424962e+04	2.911958e-15	0.000000e+00
9.427675e+04	2.873709e-15	0.000000e+00
9.430452e+04	2.835579e-15	0.000000e+00
9.433292e+04	2.797639e-15	0.000000e+00
9.436200e+04	2.759886e-15	0.000000e+00
9.439174e+04	2.722347e-15	0.000000e+00
9.442219e+04	2.685063e-15	9.706605e-15
9.445334e+04	2.648025e-15	8.034515e-15
9.448521e+04	2.611282e-15	7.206698e-15
9.451783e+04	2.574860e-15	6.649343e-15
9.455121e+04	2.538763e-15	6.226129e-15
9.458536e+04	2.503025e-15	5.883234e-15
9.462032e+04	2.467668e-15	5.594428e-15
9.465608e+04	2.432692e-15	5.343744e-15
9.469268e+04	2.398166e-15	5.122177e-15
9.473013e+04	2.364039e-15	4.922813e-15
9.476845e+04	2.330398e-15	4.741611e-15
9.480767e+04	2.297200e-15	4.574858e-15
9.484780e+04	2.264499e-15	4.420317e-15
9.488886e+04	2.232286e-15	4.276064e-15
9.493088e+04	2.200578e-15	4.140597e-15
9.497388e+04	2.169382e-15	4.012729e-15
9.501788e+04	2.138703e-15	3.891540e-15
9.506291e+04	2.108545e-15	3.776128e-15
9.510898e+04	2.078939e-15	3.666105e-15
9.515613e+04	2.049843e-15	3.560799e-15
9.520438e+04	2.021303e-15	3.459925e-15
9.525375e+04	1.993291e-15	3.363035e-15
9.530427e+04	1.965820e-15	3.269963e-15
9.535596e+04	1.938880e-15	3.180435e-15
9.540887e+04	1.912465e-15	3.094376e-15
9.546300e+04	1.886591e-15	3.011638e-15
9.551839e+04	1.861234e-15	2.932034e-15
9.557508e+04	1.836394e-15	2.855587e-15
9.563308e+04	1.812062e-15	2.782134e-15
9.569244e+04	1.788225e-15	2.711620e-15
9.575317e+04	1.764892e-15	2.644003e-15
9.581533e+04	1.742041e-15	2.579137e-15
9.587893e+04	1.719660e-15	2.517025e-15
9.594401e+04	1.697746e-15	2.457500e-15
9.601061e+04	1.676268e-15	2.400523e-15
9.607876e+04	1.655247e-15	2.346049e-15
9.614850e+04	1.634642e-15	2.293872e-15
9.621986e+04	1.614429e-15	2.243954e-15
9.629288e+04	1.594627e-15	2.196218e-15
9.636760e+04	1.575212e-15	2.150533e-15
9.644407e+04	1.556156e-15	2.106806e-15
9.652232e+04	1.537468e-15	2.064947e-15
9.660238e+04	1.519136e-15	2.024883e-15
9.668432e+04	1.501167e-15	1.986486e-15
9.676816e+04	1.483571e-15	1.949715e-15
9.685396e+04	1.466362e-15	1.914460e-15
9.694175e+04	1.449558e-15	1.880621e-15
9.703159e+04	1.433193e-15	1.848150e-15
9.712352e+04	1.417290e-15	1.816992e-15
9.721759e+04	1.401861e-15	1.787027e-15
9.731385e+04	1.386943e-15	1.758234e-15
9.741236e+04	1.372545e-15	1.730523e-15
9.751316e+04	1.358678e-15	1.703858e-15
9.761631e+04	1.345343e-15	1.678159e-15
9.772186e+04	1.332539e-15	1.653371e-15
9.782987e+04	1.320277e-15	1.629461e-15
9.794040e+04	1.308543e-15	1.606356e-15
9.805350e+04	1.297339e-15	1.584031e-15
9.816923e+04	1.286639e-15	1.562414e-15
9.828766e+04	1.276449e-15	1.541473e-15
9.840885e+04	1.266755e-15	1.521166e-15
9.853286e+04	1.257534e-15	1.501430e-15
9.865976e+04	1.248785e-15	1.482238e-15
9.878962e+04	1.240489e-15	1.463569e-15
9.892250e+04	1.232635e-15	1.445387e-15
9.905847e+04	1.225202e-15	1.427682e-15
9.919762e+04	1.218173e-15	1.410451e-15
9.934000e+04	1.211544e-15	1.393739e-15
9.948570e+04	1.205297e-15	1.377573e-15
9.963480e+04	1.199408e-15	1.361982e-15
