E, cm-1	Sigma_00, cm2	Sigma_01, cm2	Sigma_10, cm2	Sigma_11, cm2	
9.308950e+04	2.245187e-14	0.000000e+00	0.000000e+00	0.000000e+00
9.308961e+04	2.214146e-14	0.000000e+00	0.000000e+00	0.000000e+00
9.308972e+04	2.183065e-14	0.000000e+00	0.000000e+00	0.000000e+00
9.308983e+04	2.385859e-14	0.000000e+00	0.000000e+00	0.000000e+00
9.308994e+04	2.366291e-14	0.000000e+00	0.000000e+00	0.000000e+00
9.309006e+04	2.345440e-14	0.000000e+00	0.000000e+00	0.000000e+00
9.309018e+04	2.323380e-14	0.000000e+00	0.000000e+00	0.000000e+00
9.309031e+04	2.300216e-14	0.000000e+00	0.000000e+00	0.000000e+00
9.309043e+04	2.276086e-14	0.000000e+00	0.000000e+00	0.000000e+00
9.309056e+04	2.251167e-14	0.000000e+00	0.000000e+00	0.000000e+00
9.309070e+04	2.225656e-14	0.000000e+00	0.000000e+00	0.000000e+00
9.309083e+04	2.199781e-14	0.000000e+00	0.000000e+00	0.000000e+00
9.309097e+04	2.173784e-14	0.000000e+00	0.000000e+00	0.000000e+00
9.309112e+04	2.322646e-14	0.000000e+00	0.000000e+00	0.000000e+00
9.309126e+04	2.305175e-14	0.000000e+00	0.000000e+00	0.000000e+00
9.309141e+04	2.286882e-14	0.000000e+00	0.000000e+00	0.000000e+00
9.309156e+04	2.267813e-14	0.000000e+00	0.000000e+00	0.000000e+00
9.309172e+04	2.248052e-14	0.000000e+00	0.000000e+00	0.000000e+00
9.309188e+04	2.227704e-14	0.000000e+00	0.000000e+00	0.000000e+00
9.309204e+04	2.206890e-14	0.000000e+00	0.000000e+00	0.000000e+00
9.309221e+04	2.185742e-14	0.000000e+00	0.000000e+00	0.000000e+00
9.309238e+04	2.291042e-14	0.000000e+00	0.000000e+00	0.000000e+00
9.309256e+04	2.277005e-14	0.000000e+00	0.000000e+00	0.000000e+00
9.309273e+04	2.262191e-14	0.000000e+00	0.000000e+00	0.000000e+00
9.309292e+04	2.246635e-14	0.000000e+00	0.000000e+00	0.000000e+00
9.309311e+04	2.230418e-14	0.000000e+00	0.000000e+00	0.000000e+00
9.309330e+04	2.213652e-14	0.000000e+00	0.000000e+00	0.000000e+00
9.309349e+04	2.196453e-14	0.000000e+00	0.000000e+00	0.000000e+00
9.309370e+04	2.178941e-14	0.000000e+00	0.000000e+00	0.000000e+00
9.309390e+04	2.257590e-14	0.000000e+00	0.000000e+00	0.000000e+00
9.309411e+04	2.245595e-14	0.000000e+00	0.000000e+00	0.000000e+00
9.309433e+04	2.232999e-14	0.000000e+00	0.000000e+00	0.000000e+00
9.309455e+04	2.219829e-14	0.000000e+00	0.000000e+00	0.000000e+00
9.309477e+04	2.206130e-14	0.000000e+00	0.000000e+00	0.000000e+00
9.309500e+04	2.191970e-14	0.000000e+00	0.000000e+00	0.000000e+00
9.309524e+04	2.177434e-14	0.000000e+00	0.000000e+00	0.000000e+00
9.309548e+04	2.162613e-14	0.000000e+00	0.000000e+00	0.000000e+00
9.309573e+04	2.225897e-14	0.000000e+00	0.000000e+00	0.000000e+00
9.309598e+04	2.215047e-14	0.000000e+00	0.000000e+00	0.000000e+00
9.309624e+04	2.203704e-14	0.000000e+00	0.000000e+00	0.000000e+00
9.309651e+04	2.191917e-14	0.000000e+00	0.000000e+00	0.000000e+00
9.309678e+04	2.179736e-14	0.000000e+00	0.000000e+00	0.000000e+00
9.309706e+04	2.167222e-14	0.000000e+00	0.000000e+00	0.000000e+00
9.309734e+04	2.214473e-14	0.000000e+00	0.000000e+00	0.000000e+00
9.309763e+04	2.205139e-14	0.000000e+00	0.000000e+00	0.000000e+00
9.309793e+04	2.195331e-14	0.000000e+00	0.000000e+00	0.000000e+00
9.309823e+04	2.185085e-14	0.000000e+00	0.000000e+00	0.000000e+00
9.309854e+04	2.174449e-14	0.000000e+00	0.000000e+00	0.000000e+00
9.309886e+04	2.163464e-14	0.000000e+00	0.000000e+00	0.000000e+00
9.309919e+04	2.199854e-14	0.000000e+00	0.000000e+00	0.000000e+00
9.309952e+04	2.191311e-14	0.000000e+00	0.000000e+00	0.000000e+00
9.309987e+04	2.182372e-14	0.000000e+00	0.000000e+00	0.000000e+00
9.310021e+04	2.173063e-14	0.000000e+00	0.000000e+00	0.000000e+00
9.310057e+04	2.163416e-14	0.000000e+00	0.000000e+00	0.000000e+00
9.310094e+04	2.153471e-14	0.000000e+00	0.000000e+00	0.000000e+00
9.310131e+04	2.182784e-14	0.000000e+00	0.000000e+00	0.000000e+00
9.310170e+04	2.174906e-14	0.000000e+00	0.000000e+00	0.000000e+00
9.310209e+04	2.166717e-14	0.000000e+00	0.000000e+00	0.000000e+00
9.310249e+04	2.158221e-14	0.000000e+00	0.000000e+00	0.000000e+00
9.310290e+04	2.149453e-14	0.000000e+00	0.000000e+00	0.000000e+00
9.310332e+04	2.140437e-14	0.000000e+00	0.000000e+00	0.000000e+00
9.310375e+04	2.164632e-14	0.000000e+00	0.000000e+00	0.000000e+00
9.310419e+04	2.157401e-14	0.000000e+00	0.000000e+00	0.000000e+00
9.310464e+04	2.149925e-14	0.000000e+00	0.000000e+00	0.000000e+00
9.310510e+04	2.142219e-14	0.000000e+00	0.000000e+00	0.000000e+00
9.310557e+04	2.134290e-14	0.000000e+00	0.000000e+00	0.000000e+00
9.310606e+04	2.153518e-14	0.000000e+00	0.000000e+00	0.000000e+00
9.310655e+04	2.147094e-14	0.000000e+00	0.000000e+00	0.000000e+00
9.310705e+04	2.140462e-14	0.000000e+00	0.000000e+00	0.000000e+00
9.310757e+04	2.133621e-14	0.000000e+00	0.000000e+00	0.000000e+00
9.310810e+04	2.126564e-14	0.000000e+00	0.000000e+00	0.000000e+00
9.310864e+04	2.142440e-14	0.000000e+00	0.000000e+00	0.000000e+00
9.310920e+04	2.136571e-14	0.000000e+00	0.000000e+00	0.000000e+00
9.310976e+04	2.130493e-14	0.000000e+00	0.000000e+00	0.000000e+00
9.311034e+04	2.124201e-14	0.000000e+00	0.000000e+00	0.000000e+00
9.311094e+04	2.136452e-14	0.000000e+00	0.000000e+00	0.000000e+00
9.311154e+04	2.131095e-14	0.000000e+00	0.000000e+00	0.000000e+00
9.311216e+04	2.125511e-14	0.000000e+00	0.000000e+00	0.000000e+00
9.311280e+04	2.119680e-14	0.000000e+00	0.000000e+00	0.000000e+00
9.311345e+04	2.113581e-14	0.000000e+00	0.000000e+00	0.000000e+00
9.311412e+04	2.124199e-14	0.000000e+00	0.000000e+00	0.000000e+00
9.311480e+04	2.118891e-14	0.000000e+00	0.000000e+00	0.000000e+00
9.311550e+04	2.113345e-14	0.000000e+00	0.000000e+00	0.000000e+00
9.311621e+04	2.107560e-14	0.000000e+00	0.000000e+00	0.000000e+00
9.311694e+04	2.116144e-14	0.000000e+00	0.000000e+00	0.000000e+00
9.311769e+04	2.111008e-14	0.000000e+00	0.000000e+00	0.000000e+00
9.311845e+04	2.105701e-14	0.000000e+00	0.000000e+00	0.000000e+00
9.311923e+04	2.100191e-14	0.000000e+00	0.000000e+00	0.000000e+00
9.312004e+04	2.107407e-14	0.000000e+00	0.000000e+00	0.000000e+00
9.312085e+04	2.102552e-14	0.000000e+00	0.000000e+00	0.000000e+00
9.312169e+04	2.097519e-14	0.000000e+00	0.000000e+00	0.000000e+00
9.312255e+04	2.102826e-14	0.000000e+00	0.000000e+00	0.000000e+00
9.312343e+04	2.098401e-14	0.000000e+00	0.000000e+00	0.000000e+00
9.312433e+04	2.093832e-14	0.000000e+00	0.000000e+00	0.000000e+00
9.312525e+04	2.089108e-14	0.000000e+00	0.000000e+00	0.000000e+00
9.312619e+04	2.093783e-14	0.000000e+00	0.000000e+00	0.000000e+00
9.312715e+04	2.089517e-14	0.000000e+00	0.000000e+00	0.000000e+00
9.312814e+04	2.085113e-14	0.000000e+00	0.000000e+00	0.000000e+00
9.312914e+04	2.080538e-14	0.000000e+00	0.000000e+00	0.000000e+00
9.313017e+04	2.084678e-14	0.000000e+00	0.000000e+00	0.000000e+00
9.313123e+04	2.080454e-14	0.000000e+00	0.000000e+00	0.000000e+00
9.313231e+04	2.076025e-14	0.000000e+00	0.000000e+00	0.000000e+00
9.313342e+04	2.079065e-14	0.000000e+00	0.000000e+00	0.000000e+00
9.313455e+04	2.074972e-14	0.000000e+00	0.000000e+00	0.000000e+00
9.313570e+04	2.070703e-14	0.000000e+00	0.000000e+00	0.000000e+00
9.313689e+04	2.072924e-14	0.000000e+00	0.000000e+00	0.000000e+00
9.313810e+04	2.068927e-14	0.000000e+00	0.000000e+00	0.000000e+00
9.313934e+04	2.064790e-14	0.000000e+00	0.000000e+00	0.000000e+00
9.314061e+04	2.066648e-14	0.000000e+00	0.000000e+00	0.000000e+00
9.314191e+04	2.062738e-14	0.000000e+00	0.000000e+00	0.000000e+00
9.314324e+04	2.058761e-14	0.000000e+00	0.000000e+00	0.000000e+00
9.314460e+04	2.060202e-14	0.000000e+00	0.000000e+00	0.000000e+00
9.314599e+04	2.056515e-14	0.000000e+00	0.000000e+00	0.000000e+00
9.314741e+04	2.052685e-14	0.000000e+00	0.000000e+00	0.000000e+00
9.314887e+04	2.053710e-14	0.000000e+00	0.000000e+00	0.000000e+00
9.315036e+04	2.050150e-14	0.000000e+00	0.000000e+00	0.000000e+00
9.315189e+04	2.046455e-14	0.000000e+00	0.000000e+00	0.000000e+00
9.315345e+04	2.047219e-14	0.000000e+00	0.000000e+00	0.000000e+00
9.315504e+04	2.043685e-14	0.000000e+00	0.000000e+00	0.000000e+00
9.315668e+04	2.040029e-14	0.000000e+00	0.000000e+00	0.000000e+00
9.315835e+04	2.040463e-14	0.000000e+00	0.000000e+00	0.000000e+00
9.316006e+04	2.036945e-14	0.000000e+00	0.000000e+00	0.000000e+00
9.316182e+04	2.037056e-14	0.000000e+00	0.000000e+00	0.000000e+00
9.316361e+04	2.033591e-14	0.000000e+00	0.000000e+00	0.000000e+00
9.316544e+04	2.030102e-14	0.000000e+00	0.000000e+00	0.000000e+00
9.316732e+04	2.030068e-14	0.000000e+00	0.000000e+00	0.000000e+00
9.316924e+04	2.026707e-14	0.000000e+00	0.000000e+00	0.000000e+00
9.317120e+04	2.026351e-14	0.000000e+00	0.000000e+00	0.000000e+00
9.317322e+04	2.023135e-14	0.000000e+00	0.000000e+00	0.000000e+00
9.317527e+04	2.019803e-14	0.000000e+00	0.000000e+00	0.000000e+00
9.317738e+04	2.019346e-14	0.000000e+00	0.000000e+00	0.000000e+00
9.317954e+04	2.016119e-14	0.000000e+00	0.000000e+00	0.000000e+00
9.318174e+04	2.015422e-14	0.000000e+00	0.000000e+00	0.000000e+00
9.318400e+04	2.012273e-14	0.000000e+00	0.000000e+00	0.000000e+00
9.318631e+04	2.011403e-14	0.000000e+00	0.000000e+00	0.000000e+00
9.318867e+04	2.008284e-14	0.000000e+00	0.000000e+00	0.000000e+00
9.319109e+04	2.005178e-14	0.000000e+00	0.000000e+00	0.000000e+00
9.319356e+04	2.004320e-14	0.000000e+00	0.000000e+00	0.000000e+00
9.319609e+04	2.001264e-14	0.000000e+00	0.000000e+00	0.000000e+00
9.319868e+04	2.000336e-14	0.000000e+00	0.000000e+00	0.000000e+00
9.320134e+04	1.997286e-14	0.000000e+00	0.000000e+00	0.000000e+00
9.320405e+04	1.996239e-14	0.000000e+00	0.000000e+00	0.000000e+00
9.320683e+04	1.993254e-14	0.000000e+00	0.000000e+00	0.000000e+00
9.320967e+04	1.992005e-14	0.000000e+00	0.000000e+00	0.000000e+00
9.321257e+04	1.989063e-14	0.000000e+00	0.000000e+00	0.000000e+00
9.321555e+04	1.987691e-14	0.000000e+00	0.000000e+00	0.000000e+00
9.321859e+04	1.984796e-14	0.000000e+00	0.000000e+00	0.000000e+00
9.322171e+04	1.983368e-14	0.000000e+00	0.000000e+00	0.000000e+00
9.322490e+04	1.980497e-14	0.000000e+00	0.000000e+00	0.000000e+00
9.322816e+04	1.978991e-14	0.000000e+00	0.000000e+00	0.000000e+00
9.323149e+04	1.976124e-14	0.000000e+00	0.000000e+00	0.000000e+00
9.323491e+04	1.974494e-14	0.000000e+00	0.000000e+00	0.000000e+00
9.323841e+04	1.971583e-14	0.000000e+00	0.000000e+00	0.000000e+00
9.324198e+04	1.969885e-14	0.000000e+00	0.000000e+00	0.000000e+00
9.324564e+04	1.968145e-14	0.000000e+00	0.000000e+00	0.000000e+00
9.324939e+04	1.965230e-14	0.000000e+00	0.000000e+00	0.000000e+00
9.325322e+04	1.963442e-14	0.000000e+00	0.000000e+00	0.000000e+00
9.325714e+04	1.960528e-14	0.000000e+00	0.000000e+00	0.000000e+00
9.326115e+04	1.958697e-14	0.000000e+00	0.000000e+00	0.000000e+00
9.326526e+04	1.955739e-14	0.000000e+00	0.000000e+00	0.000000e+00
9.326946e+04	1.953857e-14	0.000000e+00	0.000000e+00	0.000000e+00
9.327376e+04	1.951802e-14	0.000000e+00	0.000000e+00	0.000000e+00
9.327816e+04	1.948907e-14	0.000000e+00	0.000000e+00	0.000000e+00
9.328266e+04	1.946801e-14	0.000000e+00	0.000000e+00	0.000000e+00
9.328727e+04	1.944615e-14	0.000000e+00	0.000000e+00	0.000000e+00
9.329199e+04	1.941701e-14	0.000000e+00	0.000000e+00	0.000000e+00
9.329681e+04	1.939458e-14	0.000000e+00	0.000000e+00	0.000000e+00
9.330175e+04	1.936515e-14	0.000000e+00	0.000000e+00	0.000000e+00
9.330680e+04	1.934264e-14	0.000000e+00	0.000000e+00	0.000000e+00
9.331197e+04	1.931967e-14	0.000000e+00	0.000000e+00	0.000000e+00
9.331726e+04	1.929075e-14	0.000000e+00	0.000000e+00	0.000000e+00
9.332267e+04	1.926779e-14	0.000000e+00	0.000000e+00	0.000000e+00
9.332821e+04	1.924440e-14	0.000000e+00	0.000000e+00	0.000000e+00
9.333388e+04	1.921573e-14	0.000000e+00	0.000000e+00	0.000000e+00
9.333968e+04	1.919217e-14	0.000000e+00	0.000000e+00	0.000000e+00
9.334562e+04	1.916824e-14	0.000000e+00	0.000000e+00	0.000000e+00
9.335169e+04	1.914516e-14	0.000000e+00	0.000000e+00	0.000000e+00
9.335791e+04	1.911615e-14	0.000000e+00	0.000000e+00	0.000000e+00
9.336427e+04	1.909211e-14	0.000000e+00	0.000000e+00	0.000000e+00
9.337078e+04	1.906858e-14	0.000000e+00	0.000000e+00	0.000000e+00
9.337743e+04	1.904445e-14	0.000000e+00	0.000000e+00	0.000000e+00
9.338425e+04	1.901516e-14	0.000000e+00	0.000000e+00	0.000000e+00
9.339122e+04	1.899048e-14	0.000000e+00	0.000000e+00	0.000000e+00
9.339836e+04	1.896639e-14	0.000000e+00	0.000000e+00	0.000000e+00
9.340566e+04	1.894146e-14	0.000000e+00	0.000000e+00	0.000000e+00
9.341313e+04	1.891192e-14	0.000000e+00	0.000000e+00	0.000000e+00
9.342078e+04	1.888635e-14	0.000000e+00	0.000000e+00	0.000000e+00
9.342861e+04	1.886065e-14	0.000000e+00	0.000000e+00	0.000000e+00
9.343661e+04	1.883512e-14	0.000000e+00	0.000000e+00	0.000000e+00
9.344481e+04	1.880892e-14	0.000000e+00	0.000000e+00	0.000000e+00
9.345319e+04	1.878236e-14	0.000000e+00	0.000000e+00	0.000000e+00
9.346177e+04	1.875247e-14	0.000000e+00	0.000000e+00	0.000000e+00
9.347055e+04	1.872583e-14	0.000000e+00	0.000000e+00	0.000000e+00
9.347953e+04	1.869915e-14	0.000000e+00	0.000000e+00	0.000000e+00
9.348873e+04	1.867255e-14	0.000000e+00	0.000000e+00	0.000000e+00
9.349813e+04	1.864612e-14	0.000000e+00	0.000000e+00	0.000000e+00
9.350776e+04	1.861950e-14	0.000000e+00	0.000000e+00	0.000000e+00
9.351761e+04	1.859265e-14	0.000000e+00	0.000000e+00	0.000000e+00
9.352769e+04	1.856547e-14	0.000000e+00	0.000000e+00	0.000000e+00
9.353800e+04	1.853808e-14	0.000000e+00	0.000000e+00	0.000000e+00
9.354856e+04	1.850829e-14	0.000000e+00	0.000000e+00	0.000000e+00
9.355936e+04	1.848068e-14	0.000000e+00	0.000000e+00	0.000000e+00
9.357041e+04	1.845274e-14	0.000000e+00	0.000000e+00	0.000000e+00
9.358172e+04	1.842463e-14	0.000000e+00	0.000000e+00	0.000000e+00
9.359330e+04	1.839644e-14	0.000000e+00	0.000000e+00	0.000000e+00
9.360514e+04	1.836813e-14	0.000000e+00	0.000000e+00	0.000000e+00
9.361726e+04	1.833987e-14	0.000000e+00	0.000000e+00	0.000000e+00
9.362966e+04	1.831139e-14	0.000000e+00	0.000000e+00	0.000000e+00
9.364235e+04	1.828291e-14	0.000000e+00	0.000000e+00	0.000000e+00
9.365534e+04	1.825510e-14	0.000000e+00	0.000000e+00	0.000000e+00
9.366862e+04	1.822643e-14	0.000000e+00	0.000000e+00	0.000000e+00
9.368222e+04	1.819766e-14	0.000000e+00	0.000000e+00	0.000000e+00
9.369614e+04	1.816888e-14	0.000000e+00	0.000000e+00	0.000000e+00
9.371037e+04	1.813991e-14	0.000000e+00	0.000000e+00	0.000000e+00
9.372494e+04	1.811079e-14	0.000000e+00	0.000000e+00	0.000000e+00
9.373985e+04	1.808143e-14	0.000000e+00	0.000000e+00	0.000000e+00
9.375511e+04	1.805176e-14	0.000000e+00	0.000000e+00	0.000000e+00
9.377072e+04	1.802166e-14	0.000000e+00	0.000000e+00	0.000000e+00
9.378670e+04	1.799222e-14	0.000000e+00	0.000000e+00	0.000000e+00
9.380305e+04	1.796390e-14	0.000000e+00	0.000000e+00	0.000000e+00
9.381977e+04	1.793362e-14	0.000000e+00	0.000000e+00	0.000000e+00
9.383689e+04	1.790320e-14	0.000000e+00	0.000000e+00	0.000000e+00
9.385441e+04	1.787341e-14	0.000000e+00	0.000000e+00	0.000000e+00
9.387234e+04	1.784416e-14	0.000000e+00	0.000000e+00	0.000000e+00
9.389068e+04	1.781331e-14	0.000000e+00	0.000000e+00	0.000000e+00
9.390945e+04	1.778316e-14	0.000000e+00	0.000000e+00	0.000000e+00
9.392866e+04	1.775291e-14	0.000000e+00	0.000000e+00	0.000000e+00
9.394831e+04	1.772255e-14	0.000000e+00	0.000000e+00	0.000000e+00
9.396842e+04	1.769225e-14	0.000000e+00	0.000000e+00	0.000000e+00
9.398900e+04	1.766150e-14	0.000000e+00	0.000000e+00	0.000000e+00
9.401006e+04	1.763101e-14	0.000000e+00	0.000000e+00	0.000000e+00
9.403161e+04	1.760025e-14	0.000000e+00	0.000000e+00	0.000000e+00
9.405367e+04	1.756843e-14	0.000000e+00	0.000000e+00	0.000000e+00
9.407623e+04	1.753833e-14	0.000000e+00	0.000000e+00	0.000000e+00
9.409933e+04	1.750644e-14	0.000000e+00	0.000000e+00	0.000000e+00
9.412295e+04	1.747541e-14	0.000000e+00	0.000000e+00	0.000000e+00
9.414714e+04	1.744421e-14	0.000000e+00	0.000000e+00	0.000000e+00
9.417188e+04	1.741300e-14	0.000000e+00	0.000000e+00	0.000000e+00
9.419720e+04	1.738166e-14	0.000000e+00	0.000000e+00	0.000000e+00
9.422311e+04	1.734999e-14	0.000000e+00	0.000000e+00	0.000000e+00
9.424962e+04	1.731875e-14	0.000000e+00	0.000000e+00	0.000000e+00
9.427675e+04	1.728585e-14	0.000000e+00	0.000000e+00	0.000000e+00
9.430452e+04	1.725508e-14	0.000000e+00	0.000000e+00	0.000000e+00
9.433292e+04	1.722267e-14	0.000000e+00	0.000000e+00	0.000000e+00
9.436200e+04	1.719033e-14	0.000000e+00	0.000000e+00	0.000000e+00
9.439174e+04	1.715883e-14	0.000000e+00	0.000000e+00	0.000000e+00
9.442219e+04	1.712710e-14	1.215695e-21	1.622235e-23	2.200210e-14
9.445334e+04	1.709464e-14	7.260852e-21	2.599612e-22	2.053917e-14
9.448521e+04	1.706233e-14	2.867784e-21	1.656172e-22	1.997232e-14
9.451783e+04	1.703018e-14	3.296043e-21	2.610438e-22	1.963373e-14
9.455121e+04	1.699794e-14	6.224322e-21	6.234227e-22	1.939155e-14
9.458536e+04	1.696508e-14	3.507722e-21	4.231787e-22	1.917775e-14
9.462032e+04	1.693249e-14	2.928143e-21	4.118686e-22	1.898039e-14
9.465608e+04	1.689980e-14	3.951957e-21	6.331811e-22	1.880863e-14
9.469268e+04	1.686711e-14	2.841462e-21	5.095746e-22	1.866132e-14
9.473013e+04	1.683442e-14	3.057470e-21	6.054280e-22	1.852213e-14
9.476845e+04	1.680135e-14	3.016588e-21	6.524016e-22	1.838949e-14
9.480767e+04	1.676808e-14	2.865583e-21	6.708650e-22	1.826961e-14
9.484780e+04	1.673464e-14	3.362801e-21	8.458956e-22	1.815811e-14
9.488886e+04	1.670181e-14	4.073756e-21	1.094137e-21	1.805085e-14
9.493088e+04	1.666891e-14	3.964934e-21	1.130922e-21	1.794926e-14
9.497388e+04	1.663583e-14	3.501637e-21	1.055748e-21	1.785207e-14
9.501788e+04	1.660214e-14	3.414776e-21	1.083853e-21	1.776038e-14
9.506291e+04	1.656889e-14	3.359595e-21	1.118539e-21	1.767040e-14
9.510898e+04	1.653547e-14	3.295560e-21	1.147260e-21	1.758559e-14
9.515613e+04	1.650176e-14	3.271186e-21	1.187314e-21	1.750206e-14
9.520438e+04	1.646770e-14	3.153196e-21	1.190212e-21	1.742302e-14
9.525375e+04	1.643283e-14	2.983777e-21	1.168545e-21	1.734456e-14
9.530427e+04	1.639939e-14	2.934657e-21	1.189948e-21	1.727033e-14
9.535596e+04	1.636516e-14	3.053675e-21	1.279533e-21	1.719691e-14
9.540887e+04	1.633045e-14	3.276253e-21	1.416124e-21	1.712488e-14
9.546300e+04	1.629680e-14	3.521161e-21	1.567489e-21	1.705541e-14
9.551839e+04	1.626255e-14	3.688877e-21	1.688739e-21	1.698745e-14
9.557508e+04	1.622745e-14	3.721182e-21	1.749456e-21	1.692010e-14
9.563308e+04	1.619357e-14	3.668714e-21	1.769038e-21	1.685567e-14
9.569244e+04	1.615843e-14	3.701641e-21	1.828545e-21	1.679048e-14
9.575317e+04	1.612422e-14	4.146004e-21	2.095808e-21	1.672892e-14
9.581533e+04	1.608899e-14	5.374191e-21	2.777150e-21	1.666720e-14
9.587893e+04	1.605435e-14	7.607881e-21	4.015111e-21	1.660627e-14
9.594401e+04	1.601878e-14	1.083918e-20	5.836969e-21	1.654634e-14
9.601061e+04	1.598446e-14	1.507999e-20	8.279086e-21	1.648717e-14
9.607876e+04	1.594901e-14	2.053435e-20	1.148439e-20	1.642922e-14
9.614850e+04	1.591360e-14	2.773035e-20	1.578714e-20	1.637178e-14
9.621986e+04	1.587858e-14	3.740085e-20	2.165931e-20	1.631491e-14
9.629288e+04	1.584268e-14	5.060970e-20	2.979359e-20	1.625930e-14
9.636760e+04	1.580676e-14	6.873016e-20	4.110447e-20	1.620297e-14
9.644407e+04	1.577218e-14	9.352675e-20	5.678993e-20	1.614798e-14
9.652232e+04	1.573617e-14	1.270472e-19	7.827969e-20	1.609430e-14
9.660238e+04	1.569972e-14	1.716093e-19	1.072359e-19	1.604071e-14
9.668432e+04	1.566351e-14	2.296144e-19	1.454430e-19	1.598786e-14
9.676816e+04	1.562727e-14	3.032941e-19	1.946441e-19	1.593456e-14
9.685396e+04	1.559234e-14	3.950954e-19	2.567809e-19	1.588271e-14
9.694175e+04	1.555585e-14	5.073638e-19	3.337896e-19	1.583175e-14
9.703159e+04	1.551949e-14	6.428183e-19	4.279096e-19	1.577952e-14
9.712352e+04	1.548335e-14	8.051356e-19	5.420878e-19	1.572903e-14
9.721759e+04	1.544576e-14	9.983755e-19	6.796186e-19	1.567903e-14
9.731385e+04	1.540966e-14	1.227844e-18	8.447466e-19	1.562844e-14
9.741236e+04	1.537270e-14	1.500067e-18	1.042688e-18	1.557853e-14
9.751316e+04	1.533634e-14	1.822393e-18	1.279383e-18	1.552932e-14
9.761631e+04	1.529913e-14	2.203248e-18	1.561700e-18	1.547928e-14
9.772186e+04	1.526213e-14	2.650768e-18	1.896480e-18	1.543122e-14
9.782987e+04	1.522567e-14	3.171436e-18	2.289531e-18	1.538190e-14
9.794040e+04	1.518792e-14	3.769573e-18	2.745201e-18	1.533284e-14
9.805350e+04	1.515159e-14	4.445479e-18	3.264929e-18	1.528586e-14
9.816923e+04	1.511373e-14	5.188754e-18	3.842185e-18	1.523732e-14
9.828766e+04	1.507708e-14	5.983134e-18	4.465754e-18	1.518886e-14
9.840885e+04	1.503906e-14	6.796828e-18	5.112324e-18	1.514142e-14
9.853286e+04	1.500109e-14	7.585987e-18	5.748696e-18	1.509461e-14
9.865976e+04	1.496443e-14	8.289717e-18	6.327688e-18	1.504784e-14
9.878962e+04	1.492608e-14	8.842145e-18	6.797004e-18	1.500050e-14
9.892250e+04	1.488817e-14	9.187786e-18	7.111073e-18	1.495356e-14
9.905847e+04	1.485054e-14	9.300361e-18	7.246053e-18	1.490650e-14
9.919762e+04	1.481240e-14	9.204499e-18	7.217645e-18	1.486025e-14
9.934000e+04	1.477475e-14	8.989545e-18	7.093261e-18	1.481398e-14
9.948570e+04	1.473660e-14	8.793917e-18	6.981124e-18	1.476781e-14
9.963480e+04	1.469818e-14	8.787188e-18	7.017015e-18	1.472228e-14
9.978736e+04	1.465967e-14	9.135954e-18	7.337416e-18	1.467608e-14
9.994349e+04	1.462148e-14	9.999650e-18	8.075891e-18	1.462941e-14
1.001032e+05	1.458302e-14	1.150887e-17	9.345166e-18	1.458453e-14
1.002667e+05	1.454410e-14	1.377029e-17	1.124036e-17	1.453811e-14
1.004340e+05	1.450585e-14	1.687228e-17	1.384300e-17	1.449322e-14
1.006052e+05	1.446567e-14	2.087034e-17	1.720853e-17	1.444698e-14
1.007804e+05	1.442743e-14	2.582203e-17	2.139456e-17	1.440227e-14
1.009596e+05	1.438872e-14	3.174591e-17	2.642662e-17	1.435683e-14
1.011430e+05	1.434847e-14	3.866225e-17	3.233153e-17	1.431088e-14
1.013307e+05	1.431015e-14	4.658773e-17	3.913291e-17	1.426528e-14
1.015228e+05	1.426962e-14	5.551192e-17	4.683128e-17	1.422103e-14
1.017194e+05	1.423126e-14	6.542766e-17	5.542934e-17	1.417576e-14
1.019205e+05	1.419080e-14	7.631108e-17	6.491506e-17	1.413045e-14
1.021263e+05	1.415230e-14	8.815991e-17	7.529411e-17	1.408495e-14
1.023369e+05	1.411196e-14	1.009225e-16	8.652939e-17	1.404016e-14
1.025524e+05	1.407170e-14	1.145963e-16	9.862510e-17	1.399511e-14
1.027729e+05	1.403231e-14	1.291466e-16	1.115573e-16	1.394990e-14
