E, cm-1	Sigma_00, cm2	Sigma_01, cm2	Sigma_10, cm2	Sigma_11, cm2	
9.308950e+04	3.235097e-14	0.000000e+00	0.000000e+00	0.000000e+00
9.308961e+04	3.127997e-14	0.000000e+00	0.000000e+00	0.000000e+00
9.308972e+04	3.024694e-14	0.000000e+00	0.000000e+00	0.000000e+00
9.308983e+04	2.925324e-14	0.000000e+00	0.000000e+00	0.000000e+00
9.308994e+04	3.852102e-14	0.000000e+00	0.000000e+00	0.000000e+00
9.309006e+04	3.742881e-14	0.000000e+00	0.000000e+00	0.000000e+00
9.309018e+04	3.634776e-14	0.000000e+00	0.000000e+00	0.000000e+00
9.309031e+04	3.528339e-14	0.000000e+00	0.000000e+00	0.000000e+00
9.309043e+04	3.424023e-14	0.000000e+00	0.000000e+00	0.000000e+00
9.309056e+04	3.322192e-14	0.000000e+00	0.000000e+00	0.000000e+00
9.309070e+04	3.223125e-14	0.000000e+00	0.000000e+00	0.000000e+00
9.309083e+04	3.127018e-14	0.000000e+00	0.000000e+00	0.000000e+00
9.309097e+04	3.878693e-14	0.000000e+00	0.000000e+00	0.000000e+00
9.309112e+04	3.781407e-14	0.000000e+00	0.000000e+00	0.000000e+00
9.309126e+04	3.684350e-14	0.000000e+00	0.000000e+00	0.000000e+00
9.309141e+04	3.588095e-14	0.000000e+00	0.000000e+00	0.000000e+00
9.309156e+04	3.493114e-14	0.000000e+00	0.000000e+00	0.000000e+00
9.309172e+04	3.399782e-14	0.000000e+00	0.000000e+00	0.000000e+00
9.309188e+04	3.999792e-14	0.000000e+00	0.000000e+00	0.000000e+00
9.309204e+04	3.914001e-14	0.000000e+00	0.000000e+00	0.000000e+00
9.309221e+04	3.826922e-14	0.000000e+00	0.000000e+00	0.000000e+00
9.309238e+04	3.739231e-14	0.000000e+00	0.000000e+00	0.000000e+00
9.309256e+04	3.651525e-14	0.000000e+00	0.000000e+00	0.000000e+00
9.309273e+04	3.564304e-14	0.000000e+00	0.000000e+00	0.000000e+00
9.309292e+04	4.037605e-14	0.000000e+00	0.000000e+00	0.000000e+00
9.309311e+04	3.961580e-14	0.000000e+00	0.000000e+00	0.000000e+00
9.309330e+04	3.883346e-14	0.000000e+00	0.000000e+00	0.000000e+00
9.309349e+04	3.803603e-14	0.000000e+00	0.000000e+00	0.000000e+00
9.309370e+04	3.722998e-14	0.000000e+00	0.000000e+00	0.000000e+00
9.309390e+04	3.642095e-14	0.000000e+00	0.000000e+00	0.000000e+00
9.309411e+04	3.561359e-14	0.000000e+00	0.000000e+00	0.000000e+00
9.309433e+04	3.481140e-14	0.000000e+00	0.000000e+00	0.000000e+00
9.309455e+04	3.401676e-14	0.000000e+00	0.000000e+00	0.000000e+00
9.309477e+04	3.323092e-14	0.000000e+00	0.000000e+00	0.000000e+00
9.309500e+04	3.245415e-14	0.000000e+00	0.000000e+00	0.000000e+00
9.309524e+04	3.168583e-14	0.000000e+00	0.000000e+00	0.000000e+00
9.309548e+04	3.578687e-14	0.000000e+00	0.000000e+00	0.000000e+00
9.309573e+04	3.503082e-14	0.000000e+00	0.000000e+00	0.000000e+00
9.309598e+04	3.427961e-14	0.000000e+00	0.000000e+00	0.000000e+00
9.309624e+04	3.353447e-14	0.000000e+00	0.000000e+00	0.000000e+00
9.309651e+04	3.279551e-14	0.000000e+00	0.000000e+00	0.000000e+00
9.309678e+04	3.619389e-14	0.000000e+00	0.000000e+00	0.000000e+00
9.309706e+04	3.547926e-14	0.000000e+00	0.000000e+00	0.000000e+00
9.309734e+04	3.476769e-14	0.000000e+00	0.000000e+00	0.000000e+00
9.309763e+04	3.406122e-14	0.000000e+00	0.000000e+00	0.000000e+00
9.309793e+04	3.336053e-14	0.000000e+00	0.000000e+00	0.000000e+00
9.309823e+04	3.620072e-14	0.000000e+00	0.000000e+00	0.000000e+00
9.309854e+04	3.553010e-14	0.000000e+00	0.000000e+00	0.000000e+00
9.309886e+04	3.486283e-14	0.000000e+00	0.000000e+00	0.000000e+00
9.309919e+04	3.420127e-14	0.000000e+00	0.000000e+00	0.000000e+00
9.309952e+04	3.658026e-14	0.000000e+00	0.000000e+00	0.000000e+00
9.309987e+04	3.595600e-14	0.000000e+00	0.000000e+00	0.000000e+00
9.310021e+04	3.533277e-14	0.000000e+00	0.000000e+00	0.000000e+00
9.310057e+04	3.471422e-14	0.000000e+00	0.000000e+00	0.000000e+00
9.310094e+04	3.410234e-14	0.000000e+00	0.000000e+00	0.000000e+00
9.310131e+04	3.349739e-14	0.000000e+00	0.000000e+00	0.000000e+00
9.310170e+04	3.289796e-14	0.000000e+00	0.000000e+00	0.000000e+00
9.310209e+04	3.230128e-14	0.000000e+00	0.000000e+00	0.000000e+00
9.310249e+04	3.170354e-14	0.000000e+00	0.000000e+00	0.000000e+00
9.310290e+04	3.386861e-14	0.000000e+00	0.000000e+00	0.000000e+00
9.310332e+04	3.331112e-14	0.000000e+00	0.000000e+00	0.000000e+00
9.310375e+04	3.275657e-14	0.000000e+00	0.000000e+00	0.000000e+00
9.310419e+04	3.220097e-14	0.000000e+00	0.000000e+00	0.000000e+00
9.310464e+04	3.406764e-14	0.000000e+00	0.000000e+00	0.000000e+00
9.310510e+04	3.354380e-14	0.000000e+00	0.000000e+00	0.000000e+00
9.310557e+04	3.302155e-14	0.000000e+00	0.000000e+00	0.000000e+00
9.310606e+04	3.462105e-14	0.000000e+00	0.000000e+00	0.000000e+00
9.310655e+04	3.411789e-14	0.000000e+00	0.000000e+00	0.000000e+00
9.310705e+04	3.361670e-14	0.000000e+00	0.000000e+00	0.000000e+00
9.310757e+04	3.311509e-14	0.000000e+00	0.000000e+00	0.000000e+00
9.310810e+04	3.451189e-14	0.000000e+00	0.000000e+00	0.000000e+00
9.310864e+04	3.402352e-14	0.000000e+00	0.000000e+00	0.000000e+00
9.310920e+04	3.353578e-14	0.000000e+00	0.000000e+00	0.000000e+00
9.310976e+04	3.304642e-14	0.000000e+00	0.000000e+00	0.000000e+00
9.311034e+04	3.255159e-14	0.000000e+00	0.000000e+00	0.000000e+00
9.311094e+04	3.204639e-14	0.000000e+00	0.000000e+00	0.000000e+00
9.311154e+04	3.152564e-14	0.000000e+00	0.000000e+00	0.000000e+00
9.311216e+04	3.284096e-14	0.000000e+00	0.000000e+00	0.000000e+00
9.311280e+04	3.235841e-14	0.000000e+00	0.000000e+00	0.000000e+00
9.311345e+04	3.186564e-14	0.000000e+00	0.000000e+00	0.000000e+00
9.311412e+04	3.300805e-14	0.000000e+00	0.000000e+00	0.000000e+00
9.311480e+04	3.254925e-14	0.000000e+00	0.000000e+00	0.000000e+00
9.311550e+04	3.208505e-14	0.000000e+00	0.000000e+00	0.000000e+00
9.311621e+04	3.309473e-14	0.000000e+00	0.000000e+00	0.000000e+00
9.311694e+04	3.266142e-14	0.000000e+00	0.000000e+00	0.000000e+00
9.311769e+04	3.222576e-14	0.000000e+00	0.000000e+00	0.000000e+00
9.311845e+04	3.313116e-14	0.000000e+00	0.000000e+00	0.000000e+00
9.311923e+04	3.272211e-14	0.000000e+00	0.000000e+00	0.000000e+00
9.312004e+04	3.231112e-14	0.000000e+00	0.000000e+00	0.000000e+00
9.312085e+04	3.189121e-14	0.000000e+00	0.000000e+00	0.000000e+00
9.312169e+04	3.145507e-14	0.000000e+00	0.000000e+00	0.000000e+00
9.312255e+04	3.099658e-14	0.000000e+00	0.000000e+00	0.000000e+00
9.312343e+04	3.193724e-14	0.000000e+00	0.000000e+00	0.000000e+00
9.312433e+04	3.151279e-14	0.000000e+00	0.000000e+00	0.000000e+00
9.312525e+04	3.106370e-14	0.000000e+00	0.000000e+00	0.000000e+00
9.312619e+04	3.190942e-14	0.000000e+00	0.000000e+00	0.000000e+00
9.312715e+04	3.148807e-14	0.000000e+00	0.000000e+00	0.000000e+00
9.312814e+04	3.220806e-14	0.000000e+00	0.000000e+00	0.000000e+00
9.312914e+04	3.180814e-14	0.000000e+00	0.000000e+00	0.000000e+00
9.313017e+04	3.138875e-14	0.000000e+00	0.000000e+00	0.000000e+00
9.313123e+04	3.204813e-14	0.000000e+00	0.000000e+00	0.000000e+00
9.313231e+04	3.165379e-14	0.000000e+00	0.000000e+00	0.000000e+00
9.313342e+04	3.124148e-14	0.000000e+00	0.000000e+00	0.000000e+00
9.313455e+04	3.080760e-14	0.000000e+00	0.000000e+00	0.000000e+00
9.313570e+04	3.035242e-14	0.000000e+00	0.000000e+00	0.000000e+00
9.313689e+04	3.107594e-14	0.000000e+00	0.000000e+00	0.000000e+00
9.313810e+04	3.065282e-14	0.000000e+00	0.000000e+00	0.000000e+00
9.313934e+04	3.129511e-14	0.000000e+00	0.000000e+00	0.000000e+00
9.314061e+04	3.089925e-14	0.000000e+00	0.000000e+00	0.000000e+00
9.314191e+04	3.146879e-14	0.000000e+00	0.000000e+00	0.000000e+00
9.314324e+04	3.109258e-14	0.000000e+00	0.000000e+00	0.000000e+00
9.314460e+04	3.068923e-14	0.000000e+00	0.000000e+00	0.000000e+00
9.314599e+04	3.123214e-14	0.000000e+00	0.000000e+00	0.000000e+00
9.314741e+04	3.084100e-14	0.000000e+00	0.000000e+00	0.000000e+00
9.314887e+04	3.042236e-14	0.000000e+00	0.000000e+00	0.000000e+00
9.315036e+04	2.998220e-14	0.000000e+00	0.000000e+00	0.000000e+00
9.315189e+04	3.053505e-14	0.000000e+00	0.000000e+00	0.000000e+00
9.315345e+04	3.010815e-14	0.000000e+00	0.000000e+00	0.000000e+00
9.315504e+04	3.061371e-14	0.000000e+00	0.000000e+00	0.000000e+00
9.315668e+04	3.020431e-14	0.000000e+00	0.000000e+00	0.000000e+00
9.315835e+04	3.067234e-14	0.000000e+00	0.000000e+00	0.000000e+00
9.316006e+04	3.028071e-14	0.000000e+00	0.000000e+00	0.000000e+00
9.316182e+04	3.071549e-14	0.000000e+00	0.000000e+00	0.000000e+00
9.316361e+04	3.033646e-14	0.000000e+00	0.000000e+00	0.000000e+00
9.316544e+04	2.993865e-14	0.000000e+00	0.000000e+00	0.000000e+00
9.316732e+04	2.953070e-14	0.000000e+00	0.000000e+00	0.000000e+00
9.316924e+04	2.996713e-14	0.000000e+00	0.000000e+00	0.000000e+00
9.317120e+04	2.955962e-14	0.000000e+00	0.000000e+00	0.000000e+00
9.317322e+04	2.995903e-14	0.000000e+00	0.000000e+00	0.000000e+00
9.317527e+04	3.031556e-14	0.000000e+00	0.000000e+00	0.000000e+00
9.317738e+04	2.992568e-14	0.000000e+00	0.000000e+00	0.000000e+00
9.317954e+04	3.026144e-14	0.000000e+00	0.000000e+00	0.000000e+00
9.318174e+04	2.988241e-14	0.000000e+00	0.000000e+00	0.000000e+00
9.318400e+04	2.950050e-14	0.000000e+00	0.000000e+00	0.000000e+00
9.318631e+04	2.912380e-14	0.000000e+00	0.000000e+00	0.000000e+00
9.318867e+04	2.946139e-14	0.000000e+00	0.000000e+00	0.000000e+00
9.319109e+04	2.977284e-14	0.000000e+00	0.000000e+00	0.000000e+00
9.319356e+04	2.940082e-14	0.000000e+00	0.000000e+00	0.000000e+00
9.319609e+04	2.968528e-14	0.000000e+00	0.000000e+00	0.000000e+00
9.319868e+04	2.931260e-14	0.000000e+00	0.000000e+00	0.000000e+00
9.320134e+04	2.957395e-14	0.000000e+00	0.000000e+00	0.000000e+00
9.320405e+04	2.920741e-14	0.000000e+00	0.000000e+00	0.000000e+00
9.320683e+04	2.884928e-14	0.000000e+00	0.000000e+00	0.000000e+00
9.320967e+04	2.910097e-14	0.000000e+00	0.000000e+00	0.000000e+00
9.321257e+04	2.933749e-14	0.000000e+00	0.000000e+00	0.000000e+00
9.321555e+04	2.899356e-14	0.000000e+00	0.000000e+00	0.000000e+00
9.321859e+04	2.921328e-14	0.000000e+00	0.000000e+00	0.000000e+00
9.322171e+04	2.941420e-14	0.000000e+00	0.000000e+00	0.000000e+00
9.322490e+04	2.906897e-14	0.000000e+00	0.000000e+00	0.000000e+00
9.322816e+04	2.872557e-14	0.000000e+00	0.000000e+00	0.000000e+00
9.323149e+04	2.891019e-14	0.000000e+00	0.000000e+00	0.000000e+00
9.323491e+04	2.908256e-14	0.000000e+00	0.000000e+00	0.000000e+00
9.323841e+04	2.875330e-14	0.000000e+00	0.000000e+00	0.000000e+00
9.324198e+04	2.892077e-14	0.000000e+00	0.000000e+00	0.000000e+00
9.324564e+04	2.907490e-14	0.000000e+00	0.000000e+00	0.000000e+00
9.324939e+04	2.875225e-14	0.000000e+00	0.000000e+00	0.000000e+00
9.325322e+04	2.842025e-14	0.000000e+00	0.000000e+00	0.000000e+00
9.325714e+04	2.856355e-14	0.000000e+00	0.000000e+00	0.000000e+00
9.326115e+04	2.869293e-14	0.000000e+00	0.000000e+00	0.000000e+00
9.326526e+04	2.881270e-14	0.000000e+00	0.000000e+00	0.000000e+00
9.326946e+04	2.849594e-14	0.000000e+00	0.000000e+00	0.000000e+00
9.327376e+04	2.861574e-14	0.000000e+00	0.000000e+00	0.000000e+00
9.327816e+04	2.829364e-14	0.000000e+00	0.000000e+00	0.000000e+00
9.328266e+04	2.840534e-14	0.000000e+00	0.000000e+00	0.000000e+00
9.328727e+04	2.850231e-14	0.000000e+00	0.000000e+00	0.000000e+00
9.329199e+04	2.858836e-14	0.000000e+00	0.000000e+00	0.000000e+00
9.329681e+04	2.826846e-14	0.000000e+00	0.000000e+00	0.000000e+00
9.330175e+04	2.835890e-14	0.000000e+00	0.000000e+00	0.000000e+00
9.330680e+04	2.803290e-14	0.000000e+00	0.000000e+00	0.000000e+00
9.331197e+04	2.812180e-14	0.000000e+00	0.000000e+00	0.000000e+00
9.331726e+04	2.819773e-14	0.000000e+00	0.000000e+00	0.000000e+00
9.332267e+04	2.826243e-14	0.000000e+00	0.000000e+00	0.000000e+00
9.332821e+04	2.832013e-14	0.000000e+00	0.000000e+00	0.000000e+00
9.333388e+04	2.799767e-14	0.000000e+00	0.000000e+00	0.000000e+00
9.333968e+04	2.806058e-14	0.000000e+00	0.000000e+00	0.000000e+00
9.334562e+04	2.773027e-14	0.000000e+00	0.000000e+00	0.000000e+00
9.335169e+04	2.778550e-14	0.000000e+00	0.000000e+00	0.000000e+00
9.335791e+04	2.783093e-14	0.000000e+00	0.000000e+00	0.000000e+00
9.336427e+04	2.787085e-14	0.000000e+00	0.000000e+00	0.000000e+00
9.337078e+04	2.754266e-14	0.000000e+00	0.000000e+00	0.000000e+00
9.337743e+04	2.758509e-14	0.000000e+00	0.000000e+00	0.000000e+00
9.338425e+04	2.761985e-14	0.000000e+00	0.000000e+00	0.000000e+00
9.339122e+04	2.764492e-14	0.000000e+00	0.000000e+00	0.000000e+00
9.339836e+04	2.766316e-14	0.000000e+00	0.000000e+00	0.000000e+00
9.340566e+04	2.734398e-14	0.000000e+00	0.000000e+00	0.000000e+00
9.341313e+04	2.769400e-14	0.000000e+00	0.000000e+00	0.000000e+00
9.342078e+04	2.770365e-14	0.000000e+00	0.000000e+00	0.000000e+00
9.342861e+04	2.770503e-14	0.000000e+00	0.000000e+00	0.000000e+00
9.343661e+04	2.739069e-14	0.000000e+00	0.000000e+00	0.000000e+00
9.344481e+04	2.739072e-14	0.000000e+00	0.000000e+00	0.000000e+00
9.345319e+04	2.739019e-14	0.000000e+00	0.000000e+00	0.000000e+00
9.346177e+04	2.738499e-14	0.000000e+00	0.000000e+00	0.000000e+00
9.347055e+04	2.737253e-14	0.000000e+00	0.000000e+00	0.000000e+00
9.347953e+04	2.706688e-14	0.000000e+00	0.000000e+00	0.000000e+00
9.348873e+04	2.733972e-14	0.000000e+00	0.000000e+00	0.000000e+00
9.349813e+04	2.732172e-14	0.000000e+00	0.000000e+00	0.000000e+00
9.350776e+04	2.729767e-14	0.000000e+00	0.000000e+00	0.000000e+00
9.351761e+04	2.699385e-14	0.000000e+00	0.000000e+00	0.000000e+00
9.352769e+04	2.696643e-14	0.000000e+00	0.000000e+00	0.000000e+00
9.353800e+04	2.720752e-14	0.000000e+00	0.000000e+00	0.000000e+00
9.354856e+04	2.717168e-14	0.000000e+00	0.000000e+00	0.000000e+00
9.355936e+04	2.686432e-14	0.000000e+00	0.000000e+00	0.000000e+00
9.357041e+04	2.708799e-14	0.000000e+00	0.000000e+00	0.000000e+00
9.358172e+04	2.704519e-14	0.000000e+00	0.000000e+00	0.000000e+00
9.359330e+04	2.699700e-14	0.000000e+00	0.000000e+00	0.000000e+00
9.360514e+04	2.694369e-14	0.000000e+00	0.000000e+00	0.000000e+00
9.361726e+04	2.689027e-14	0.000000e+00	0.000000e+00	0.000000e+00
9.362966e+04	2.683561e-14	0.000000e+00	0.000000e+00	0.000000e+00
9.364235e+04	2.677528e-14	0.000000e+00	0.000000e+00	0.000000e+00
9.365534e+04	2.671226e-14	0.000000e+00	0.000000e+00	0.000000e+00
9.366862e+04	2.665058e-14	0.000000e+00	0.000000e+00	0.000000e+00
9.368222e+04	2.682232e-14	0.000000e+00	0.000000e+00	0.000000e+00
9.369614e+04	2.651816e-14	0.000000e+00	0.000000e+00	0.000000e+00
9.371037e+04	2.667810e-14	0.000000e+00	0.000000e+00	0.000000e+00
9.372494e+04	2.660652e-14	0.000000e+00	0.000000e+00	0.000000e+00
9.373985e+04	2.653117e-14	0.000000e+00	0.000000e+00	0.000000e+00
9.375511e+04	2.645610e-14	0.000000e+00	0.000000e+00	0.000000e+00
9.377072e+04	2.659227e-14	0.000000e+00	0.000000e+00	0.000000e+00
9.378670e+04	2.651114e-14	0.000000e+00	0.000000e+00	0.000000e+00
9.380305e+04	2.642973e-14	0.000000e+00	0.000000e+00	0.000000e+00
9.381977e+04	2.634890e-14	0.000000e+00	0.000000e+00	0.000000e+00
9.383689e+04	2.646192e-14	0.000000e+00	0.000000e+00	0.000000e+00
9.385441e+04	2.637475e-14	0.000000e+00	0.000000e+00	0.000000e+00
9.387234e+04	2.628659e-14	0.000000e+00	0.000000e+00	0.000000e+00
9.389068e+04	2.638618e-14	0.000000e+00	0.000000e+00	0.000000e+00
9.390945e+04	2.629285e-14	0.000000e+00	0.000000e+00	0.000000e+00
9.392866e+04	2.619581e-14	0.000000e+00	0.000000e+00	0.000000e+00
9.394831e+04	2.628509e-14	0.000000e+00	0.000000e+00	0.000000e+00
9.396842e+04	2.618365e-14	0.000000e+00	0.000000e+00	0.000000e+00
9.398900e+04	2.626480e-14	0.000000e+00	0.000000e+00	0.000000e+00
9.401006e+04	2.615643e-14	0.000000e+00	0.000000e+00	0.000000e+00
9.403161e+04	2.604561e-14	0.000000e+00	0.000000e+00	0.000000e+00
9.405367e+04	2.611647e-14	0.000000e+00	0.000000e+00	0.000000e+00
9.407623e+04	2.600162e-14	0.000000e+00	0.000000e+00	0.000000e+00
9.409933e+04	2.606510e-14	0.000000e+00	0.000000e+00	0.000000e+00
9.412295e+04	2.612265e-14	0.000000e+00	0.000000e+00	0.000000e+00
9.414714e+04	2.582948e-14	0.000000e+00	0.000000e+00	0.000000e+00
9.417188e+04	2.588133e-14	0.000000e+00	0.000000e+00	0.000000e+00
9.419720e+04	2.592954e-14	0.000000e+00	0.000000e+00	0.000000e+00
9.422311e+04	2.580723e-14	0.000000e+00	0.000000e+00	0.000000e+00
9.424962e+04	2.584842e-14	0.000000e+00	0.000000e+00	0.000000e+00
9.427675e+04	2.572471e-14	0.000000e+00	0.000000e+00	0.000000e+00
9.430452e+04	2.575924e-14	0.000000e+00	0.000000e+00	0.000000e+00
9.433292e+04	2.578701e-14	0.000000e+00	0.000000e+00	0.000000e+00
9.436200e+04	2.581248e-14	0.000000e+00	0.000000e+00	0.000000e+00
9.439174e+04	2.583326e-14	0.000000e+00	0.000000e+00	0.000000e+00
9.440434e+04	0.000000e+00	0.000000e+00	0.000000e+00	0.000000e+00
9.442219e+04	2.570159e-14	4.851650e-21	6.474092e-23	4.103534e-14
9.443507e+04	2.573317e-14	2.313553e-21	5.266290e-23	3.809496e-14
9.445334e+04	2.571564e-14	1.893604e-21	6.779697e-23	3.612772e-14
9.446653e+04	2.574545e-14	1.426033e-21	6.418206e-23	3.530315e-14
9.448521e+04	2.557781e-14	1.602632e-21	9.255350e-23	3.446065e-14
9.449871e+04	2.560721e-14	1.277972e-21	8.529914e-23	3.398529e-14
9.451783e+04	2.558720e-14	2.143721e-21	1.697808e-22	3.349590e-14
9.453164e+04	2.561520e-14	2.310376e-21	2.032880e-22	3.320262e-14
9.455121e+04	2.559386e-14	1.614792e-21	1.617362e-22	3.283270e-14
9.456534e+04	2.561912e-14	1.148743e-21	1.249247e-22	3.261698e-14
9.458536e+04	2.559546e-14	1.746187e-21	2.106635e-22	3.232329e-14
9.459983e+04	2.561945e-14	2.347928e-21	3.029682e-22	3.214887e-14
9.462032e+04	2.559413e-14	2.550492e-21	3.587488e-22	3.192182e-14
9.463511e+04	2.547493e-14	2.215322e-21	3.297771e-22	3.178085e-14
9.465608e+04	2.545011e-14	2.092200e-21	3.352115e-22	3.160327e-14
9.467122e+04	2.547150e-14	1.982280e-21	3.334912e-22	3.148437e-14
9.469268e+04	2.558139e-14	1.668676e-21	2.992527e-22	3.133256e-14
9.470818e+04	2.546400e-14	1.840422e-21	3.444709e-22	3.122657e-14
9.473013e+04	2.543628e-14	2.608793e-21	5.165827e-22	3.109165e-14
9.474599e+04	2.545382e-14	2.920962e-21	6.007595e-22	3.099844e-14
9.476845e+04	2.555617e-14	2.829101e-21	6.118536e-22	3.088194e-14
9.478468e+04	2.544073e-14	2.816286e-21	6.301522e-22	3.080255e-14
9.480767e+04	2.541008e-14	3.501542e-21	8.197503e-22	3.070018e-14
9.482427e+04	2.542467e-14	4.228469e-21	1.020847e-21	3.062880e-14
9.484780e+04	2.539291e-14	4.448928e-21	1.119105e-21	3.053428e-14
9.486479e+04	2.540628e-14	4.120529e-21	1.065939e-21	3.046919e-14
9.488886e+04	2.537223e-14	3.832381e-21	1.029308e-21	3.038282e-14
9.490625e+04	2.538422e-14	4.002700e-21	1.103000e-21	3.032477e-14
9.493088e+04	2.534900e-14	4.168578e-21	1.189008e-21	3.024632e-14
9.494868e+04	2.535926e-14	4.366392e-21	1.275223e-21	3.019408e-14
9.497388e+04	2.532235e-14	5.024773e-21	1.514975e-21	3.012079e-14
9.499209e+04	2.533169e-14	5.670580e-21	1.747497e-21	3.007269e-14
9.501788e+04	2.541703e-14	5.884286e-21	1.867678e-21	3.000396e-14
9.503651e+04	2.530028e-14	5.879765e-21	1.904556e-21	2.995987e-14
9.506291e+04	2.525969e-14	7.135415e-21	2.375656e-21	2.989636e-14
9.508197e+04	2.526593e-14	9.230375e-21	3.131927e-21	2.985580e-14
9.510898e+04	2.534813e-14	1.240783e-20	4.319451e-21	2.979667e-14
9.512849e+04	2.522929e-14	1.479624e-20	5.242986e-21	2.975854e-14
9.515613e+04	2.518568e-14	2.006985e-20	7.284580e-21	2.970294e-14
9.517609e+04	2.531234e-14	2.586572e-20	9.545554e-21	2.966708e-14
9.520438e+04	2.526736e-14	3.496787e-20	1.319905e-20	2.961519e-14
9.522481e+04	2.514829e-14	4.129296e-20	1.583193e-20	2.958163e-14
9.525375e+04	2.522327e-14	5.047037e-20	1.976586e-20	2.953299e-14
9.527465e+04	2.522417e-14	5.727157e-20	2.276204e-20	2.950108e-14
9.530427e+04	2.517732e-14	6.549062e-20	2.655520e-20	2.945505e-14
9.532566e+04	2.517740e-14	7.003184e-20	2.879403e-20	2.942460e-14
9.535596e+04	2.512992e-14	7.517619e-20	3.149987e-20	2.938148e-14
9.537785e+04	2.524339e-14	7.834587e-20	3.326253e-20	2.935267e-14
9.540887e+04	2.508097e-14	8.278568e-20	3.578318e-20	2.931233e-14
9.543126e+04	2.507873e-14	8.637458e-20	3.780258e-20	2.928472e-14
9.546300e+04	2.514236e-14	9.185943e-20	4.089238e-20	2.924626e-14
9.548592e+04	2.513858e-14	9.584987e-20	4.317645e-20	2.921970e-14
9.551839e+04	2.508797e-14	1.015976e-19	4.651059e-20	2.918338e-14
9.554185e+04	2.508329e-14	1.055943e-19	4.888681e-20	2.915841e-14
9.557508e+04	2.514107e-14	1.099604e-19	5.169618e-20	2.912414e-14
9.559908e+04	2.502487e-14	1.120493e-19	5.324498e-20	2.910014e-14
9.563308e+04	2.508167e-14	1.137689e-19	5.485884e-20	2.906625e-14
9.565764e+04	2.507399e-14	1.144014e-19	5.572935e-20	2.904378e-14
9.569244e+04	2.501867e-14	1.144406e-19	5.653165e-20	2.901287e-14
9.571757e+04	2.500970e-14	1.142090e-19	5.696891e-20	2.899100e-14
9.575317e+04	2.506187e-14	1.141517e-19	5.770376e-20	2.896005e-14
9.577889e+04	2.505169e-14	1.144917e-19	5.841607e-20	2.893937e-14
9.581533e+04	2.499298e-14	1.158268e-19	5.985427e-20	2.891053e-14
9.584164e+04	2.498174e-14	1.178252e-19	6.143053e-20	2.889079e-14
9.587893e+04	2.502908e-14	1.223747e-19	6.458405e-20	2.886237e-14
9.590586e+04	2.491019e-14	1.269442e-19	6.756792e-20	2.884330e-14
9.594401e+04	2.495559e-14	1.350848e-19	7.274401e-20	2.881645e-14
9.597157e+04	2.494214e-14	1.421126e-19	7.715461e-20	2.879850e-14
9.601061e+04	2.488186e-14	1.531133e-19	8.406094e-20	2.877258e-14
9.603881e+04	2.496990e-14	1.612584e-19	8.922692e-20	2.875502e-14
9.607876e+04	2.500986e-14	1.729852e-19	9.674665e-20	2.873018e-14
9.610761e+04	2.489327e-14	1.815162e-19	1.022815e-19	2.871347e-14
9.614850e+04	2.493097e-14	1.932728e-19	1.100320e-19	2.868984e-14
9.617802e+04	2.491464e-14	2.015888e-19	1.155951e-19	2.867342e-14
9.621986e+04	2.485252e-14	2.136577e-19	1.237319e-19	2.865061e-14
9.625007e+04	2.483575e-14	2.227172e-19	1.298732e-19	2.863471e-14
9.629288e+04	2.486901e-14	2.362898e-19	1.391022e-19	2.861313e-14
9.632380e+04	2.485113e-14	2.469576e-19	1.463519e-19	2.859757e-14
9.636760e+04	2.488190e-14	2.639174e-19	1.578374e-19	2.857665e-14
9.639924e+04	2.486286e-14	2.775132e-19	1.670332e-19	2.856158e-14
9.644407e+04	2.479696e-14	2.988199e-19	1.814450e-19	2.854174e-14
9.647645e+04	2.477652e-14	3.155254e-19	1.927718e-19	2.852726e-14
9.652232e+04	2.480403e-14	3.405366e-19	2.098204e-19	2.850786e-14
9.655545e+04	2.478234e-14	3.590547e-19	2.225459e-19	2.849404e-14
9.660238e+04	2.480763e-14	3.851423e-19	2.406692e-19	2.847545e-14
9.663629e+04	2.478480e-14	4.033626e-19	2.534992e-19	2.846229e-14
9.668432e+04	2.471450e-14	4.279478e-19	2.710718e-19	2.844335e-14
9.671901e+04	2.478398e-14	4.448413e-19	2.833292e-19	2.843110e-14
9.676816e+04	2.480497e-14	4.670903e-19	2.997631e-19	2.841314e-14
9.680366e+04	2.478000e-14	4.821268e-19	3.110618e-19	2.839987e-14
9.685396e+04	2.479892e-14	5.030102e-19	3.269170e-19	2.838144e-14
9.689028e+04	2.477304e-14	5.181265e-19	3.384730e-19	2.836641e-14
9.694175e+04	2.470078e-14	5.397968e-19	3.551269e-19	2.833818e-14
9.697892e+04	2.476321e-14	5.561363e-19	3.676928e-19	2.832821e-14
9.703159e+04	2.469037e-14	5.802469e-19	3.862572e-19	2.829076e-14
9.706963e+04	2.466310e-14	5.975929e-19	3.997113e-19	2.826279e-14
9.712352e+04	2.476372e-14	6.210438e-19	4.181410e-19	2.825612e-14
9.716244e+04	2.464863e-14	6.371738e-19	4.309884e-19	2.820177e-14
9.725742e+04	2.471766e-14	6.709821e-19	4.587989e-19	2.816468e-14
9.735461e+04	2.469689e-14	6.986047e-19	4.827152e-19	2.810014e-14
9.745407e+04	2.467306e-14	7.256627e-19	5.065161e-19	2.803648e-14
9.755584e+04	2.464610e-14	7.609704e-19	5.363921e-19	2.797281e-14
9.765998e+04	2.461644e-14	8.113841e-19	5.773783e-19	2.790385e-14
9.776655e+04	2.466764e-14	8.846888e-19	6.353496e-19	2.786494e-14
9.787560e+04	2.463253e-14	9.969991e-19	7.224028e-19	2.778063e-14
9.798719e+04	2.459564e-14	1.177565e-18	8.606195e-19	2.768892e-14
9.810138e+04	2.455718e-14	1.455275e-18	1.072499e-18	2.760019e-14
9.821823e+04	2.451660e-14	1.859073e-18	1.381218e-18	2.751819e-14
9.833780e+04	2.454995e-14	2.366512e-18	1.772071e-18	2.747793e-14
9.846016e+04	2.457969e-14	2.981034e-18	2.249277e-18	2.743633e-14
9.858537e+04	2.452999e-14	3.932276e-18	2.988989e-18	2.734796e-14
9.871349e+04	2.447707e-14	5.097113e-18	3.902233e-18	2.725350e-14
9.884460e+04	2.449662e-14	6.523434e-18	5.029002e-18	2.720596e-14
9.897876e+04	2.444040e-14	8.273591e-18	6.421365e-18	2.710800e-14
9.911605e+04	2.445410e-14	1.026483e-17	8.019129e-18	2.705585e-14
9.925653e+04	2.439276e-14	1.258169e-17	9.891773e-18	2.694387e-14
9.940029e+04	2.439893e-14	1.531286e-17	1.211355e-17	2.688650e-14
9.954739e+04	2.440230e-14	1.837949e-17	1.462688e-17	2.683022e-14
