R	Im<0|V|1>	Im<0|V|2>	Im<0|V|3>	Im<0|V|4>	Im<1|V|2>	Im<1|V|3>	Im<1|V|4>	Im<2|V|3>	Im<2|V|4>	Im<3|V|4>
1.97	0.051529	0.134007	0.078268	-0.046624	0.090281	0.045224	-0.03179	-0.13153	0.000249	0.051825
1.98	0.052826	0.13738	0.080238	-0.047798	0.092553	0.046363	-0.032591	-0.13484	0.000255	0.05313
1.99	0.054121	0.140748	0.082205	-0.04897	0.094822	0.047499	-0.03339	-0.138146	0.000261	0.054432
2	0.055411	0.144104	0.084166	-0.050137	0.097083	0.048632	-0.034186	-0.14144	0.000268	0.05573
2.01	0.056694	0.147439	0.086113	-0.051298	0.09933	0.049757	-0.034977	-0.144713	0.000274	0.05702
2.02	0.057964	0.150743	0.088043	-0.052447	0.101556	0.050872	-0.035761	-0.147956	0.00028	0.058298
2.03	0.059219	0.154007	0.089949	-0.053583	0.103755	0.051974	-0.036535	-0.151159	0.000286	0.05956
2.04	0.060455	0.157221	0.091826	-0.054701	0.10592	0.053058	-0.037297	-0.154314	0.000292	0.060803
2.05	0.061668	0.160375	0.093668	-0.055798	0.108045	0.054123	-0.038046	-0.157409	0.000297	0.062023
2.06	0.062854	0.163459	0.09547	-0.056871	0.110122	0.055164	-0.038777	-0.160436	0.000303	0.063216
2.07	0.064009	0.166462	0.097224	-0.057916	0.112146	0.056177	-0.03949	-0.163384	0.000308	0.064377
2.08	0.065129	0.169375	0.098925	-0.05893	0.114108	0.05716	-0.040181	-0.166244	0.000314	0.065504
2.09	0.06621	0.172187	0.100568	-0.059908	0.116003	0.058109	-0.040848	-0.169004	0.000319	0.066592
2.1	0.067249	0.174888	0.102145	-0.060848	0.117822	0.059021	-0.041489	-0.171655	0.000324	0.067636
2.15	0.071671	0.186389	0.108862	-0.064849	0.125571	0.062902	-0.044217	-0.182943	0.000344	0.072084
2.2	0.074522	0.193804	0.113193	-0.067429	0.130566	0.065405	-0.045976	-0.190221	0.000358	0.074953
2.25	0.075557	0.196496	0.114765	-0.068366	0.13238	0.066313	-0.046615	-0.192863	0.000362	0.075994
2.3	0.074767	0.19444	0.113565	-0.06765	0.130994	0.065619	-0.046127	-0.190845	0.000358	0.075199
2.35	0.072384	0.188243	0.109945	-0.065495	0.12682	0.063528	-0.044657	-0.184763	0.000346	0.072803
2.4	0.06883	0.179	0.104547	-0.062279	0.120593	0.060409	-0.042465	-0.17569	0.000328	0.069229
2.45	0.064615	0.168038	0.098144	-0.058465	0.113208	0.056709	-0.039864	-0.164932	0.000307	0.06499
2.5	0.060241	0.156663	0.0915	-0.054507	0.105544	0.05287	-0.037166	-0.153766	0.000286	0.060591
2.55	0.056127	0.145966	0.085253	-0.050785	0.098337	0.04926	-0.034628	-0.143267	0.000266	0.056454
2.6	0.052578	0.136736	0.079862	-0.047574	0.092119	0.046146	-0.032439	-0.134208	0.000249	0.052884
2.65	0.04978	0.129458	0.075611	-0.045042	0.087216	0.043689	-0.030712	-0.127065	0.000235	0.05007
2.7	0.047816	0.124351	0.072628	-0.043265	0.083775	0.041966	-0.0295	-0.122051	0.000226	0.048094
2.75	0.046696	0.121438	0.070927	-0.042251	0.081813	0.040983	-0.028809	-0.119193	0.00022	0.046968
2.8	0.046379	0.120615	0.070446	-0.041965	0.081258	0.040705	-0.028614	-0.118385	0.000219	0.04665
2.85	0.046794	0.121694	0.071077	-0.042341	0.081986	0.041069	-0.02887	-0.119444	0.000221	0.047067
2.9	0.047854	0.124451	0.072687	-0.0433	0.083843	0.042	-0.029524	-0.12215	0.000226	0.048133
3	0.051535	0.134023	0.078278	-0.04663	0.090292	0.04523	-0.031795	-0.131545	0.000244	0.051835
3.1	0.056672	0.147382	0.08608	-0.051278	0.099292	0.049738	-0.034964	-0.144657	0.000269	0.057002
3.2	0.062525	0.162604	0.09497	-0.056574	0.109546	0.054875	-0.038575	-0.159597	0.000297	0.062888
3.3	0.068348	0.177746	0.103814	-0.061842	0.119748	0.059985	-0.042167	-0.17446	0.000325	0.068744
3.4	0.073386	0.190849	0.111467	-0.066401	0.128575	0.064407	-0.045276	-0.18732	0.00035	0.073811
3.5	0.076941	0.200095	0.116867	-0.069618	0.134804	0.067528	-0.047469	-0.196395	0.000367	0.077387
3.6	0.07849	0.204124	0.11922	-0.07102	0.137518	0.068887	-0.048425	-0.20035	0.000375	0.078945
3.7	0.077812	0.202358	0.118189	-0.070405	0.136329	0.068291	-0.048006	-0.198617	0.000372	0.078262
3.8	0.075036	0.19514	0.113973	-0.067894	0.131466	0.065855	-0.046293	-0.191532	0.000359	0.07547
3.9	0.070587	0.18357	0.107216	-0.063868	0.123671	0.061951	-0.043549	-0.180176	0.000338	0.070995
4	0.065037	0.169137	0.098786	-0.058847	0.113948	0.05708	-0.040125	-0.166009	0.000311	0.065413
4.1	0.058955	0.153321	0.089548	-0.053344	0.103292	0.051742	-0.036372	-0.150486	0.000282	0.059296
4.2	0.052806	0.137328	0.080208	-0.04778	0.092518	0.046345	-0.032579	-0.134789	0.000253	0.053111
4.3	0.046909	0.121993	0.071251	-0.042444	0.082187	0.04117	-0.028941	-0.119737	0.000225	0.04718
4.4	0.041453	0.107804	0.062964	-0.037508	0.072628	0.036381	-0.025574	-0.105811	0.000199	0.041693
4.5	0.036523	0.094983	0.055476	-0.033047	0.06399	0.032055	-0.022533	-0.093227	0.000175	0.036734
4.6	0.032137	0.083577	0.048814	-0.029079	0.056306	0.028205	-0.019827	-0.082032	0.000154	0.032323
4.7	0.028273	0.073528	0.042944	-0.025582	0.049536	0.024814	-0.017443	-0.072168	0.000136	0.028436
4.8	0.024888	0.064725	0.037803	-0.02252	0.043606	0.021843	-0.015355	-0.063529	0.000119	0.025032
4.9	0.021932	0.057038	0.033314	-0.019845	0.038426	0.019249	-0.013531	-0.055983	0.000105	0.022059
5	0.019354	0.050332	0.029397	-0.017512	0.033908	0.016986	-0.01194	-0.049401	9.3E-05	0.019465
5.1	0.017104	0.04448	0.025979	-0.015476	0.029966	0.015011	-0.010552	-0.043658	8.2E-05	0.017202
5.2	0.015139	0.03937	0.022994	-0.013698	0.026524	0.013287	-0.00934	-0.038642	7.3E-05	0.015226
5.3	0.01342	0.0349	0.020384	-0.012143	0.023512	0.011778	-0.008279	-0.034255	6.5E-05	0.013497
5.4	0.011914	0.030983	0.018096	-0.01078	0.020873	0.010456	-0.00735	-0.03041	5.7E-05	0.011982
5.5	0.010591	0.027543	0.016087	-0.009583	0.018556	0.009295	-0.006534	-0.027034	5.1E-05	0.010652
5.6	0.009427	0.024515	0.014318	-0.00853	0.016516	0.008273	-0.005816	-0.024062	4.5E-05	0.009481
5.7	0.0084	0.021845	0.012759	-0.007601	0.014717	0.007372	-0.005182	-0.021441	4E-05	0.008448
5.8	0.007493	0.019486	0.011381	-0.00678	0.013128	0.006576	-0.004623	-0.019125	3.6E-05	0.007536
5.9	0.006689	0.017396	0.01016	-0.006053	0.01172	0.005871	-0.004127	-0.017074	3.2E-05	0.006728
6	0.005976	0.015542	0.009078	-0.005407	0.010471	0.005245	-0.003687	-0.015255	2.9E-05	0.006011
6.2	0.004779	0.012428	0.007259	-0.004324	0.008373	0.004194	-0.002948	-0.012198	2.3E-05	0.004806
6.4	0.003827	0.009954	0.005814	-0.003463	0.006706	0.003359	-0.002361	-0.00977	1.9E-05	0.003849
6.6	0.003068	0.007978	0.00466	-0.002776	0.005375	0.002693	-0.001893	-0.007831	1.5E-05	0.003085
6.8	0.002459	0.006396	0.003735	-0.002225	0.004309	0.002158	-0.001517	-0.006277	1.2E-05	0.002473
7	0.00197	0.005124	0.002993	-0.001783	0.003452	0.001729	-0.001216	-0.005029	1E-05	0.001982
7.2	0.001577	0.004101	0.002395	-0.001427	0.002763	0.001384	-0.000973	-0.004026	8E-06	0.001586
7.4	0.001261	0.003278	0.001915	-0.001141	0.002209	0.001106	-0.000778	-0.003218	6E-06	0.001268
7.6	0.001006	0.002616	0.001528	-0.00091	0.001762	0.000883	-0.000621	-0.002568	5E-06	0.001012
7.8	0.000801	0.002084	0.001217	-0.000725	0.001404	0.000703	-0.000494	-0.002045	4E-06	0.000806
8	0.000637	0.001657	0.000968	-0.000576	0.001116	0.000559	-0.000393	-0.001626	3E-06	0.000641
8.2	0.000506	0.001315	0.000768	-0.000457	0.000886	0.000444	-0.000312	-0.00129	2E-06	0.000508
8.4	0.0004	0.001041	0.000608	-0.000362	0.000701	0.000351	-0.000247	-0.001022	2E-06	0.000403
8.6	0.000317	0.000823	0.000481	-0.000286	0.000555	0.000278	-0.000195	-0.000808	2E-06	0.000318
8.8	0.00025	0.000649	0.000379	-0.000226	0.000438	0.000219	-0.000154	-0.000637	1E-06	0.000251
9	0.000197	0.000511	0.000299	-0.000178	0.000345	0.000173	-0.000121	-0.000502	1E-06	0.000198
9.2	0.000155	0.000402	0.000235	-0.00014	0.000271	0.000136	-9.5E-05	-0.000394	1E-06	0.000155
9.4	0.000121	0.000315	0.000184	-0.00011	0.000212	0.000106	-7.5E-05	-0.000309	1E-06	0.000122
9.6	9.5E-05	0.000246	0.000144	-8.6E-05	0.000166	8.3E-05	-5.8E-05	-0.000242	0	9.5E-05
9.8	7.4E-05	0.000192	0.000112	-6.7E-05	0.00013	6.5E-05	-4.6E-05	-0.000189	0	7.4E-05
10	5.8E-05	0.00015	8.7E-05	-5.2E-05	0.000101	5.1E-05	-3.6E-05	-0.000147	0	5.8E-05
10.5	3.2E-05	8.3E-05	4.8E-05	-2.9E-05	5.6E-05	2.8E-05	-2E-05	-8.1E-05	0	3.2E-05
11	1.6E-05	4.2E-05	2.4E-05	-1.4E-05	2.8E-05	1.4E-05	-1E-05	-4.1E-05	0	1.6E-05
