R	Re<0|V|1>	Re<0|V|2>	Re<0|V|3>	Re<0|V|4>	Re<1|V|2>	Re<1|V|3>	Re<1|V|4>	Re<2|V|3>	Re<2|V|4>	Re<3|V|4>
1.97	0.090958	-0.147773	0.060201	0.059853	-0.029796	0.107051	0.0132	0.010668	0.003325	0.000318
1.98	0.093247	-0.151492	0.061716	0.061359	-0.030546	0.109746	0.013533	0.010937	0.003407	0.000326
1.99	0.095534	-0.155207	0.063229	0.062864	-0.031295	0.112436	0.013864	0.011205	0.003489	0.000334
2	0.097812	-0.158908	0.064737	0.064363	-0.032041	0.115117	0.014195	0.011472	0.003571	0.000342
2.01	0.100075	-0.162585	0.066235	0.065852	-0.032782	0.117781	0.014524	0.011738	0.003653	0.00035
2.02	0.102317	-0.166228	0.067719	0.067328	-0.033517	0.12042	0.014849	0.012001	0.003733	0.000358
2.03	0.104533	-0.169827	0.069185	0.068785	-0.034243	0.123028	0.015171	0.012261	0.003813	0.000366
2.04	0.106714	-0.173371	0.070629	0.070221	-0.034957	0.125595	0.015487	0.012517	0.003891	0.000374
2.05	0.108855	-0.176849	0.072046	0.07163	-0.035659	0.128115	0.015798	0.012768	0.003968	0.000381
2.06	0.110948	-0.18025	0.073431	0.073007	-0.036344	0.130578	0.016102	0.013013	0.004043	0.000388
2.07	0.112987	-0.183562	0.074781	0.074349	-0.037012	0.132978	0.016398	0.013252	0.004116	0.000396
2.08	0.114964	-0.186774	0.076089	0.07565	-0.03766	0.135305	0.016684	0.013484	0.004187	0.000402
2.09	0.116873	-0.189875	0.077352	0.076906	-0.038285	0.137551	0.016961	0.013708	0.004255	0.000409
2.1	0.118706	-0.192854	0.078566	0.078112	-0.038886	0.139709	0.017228	0.013923	0.00432	0.000416
2.15	0.126513	-0.205536	0.083732	0.083249	-0.041443	0.148896	0.01836	0.014839	0.004597	0.000443
2.2	0.131546	-0.213713	0.087063	0.086561	-0.043092	0.15482	0.019091	0.015429	0.004773	0.000461
2.25	0.133373	-0.216681	0.088273	0.087763	-0.04369	0.15697	0.019356	0.015643	0.004831	0.000467
2.3	0.131977	-0.214414	0.087349	0.086845	-0.043233	0.155328	0.019154	0.01548	0.004773	0.000462
2.35	0.127771	-0.207581	0.084565	0.084077	-0.041855	0.150378	0.018543	0.014986	0.004613	0.000447
2.4	0.121497	-0.197388	0.080413	0.079948	-0.0398	0.142994	0.017633	0.01425	0.004379	0.000425
2.45	0.114057	-0.1853	0.075489	0.075053	-0.037363	0.134237	0.016553	0.013378	0.004103	0.000399
2.5	0.106336	-0.172756	0.070378	0.069972	-0.034833	0.12515	0.015432	0.012472	0.003818	0.000372
2.55	0.099075	-0.16096	0.065573	0.065194	-0.032455	0.116604	0.014379	0.011621	0.003551	0.000347
2.6	0.092811	-0.150783	0.061427	0.061072	-0.030403	0.109232	0.01347	0.010886	0.003321	0.000325
2.65	0.08787	-0.142757	0.058157	0.057821	-0.028784	0.103417	0.012753	0.010306	0.00314	0.000308
2.7	0.084404	-0.137125	0.055863	0.05554	-0.027649	0.099337	0.01225	0.0099	0.003013	0.000296
2.75	0.082427	-0.133913	0.054554	0.054239	-0.027001	0.097011	0.011963	0.009668	0.00294	0.000289
2.8	0.081868	-0.133005	0.054184	0.053871	-0.026818	0.096353	0.011882	0.009602	0.00292	0.000287
2.85	0.082601	-0.134196	0.054669	0.054354	-0.027058	0.097215	0.011988	0.009688	0.002946	0.000289
2.9	0.084472	-0.137235	0.055908	0.055585	-0.027671	0.099417	0.012259	0.009908	0.003015	0.000296
3	0.090969	-0.147791	0.060208	0.05986	-0.0298	0.107064	0.013202	0.01067	0.003252	0.000319
3.1	0.100036	-0.162522	0.066209	0.065827	-0.03277	0.117736	0.014518	0.011733	0.003584	0.00035
3.2	0.110368	-0.179307	0.073047	0.072625	-0.036154	0.129896	0.016018	0.012945	0.003963	0.000386
3.3	0.120646	-0.196005	0.07985	0.079388	-0.039521	0.141992	0.017509	0.014151	0.004339	0.000422
3.4	0.12954	-0.210454	0.085736	0.085241	-0.042434	0.152459	0.0188	0.015194	0.004666	0.000454
3.5	0.135815	-0.22065	0.089889	0.08937	-0.04449	0.159845	0.019711	0.01593	0.004898	0.000476
3.6	0.13855	-0.225092	0.091699	0.09117	-0.045386	0.163064	0.020108	0.016251	0.005001	0.000485
3.7	0.137352	-0.223146	0.090906	0.090381	-0.044994	0.161653	0.019934	0.01611	0.004961	0.000481
3.8	0.132452	-0.215186	0.087664	0.087157	-0.043389	0.155887	0.019223	0.015535	0.004787	0.000464
3.9	0.124599	-0.202427	0.082466	0.081989	-0.040816	0.146644	0.018083	0.014614	0.004505	0.000436
4	0.114802	-0.186511	0.075982	0.075543	-0.037607	0.135114	0.016661	0.013465	0.004153	0.000402
4.1	0.104067	-0.169071	0.068877	0.068479	-0.03409	0.12248	0.015103	0.012206	0.003766	0.000364
4.2	0.093212	-0.151435	0.061692	0.061336	-0.030534	0.109704	0.013528	0.010933	0.003374	0.000326
4.3	0.082803	-0.134525	0.054803	0.054487	-0.027125	0.097454	0.012017	0.009712	0.002999	0.00029
4.4	0.073172	-0.118878	0.048429	0.048149	-0.02397	0.086119	0.010619	0.008582	0.002651	0.000256
4.5	0.06447	-0.10474	0.04267	0.042423	-0.021119	0.075877	0.009356	0.007562	0.002336	0.000226
4.6	0.056728	-0.092163	0.037546	0.037329	-0.018583	0.066765	0.008233	0.006654	0.002057	0.000199
4.7	0.049907	-0.081081	0.033031	0.03284	-0.016349	0.058737	0.007243	0.005854	0.00181	0.000175
4.8	0.043933	-0.071374	0.029077	0.028909	-0.014391	0.051706	0.006376	0.005153	0.001594	0.000154
4.9	0.038715	-0.062897	0.025623	0.025475	-0.012682	0.045565	0.005619	0.004541	0.001405	0.000136
5	0.034163	-0.055502	0.022611	0.02248	-0.011191	0.040207	0.004958	0.004007	0.001241	0.00012
5.1	0.030191	-0.04905	0.019982	0.019867	-0.00989	0.035533	0.004382	0.003541	0.001097	0.000106
5.2	0.026723	-0.043414	0.017686	0.017584	-0.008754	0.031451	0.003878	0.003134	0.000971	9.4E-05
5.3	0.023689	-0.038485	0.015678	0.015588	-0.00776	0.02788	0.003438	0.002778	0.000862	8.3E-05
5.4	0.02103	-0.034166	0.013919	0.013838	-0.006889	0.024751	0.003052	0.002467	0.000765	7.4E-05
5.5	0.018695	-0.030372	0.012373	0.012302	-0.006124	0.022002	0.002713	0.002193	0.000681	6.5E-05
5.6	0.01664	-0.027034	0.011013	0.01095	-0.005451	0.019584	0.002415	0.001952	0.000606	5.8E-05
5.7	0.014828	-0.024089	0.009814	0.009757	-0.004857	0.017451	0.002152	0.001739	0.00054	5.2E-05
5.8	0.013226	-0.021487	0.008754	0.008703	-0.004333	0.015566	0.001919	0.001551	0.000482	4.6E-05
5.9	0.011808	-0.019183	0.007815	0.00777	-0.003868	0.013897	0.001714	0.001385	0.000431	4.1E-05
6	0.010549	-0.017139	0.006982	0.006942	-0.003456	0.012416	0.001531	0.001237	0.000385	3.7E-05
6.2	0.008435	-0.013705	0.005583	0.005551	-0.002763	0.009928	0.001224	0.000989	0.000308	3E-05
6.4	0.006756	-0.010976	0.004472	0.004446	-0.002213	0.007951	0.00098	0.000792	0.000247	2.4E-05
6.6	0.005415	-0.008798	0.003584	0.003563	-0.001774	0.006373	0.000786	0.000635	0.000198	1.9E-05
6.8	0.004341	-0.007053	0.002873	0.002857	-0.001422	0.005109	0.00063	0.000509	0.000159	1.5E-05
7	0.003478	-0.005651	0.002302	0.002289	-0.001139	0.004093	0.000505	0.000408	0.000127	1.2E-05
7.2	0.002784	-0.004523	0.001842	0.001832	-0.000912	0.003276	0.000404	0.000327	0.000102	1E-05
7.4	0.002225	-0.003615	0.001473	0.001464	-0.000729	0.002619	0.000323	0.000261	8.2E-05	8E-06
7.6	0.001776	-0.002885	0.001175	0.001168	-0.000582	0.00209	0.000258	0.000208	6.5E-05	6E-06
7.8	0.001414	-0.002298	0.000936	0.000931	-0.000463	0.001665	0.000205	0.000166	5.2E-05	5E-06
8	0.001124	-0.001827	0.000744	0.00074	-0.000368	0.001323	0.000163	0.000132	4.1E-05	4E-06
8.2	0.000892	-0.00145	0.000591	0.000587	-0.000292	0.00105	0.000129	0.000105	3.3E-05	3E-06
8.4	0.000707	-0.001148	0.000468	0.000465	-0.000232	0.000832	0.000103	8.3E-05	2.6E-05	2E-06
8.6	0.000559	-0.000908	0.00037	0.000368	-0.000183	0.000658	8.1E-05	6.6E-05	2.1E-05	2E-06
8.8	0.000441	-0.000716	0.000292	0.00029	-0.000144	0.000519	6.4E-05	5.2E-05	1.6E-05	2E-06
9	0.000347	-0.000564	0.00023	0.000228	-0.000114	0.000409	5E-05	4.1E-05	1.3E-05	1E-06
9.2	0.000273	-0.000443	0.000181	0.000179	-8.9E-05	0.000321	4E-05	3.2E-05	1E-05	1E-06
9.4	0.000214	-0.000347	0.000142	0.000141	-7E-05	0.000252	3.1E-05	2.5E-05	8E-06	1E-06
9.6	0.000167	-0.000272	0.000111	0.00011	-5.5E-05	0.000197	2.4E-05	2E-05	6E-06	1E-06
9.8	0.000131	-0.000212	8.6E-05	8.6E-05	-4.3E-05	0.000154	1.9E-05	1.5E-05	5E-06	0
10	0.000102	-0.000165	6.7E-05	6.7E-05	-3.3E-05	0.00012	1.5E-05	1.2E-05	4E-06	0
10.5	5.6E-05	-9.1E-05	3.7E-05	3.7E-05	-1.8E-05	6.6E-05	8E-06	7E-06	2E-06	0
11	2.8E-05	-4.6E-05	1.9E-05	1.9E-05	-9E-06	3.3E-05	4E-06	3E-06	1E-06	0
