R	Re<0|V|1>	Re<0|V|2>	Re<0|V|3>	Re<0|V|4>	Re<1|V|2>	Re<1|V|3>	Re<1|V|4>	Re<2|V|3>	Re<2|V|4>	Re<3|V|4>
1.97	0.037087	-0.029823	0.031218	0.001855	-0.087341	-0.080423	-0.176723	0.13819	0.146477	-0.144734
1.98	0.03802	-0.030573	0.032003	0.001901	-0.089539	-0.082447	-0.18117	0.141668	0.150163	-0.148377
1.99	0.038952	-0.031323	0.032788	0.001948	-0.091735	-0.084469	-0.185612	0.145142	0.153845	-0.152015
2	0.039881	-0.03207	0.03357	0.001994	-0.093922	-0.086483	-0.190038	0.148602	0.157513	-0.155639
2.01	0.040804	-0.032812	0.034346	0.00204	-0.096095	-0.088484	-0.194435	0.152041	0.161158	-0.159241
2.02	0.041718	-0.033547	0.035116	0.002086	-0.098249	-0.090467	-0.198793	0.155448	0.164769	-0.162809
2.03	0.042621	-0.034273	0.035876	0.002131	-0.100376	-0.092425	-0.203097	0.158814	0.168337	-0.166334
2.04	0.043511	-0.034989	0.036625	0.002176	-0.102471	-0.094354	-0.207335	0.162128	0.17185	-0.169806
2.05	0.044384	-0.035691	0.03736	0.002219	-0.104526	-0.096247	-0.211495	0.165381	0.175297	-0.173212
2.06	0.045237	-0.036377	0.038078	0.002262	-0.106536	-0.098098	-0.215562	0.168561	0.178668	-0.176543
2.07	0.046068	-0.037045	0.038778	0.002304	-0.108494	-0.0999	-0.219523	0.171658	0.181952	-0.179787
2.08	0.046875	-0.037694	0.039457	0.002344	-0.110393	-0.101649	-0.223364	0.174662	0.185136	-0.182933
2.09	0.047653	-0.038319	0.040112	0.002383	-0.112225	-0.103336	-0.227073	0.177562	0.188209	-0.18597
2.1	0.0484	-0.038921	0.040741	0.00242	-0.113986	-0.104957	-0.230634	0.180347	0.191161	-0.188887
2.15	0.051583	-0.04148	0.04342	0.002579	-0.121482	-0.111859	-0.245801	0.192207	0.203733	-0.201309
2.2	0.053635	-0.04313	0.045147	0.002682	-0.126315	-0.116309	-0.25558	0.199854	0.211838	-0.209318
2.25	0.05438	-0.043729	0.045775	0.002719	-0.128069	-0.117925	-0.25913	0.20263	0.21478	-0.212225
2.3	0.053811	-0.043272	0.045296	0.002691	-0.126729	-0.116691	-0.256418	0.200509	0.212532	-0.210004
2.35	0.052096	-0.041893	0.043852	0.002605	-0.12269	-0.112972	-0.248246	0.194119	0.205759	-0.203312
2.4	0.049538	-0.039836	0.041699	0.002477	-0.116666	-0.107425	-0.236057	0.184587	0.195656	-0.193328
2.45	0.046505	-0.037396	0.039145	0.002325	-0.109521	-0.100846	-0.221601	0.173284	0.183674	-0.181489
2.5	0.043356	-0.034865	0.036495	0.002168	-0.102107	-0.094019	-0.2066	0.161553	0.17124	-0.169203
2.55	0.040396	-0.032484	0.034003	0.00202	-0.095135	-0.0876	-0.192492	0.150522	0.159547	-0.15765
2.6	0.037842	-0.03043	0.031853	0.001892	-0.08912	-0.082061	-0.180322	0.141005	0.14946	-0.147682
2.65	0.035828	-0.02881	0.030158	0.001792	-0.084376	-0.077693	-0.170723	0.133499	0.141504	-0.139821
2.7	0.034414	-0.027674	0.028968	0.001721	-0.081047	-0.074628	-0.163988	0.128232	0.135921	-0.134304
2.75	0.033608	-0.027026	0.02829	0.001681	-0.079149	-0.07288	-0.160147	0.125229	0.132738	-0.131159
2.8	0.03338	-0.026842	0.028098	0.001669	-0.078612	-0.072386	-0.159061	0.12438	0.131838	-0.13027
2.85	0.033679	-0.027083	0.028349	0.001684	-0.079316	-0.073034	-0.160485	0.125493	0.133018	-0.131436
2.9	0.034442	-0.027696	0.028991	0.001722	-0.081113	-0.074688	-0.16412	0.128336	0.136031	-0.134413
3	0.037091	-0.029826	0.031221	0.001855	-0.087352	-0.080433	-0.176744	0.138207	0.146494	-0.144752
3.1	0.040788	-0.032799	0.034333	0.00204	-0.096058	-0.08845	-0.194361	0.151983	0.161096	-0.15918
3.2	0.045001	-0.036187	0.037879	0.00225	-0.105979	-0.097585	-0.214434	0.167679	0.177734	-0.17562
3.3	0.049191	-0.039557	0.041407	0.00246	-0.115849	-0.106672	-0.234403	0.183294	0.194285	-0.191974
3.4	0.052817	-0.042472	0.044459	0.002641	-0.124388	-0.114536	-0.251682	0.196806	0.208607	-0.206126
3.5	0.055376	-0.04453	0.046613	0.002769	-0.130415	-0.120085	-0.263875	0.206341	0.218713	-0.216112
3.6	0.056491	-0.045427	0.047551	0.002825	-0.13304	-0.122503	-0.269189	0.210495	0.223117	-0.220463
3.7	0.056003	-0.045034	0.04714	0.0028	-0.13189	-0.121443	-0.266861	0.208675	0.221188	-0.218557
3.8	0.054005	-0.043427	0.045459	0.002701	-0.127185	-0.117111	-0.257341	0.201231	0.213298	-0.21076
3.9	0.050803	-0.040853	0.042763	0.00254	-0.119644	-0.110167	-0.242083	0.1893	0.200651	-0.198264
4	0.046809	-0.037641	0.039401	0.002341	-0.110237	-0.101505	-0.223049	0.174416	0.184875	-0.182675
4.1	0.042432	-0.034121	0.035717	0.002122	-0.099929	-0.092014	-0.202192	0.158107	0.167587	-0.165594
4.2	0.038006	-0.030562	0.031991	0.0019	-0.089505	-0.082416	-0.181102	0.141615	0.150106	-0.148321
4.3	0.033762	-0.027149	0.028419	0.001688	-0.079511	-0.073213	-0.160879	0.125801	0.133344	-0.131758
4.4	0.029835	-0.023991	0.025113	0.001492	-0.070263	-0.064697	-0.142167	0.111169	0.117835	-0.116433
4.5	0.026287	-0.021138	0.022127	0.001314	-0.061907	-0.057003	-0.125259	0.097948	0.103821	-0.102586
4.6	0.02313	-0.0186	0.01947	0.001157	-0.054473	-0.050158	-0.110218	0.086186	0.091354	-0.090267
4.7	0.020349	-0.016363	0.017129	0.001018	-0.047923	-0.044127	-0.096965	0.075823	0.080369	-0.079413
4.8	0.017913	-0.014404	0.015078	0.000896	-0.042186	-0.038844	-0.085357	0.066746	0.070748	-0.069906
4.9	0.015785	-0.012693	0.013287	0.000789	-0.037175	-0.034231	-0.075219	0.058818	0.062345	-0.061604
5	0.013929	-0.011201	0.011725	0.000697	-0.032804	-0.030206	-0.066375	0.051903	0.055015	-0.05436
5.1	0.01231	-0.009899	0.010362	0.000616	-0.028991	-0.026694	-0.058659	0.045869	0.048619	-0.048041
5.2	0.010896	-0.008762	0.009171	0.000545	-0.02566	-0.023628	-0.051919	0.040599	0.043033	-0.042522
5.3	0.009659	-0.007767	0.00813	0.000483	-0.022747	-0.020945	-0.046025	0.03599	0.038148	-0.037694
5.4	0.008575	-0.006895	0.007218	0.000429	-0.020194	-0.018594	-0.040859	0.03195	0.033866	-0.033463
5.5	0.007622	-0.00613	0.006416	0.000381	-0.017951	-0.01653	-0.036322	0.028403	0.030106	-0.029748
5.6	0.006785	-0.005456	0.005711	0.000339	-0.015978	-0.014713	-0.03233	0.025281	0.026797	-0.026478
5.7	0.006046	-0.004862	0.005089	0.000302	-0.014238	-0.01311	-0.028809	0.022527	0.023878	-0.023594
5.8	0.005393	-0.004336	0.004539	0.00027	-0.0127	-0.011694	-0.025697	0.020094	0.021299	-0.021045
5.9	0.004814	-0.003871	0.004052	0.000241	-0.011338	-0.01044	-0.022941	0.017939	0.019015	-0.018789
6	0.004301	-0.003459	0.003621	0.000215	-0.01013	-0.009327	-0.020496	0.016027	0.016988	-0.016786
6.2	0.003439	-0.002766	0.002895	0.000172	-0.0081	-0.007458	-0.016389	0.012816	0.013584	-0.013423
6.4	0.002755	-0.002215	0.002319	0.000138	-0.006487	-0.005974	-0.013126	0.010264	0.01088	-0.01075
6.6	0.002208	-0.001776	0.001859	0.00011	-0.0052	-0.004788	-0.010521	0.008227	0.008721	-0.008617
6.8	0.00177	-0.001423	0.00149	8.9E-05	-0.004168	-0.003838	-0.008434	0.006595	0.006991	-0.006908
7	0.001418	-0.00114	0.001194	7.1E-05	-0.00334	-0.003075	-0.006757	0.005284	0.005601	-0.005534
7.2	0.001135	-0.000913	0.000955	5.7E-05	-0.002673	-0.002461	-0.005409	0.004229	0.004483	-0.00443
7.4	0.000907	-0.00073	0.000764	4.5E-05	-0.002137	-0.001967	-0.004323	0.003381	0.003583	-0.003541
7.6	0.000724	-0.000582	0.000609	3.6E-05	-0.001705	-0.00157	-0.00345	0.002698	0.002859	-0.002825
7.8	0.000577	-0.000464	0.000485	2.9E-05	-0.001358	-0.001251	-0.002748	0.002149	0.002278	-0.002251
8	0.000458	-0.000369	0.000386	2.3E-05	-0.00108	-0.000994	-0.002185	0.001708	0.001811	-0.001789
8.2	0.000364	-0.000293	0.000306	1.8E-05	-0.000857	-0.000789	-0.001734	0.001356	0.001437	-0.00142
8.4	0.000288	-0.000232	0.000243	1.4E-05	-0.000679	-0.000625	-0.001373	0.001074	0.001138	-0.001125
8.6	0.000228	-0.000183	0.000192	1.1E-05	-0.000536	-0.000494	-0.001085	0.000849	0.0009	-0.000889
8.8	0.00018	-0.000145	0.000151	9E-06	-0.000423	-0.00039	-0.000856	0.00067	0.00071	-0.000701
9	0.000142	-0.000114	0.000119	7E-06	-0.000333	-0.000307	-0.000674	0.000527	0.000559	-0.000552
9.2	0.000111	-8.9E-05	9.4E-05	6E-06	-0.000262	-0.000241	-0.00053	0.000414	0.000439	-0.000434
9.4	8.7E-05	-7E-05	7.3E-05	4E-06	-0.000205	-0.000189	-0.000415	0.000325	0.000344	-0.00034
9.6	6.8E-05	-5.5E-05	5.7E-05	3E-06	-0.000161	-0.000148	-0.000325	0.000254	0.000269	-0.000266
9.8	5.3E-05	-4.3E-05	4.5E-05	3E-06	-0.000125	-0.000115	-0.000254	0.000198	0.00021	-0.000208
10	4.1E-05	-3.3E-05	3.5E-05	2E-06	-9.8E-05	-9E-05	-0.000198	0.000154	0.000164	-0.000162
10.5	2.3E-05	-1.8E-05	1.9E-05	1E-06	-5.4E-05	-5E-05	-0.000109	8.5E-05	9E-05	-8.9E-05
11	1.2E-05	-9E-06	1E-05	1E-06	-2.7E-05	-2.5E-05	-5.5E-05	4.3E-05	4.6E-05	-4.5E-05
